     0
     0
  -780
  -660
   -59
    66
  -601
  -876
  -651
 -1298
 -1394
 -1676
  -776
 -1529
 -2751
 -1721
  -482
   677
   210
   199
  -233
  1045
  2099
  1713
  1409
  1174
  2007
  3477
  1495
  1254
   489
  1568
   580
   574
 -1287
  -655
  -168
  -108
  -912
  -560
   -15
  -769
  -687
 -1913
  -288
   249
   865
   577
   459
  1364
  1401
  2112
   103
   694
 -1020
  -267
 -1833
  -199
  -667
 -1132
 -2476
 -1988
 -2072
 -1430
 -1337
  -627
 -1220
 -1406
  -526
   682
    60
  -807
  -648
  -784
  -881
  -737
  -948
 -1977
 -2028
 -2387
 -2275
 -2246
 -2137
 -1251
 -1088
    -7
  -697
  -163
   893
   895
    77
    -5
  1071
   750
   963
  1928
   890
   424
   585
  1051
  1233
   398
  1174
   234
   282
  -468
   244
   274
   366
  -386
 -1272
  -546
   203
   200
  -494
  -350
   117
   119
  1023
   183
   880
   307
   999
  -310
  -338
  -472
    35
    51
  -731
   121
  -119
   737
  -269
  -303
  -367
  -451
   -75
  -822
    38
   366
    37
  -668
    75
   -96
  -778
  -633
   105
   796
   285
  1015
   771
  1683
  1797
  1683
  1571
  1525
  1774
   151
   267
   853
  1300
   386
   295
   606
  1624
   247
  -436
    22
   419
   622
   108
   745
   920
  1101
   722
  1033
   299
   292
  -576
    89
  -835
  -160
   555
   300
    50
  -337
    60
  -103
   716
   180
   111
  -235
    37
   193
   981
   231
   901
   -79
   610
  1365
  1046
  1367
  1097
  1443
  1442
  2094
   795
   409
   373
  1099
   742
   383
  -175
   185
  -445
  -243
  -602
   113
  -212
  -476
  -174
   110
  -765
    27
  -308
   236
   -20
   554
   559
  1007
   484
   794
    75
   751
   -78
   281
   435
   584
  1504
   548
   115
  -500
   -41
  -356
  -299
  -524
  -956
  -477
   498
   929
   -71
  -272
  -458
   -90
    16
  -305
  -485
  -672
   -37
  -279
  -706
   -91
  -588
  -268
  -845
  -334
    36
  -474
    97
  -310
   649
   254
   -30
    36
   597
   648
     0
  -437
  -226
  -391
  -448
  -417
  -272
  -778
  -672
  -268
  -319
  -264
  -309
  -617
  -150
   455
  -403
  -183
   -55
  -662
  -356
  -289
  -545
  -547
  -208
   340
  -252
   432
  -792
  -113
  -570
  -267
  -553
  -544
  -846
  -454
  -343
  -874
  -193
  -119
    33
  -711
    80
  -264
    36
  -497
   261
  -489
   395
  -393
   247
  -282
   656
  -128
    76
   -41
   -47
   366
   136
  -450
   107
  -423
  -127
   -61
  -122
  -362
  -176
   263
   419
   167
   198
   179
   240
    22
   399
    34
   -24
   -65
    46
  -268
   295
  -133
   163
  -661
   186
    -2
    49
    20
    40
    31
   -20
   269
   297
  -280
  -163
  -543
   -73
   -29
  -407
   125
   -49
   220
   -80
   117
     9
  -125
   251
   121
   232
    46
  -251
   135
   -67
   235
  -417
   132
  -114
   -26
    98
    14
   107
   150
    66
   224
   121
    67
   119
   176
   -31
  -230
  -144
   -24
   -55
   275
   -51
  -157
  -166
   194
  -295
   144
   -23
     0
  -436
   109
  -206
  -236
    71
   231
  -289
   221
   -83
    73
   158
    28
   270
    31
   110
   -34
   125
   215
  -497
    84
  -259
   334
  -177
    87
    -8
   261
   252
   122
   -11
  -152
   256
   -56
    19
    63
   178
    57
  -198
   189
  -194
   317
   -49
    38
   -11
   -77
   -48
    99
   109
   249
   -88
   -54
  -161
    86
   111
  -121
   251
  -101
   143
  -306
   519
  -297
   295
  -275
   447
    11
   -85
   210
   -91
   234
    95
   188
  -139
    51
  -132
   -27
   187
   -91
   182
   -15
    71
   106
    -1
   -13
   229
  -169
   263
    52
  -182
    41
   -12
  -193
  -278
    76
   -27
   133
   111
    42
    74
    67
  -183
  -160
    60
  -116
   -54
  -123
  -199
   136
   -96
   -21
  -138
   -17
  -191
    49
   135
   -87
  -209
   -75
   -32
  -139
   -14
    42
   -82
   -74
   114
   137
   -19
  -143
    54
  -302
   109
   -96
   228
   146
  -118
   352
    28
   129
   310
  -211
    20
   237
   159
    70
    -7
   358
    66
   187
  -166
     4
    32
   -33
   430
   -88
    45
    75
    34
   159
  -144
   111
  -106
   -41
  -193
   260
  -122
   230
  -227
     7
   127
    73
    66
  -160
   161
    66
    29
   -13
  -384
   119
   102
    46
   199
  -107
   249
  -186
   -16
  -220
  -177
   212
  -127
  -114
   109
   -70
    28
     3
    -3
   -13
    60
  -147
  -330
    15
   257
  -235
   172
   197
  -438
    75
    96
   -69
  -245
   -32
  -191
   -27
    96
   -58
  -103
   -92
   162
    78
   162
    -6
     9
   -63
    67
   307
   -46
    32
   -39
   -80
   123
   123
   -78
    29
   -42
   -21
    88
  -184
    73
   -21
   126
    73
  -118
   -63
   201
   -87
  -100
    65
  -301
   295
    35
   167
  -436
   -47
    23
  -107
   119
  -225
    85
  -163
  -131
    82
   -30
    -6
   131
   -87
    98
   216
  -143
   200
    14
   197
  -228
   151
    90
  -247
   -57
    85
   -54
    93
   -24
  -130
   -25
   260
  -119
    97
    88
   109
  -117
   302
   147
  -369
    56
  -442
    42
  -120
   -77
   146
     6
  -196
   106
   -62
   -12
  -177
  -138
   276
   -72
   -77
   170
  -148
  -116
    69
    54
    -9
   175
   135
   195
   148
   184
  -187
   206
   284
   -18
  -226
   -17
    58
    14
    34
   -62
   -97
    53
   -67
   -63
     8
   165
    95
   -25
     8
   147
  -204
     3
  -427
   117
   248
  -193
   112
    81
    -7
   136
    -9
   -63
  -182
   100
   379
  -149
   -22
   -87
  -102
  -162
  -164
  -207
   -67
   257
    -3
   -51
   199
   -11
     3
   -32
  -147
   228
   -35
   207
   315
  -162
    29
   200
    45
    -8
   164
   -55
   156
   -73
   257
  -166
    30
  -204
   162
  -122
    98
  -110
   347
  -208
   179
     8
    30
   -64
  -121
    26
  -201
   242
  -115
    40
  -154
   -22
    53
   208
    60
   -18
   269
  -183
  -156
   -68
   -34
   -21
  -172
  -140
   219
  -137
   -49
   145
  -387
   -52
   160
  -243
   -15
  -191
   293
  -320
   275
  -200
   187
   -93
  -199
   -92
    70
   144
   -72
    27
   308
   -89
   -21
  -135
    79
   -20
  -102
   119
  -137
  -167
   416
   -65
    16
    40
   -10
    -3
  -147
    26
  -207
   -52
    72
  -270
    59
   156
   -20
    87
   173
   120
    93
  -171
   116
  -227
    12
   -60
   -56
  -104
   -84
  -169
   323
  -179
   153
   -85
    31
  -206
    68
   158
  -295
   -14
    21
   140
  -216
   437
  -373
    69
   164
    42
  -174
   -40
   141
   115
  -308
   200
  -147
  -104
  -145
    53
   280
   145
    -1
   128
  -119
   156
  -158
  -105
   -82
   194
   -36
    27
   117
    40
   138
  -100
  -189
    -6
    68
  -108
   -35
    97
  -151
    48
   -13
   140
    80
   -31
   277
   -81
    13
  -244
  -149
  -124
   -25
    55
    21
   203
   -23
    52
   -42
   111
   -59
   -16
   173
    -1
    19
  -271
   294
  -328
   163
   101
   139
  -227
   -50
   265
    68
  -211
   272
    23
    -8
  -111
   120
   -98
    64
   167
    96
    91
   -32
    84
   207
  -177
   -52
   177
   132
   -98
   114
  -203
   263
  -282
   159
   -91
  -262
   259
   -34
    58
  -116
    84
  -218
   202
    -5
   176
   -88
    84
   156
   -29
   -56
    46
  -159
   -29
   -69
   115
   -26
  -163
   346
  -422
    85
   -93
  -130
   120
   213
   114
  -244
   230
   165
    97
   -54
    62
   -13
   -46
   401
  -215
   -52
   140
  -117
    60
   -27
  -192
  -142
   -83
   -11
  -166
  -170
  -177
    47
  -506
    84
   173
   -22
   146
  -125
    44
   230
   169
  -307
   187
   -21
  -179
   257
  -339
    21
   166
  -129
    74
  -376
   -64
   255
  -576
   -69
     3
   225
  -167
   227
     6
    12
  -126
  -154
    92
   221
   308
  -127
   154
    51
   -26
   -83
   -38
    73
  -178
   -59
    75
   123
  -183
   -95
  -209
  -287
   276
  -209
    65
   103
   276
    47
  -153
    47
   -37
   210
   -14
   105
   216
   -96
   255
  -122
    78
   114
  -278
  -154
   153
    87
   -61
   362
  -135
  -479
   -27
   280
  -277
    94
   -48
   -44
  -143
  -156
   -43
   149
    -6
   -79
   108
  -182
   209
   124
   -61
   199
   176
  -121
    -4
   204
    37
   -18
   299
    97
   243
  -295
    81
  -242
    41
   -64
   129
  -116
   151
    30
   -46
    16
   296
   105
   -44
  -207
   -69
    64
    11
    38
  -156
   229
   -94
    49
    29
  -222
  -142
   316
    68
  -144
  -173
   184
    95
   -40
   325
  -296
   -58
    -4
  -160
  -218
    28
  -150
    70
   -67
    36
   179
   112
     0
  -109
    77
  -202
   110
   -26
   103
   161
    -8
   -52
  -282
    -1
   133
  -148
   263
  -135
     1
    92
   -29
    -4
   -78
  -204
  -163
   -70
   342
  -231
   217
    35
   -88
   -96
    33
   -60
    53
    84
    91
    47
    58
    41
   121
   193
   -90
    74
  -254
   270
   -97
   152
  -221
   -86
   -83
  -254
   159
   -79
   245
   -43
   126
    12
   242
   -18
    51
   -47
  -189
  -109
    13
   186
    55
   107
   219
    94
   173
  -210
   -22
   -78
   -36
  -106
   181
  -339
   113
    53
    44
   184
   -18
   -27
   101
   224
    66
   225
   -82
  -111
  -195
   163
    90
  -188
    74
  -255
   171
    23
   100
    70
   -64
   -95
   -35
   333
  -420
    95
   254
    33
     6
   151
   -69
  -108
   -65
   182
   154
    20
     5
  -243
  -270
     1
  -124
    98
   -70
   199
  -156
  -119
  -141
   127
  -131
   -24
    80
   -97
    16
  -133
    86
  -263
   -22
   380
   -43
    18
   253
  -351
   158
  -141
   124
  -125
  -126
    30
   -86
    24
    76
   159
  -433
   358
  -207
    98
  -325
    51
  -281
   257
   -62
  -171
   203
  -198
  -124
   121
  -386
   194
  -580
   122
   -71
    63
   194
   -91
  -111
  -104
   322
   324
    47
  -114
  -386
   125
   -63
   -48
    59
   217
   119
  -114
   -98
  -218
   197
  -149
  -207
  -139
    29
   219
  -254
    -8
   168
  -144
  -238
   -31
  -159
  -333
   104
    78
    51
  -215
    81
  -177
   -57
  -100
   -67
   -63
   109
  -126
  -152
   -48
   211
  -178
   195
  -284
    -9
   -19
  -158
   322
   -43
   147
   200
  -174
   147
   173
    63
   134
    32
  -167
   213
   -94
     7
    56
    30
  -162
   -79
  -306
   200
  -168
   -74
   273
   -73
    19
   -51
   -27
   311
  -282
   211
  -148
  -111
  -123
   -81
    65
   145
  -198
  -200
   271
   136
   -38
    47
    17
   147
  -102
   302
  -232
   -24
    16
  -212
   193
  -374
   -60
    87
   -57
  -218
    69
   -50
  -163
    77
  -295
    -6
  -263
   115
  -165
    35
   -92
   -84
   -20
   214
   -19
    68
   -34
   175
   336
   -21
  -168
   118
  -460
   424
    31
  -106
  -174
   133
   156
  -198
    42
  -219
  -112
    36
  -202
    36
   293
    55
   -66
   332
   -42
   380
   -20
    50
  -130
   123
   413
  -271
    96
  -262
   358
  -271
    43
     9
  -447
  -256
   -41
   150
  -115
  -134
   164
    32
  -327
     3
    29
    70
    89
  -135
   -83
    46
  -155
   313
  -202
   122
    27
  -218
   -43
  -112
   -69
   -94
    24
   -30
    96
   -42
   -73
   211
   -94
  -146
     8
   228
  -101
    46
    11
    33
   -31
    53
    31
    29
  -207
    71
   -95
   -54
   -66
  -296
   128
  -300
    21
  -130
   -48
  -159
   139
    94
  -181
   -11
   -18
   -16
  -293
   125
  -114
  -266
    86
    94
  -488
   197
  -195
   -57
   -95
    58
  -175
   146
   -79
   146
   327
  -312
  -139
   -81
   186
  -379
   180
   -82
   -35
  -145
  -103
   157
  -145
   116
  -235
   -14
   -30
   -32
   156
  -120
   -92
   234
   109
  -337
    55
   -18
    26
  -189
    12
  -163
   -87
   -94
  -373
    57
   230
   -82
  -323
   238
   -44
    48
  -244
   239
     9
    85
  -102
  -158
   -49
    22
   111
   154
  -146
   -45
    56
   177
  -215
   -70
  -325
    96
  -110
    80
    97
   -84
  -273
  -237
   227
   -69
     5
   -66
    -7
    61
   151
   -32
  -149
   108
    22
  -181
   147
    61
  -207
    -2
  -194
    59
   -24
   161
   -41
  -126
   305
   -38
   423
  -208
  -107
   -96
   174
   -51
   -53
   335
   117
   108
  -197
  -186
    62
   107
   -51
   -59
    28
   102
   198
   159
  -129
    18
   257
    -8
    27
   -92
   177
  -139
  -164
   235
   -39
   -59
   -28
  -266
    20
  -110
   156
    25
   218
  -205
   167
   -87
   114
   -42
   -14
   -66
  -109
    15
   236
  -385
   -83
   469
   195
   -67
   285
    89
  -405
   335
    46
  -115
    98
     9
    57
  -122
   -88
   258
  -199
   125
   136
  -231
  -141
  -413
   268
  -126
    -3
   -48
   -28
  -193
    30
     0
   113
   -31
   214
   -42
    26
  -152
   -50
   -85
   126
   -45
   103
  -188
   -24
    45
  -289
   161
  -126
   -27
    92
    25
    69
   -85
    77
  -310
   -22
  -135
   173
   111
    98
    19
  -142
   159
    36
   298
   406
  -110
    60
  -287
   250
  -239
  -201
  -200
   130
    39
    -6
    24
   -29
   -71
   115
  -216
   -77
  -162
   244
  -112
    94
   -50
    -7
   106
    89
  -143
   -20
   -75
   -99
   275
    -8
   144
  -111
  -136
  -146
    82
  -110
   -77
   149
   -64
   169
  -227
   -57
   124
  -201
   293
    67
   -28
    21
   309
  -257
   127
  -217
  -133
   -96
    -1
    22
   122
    13
    20
   -85
    88
    92
   -72
   -57
   110
   205
   -13
  -187
   282
   343
  -335
   159
   151
    22
   -60
    70
    95
    25
  -103
   150
    51
  -159
    12
  -166
  -310
    29
   -27
   -38
   158
  -211
  -340
   -51
  -258
   -46
  -102
   224
    -9
    94
  -244
   109
    24
   203
  -282
    89
  -121
  -206
    98
  -339
   136
  -208
   249
  -152
   233
    24
   230
   152
    50
    51
   191
   102
  -214
   159
    13
  -118
  -120
   300
  -337
   159
    -2
  -146
  -117
    46
    58
   -13
   200
   -50
   -47
   284
  -117
    -5
   -25
   167
    30
  -167
    43
  -209
   412
   -89
  -203
  -125
  -177
    36
   101
   -63
   157
   119
   -49
  -245
   135
   -24
  -148
  -206
   -65
   337
  -220
    17
   145
   114
  -207
   187
   -34
  -183
   110
  -255
   241
  -112
  -252
   186
    51
    78
   -29
   -17
    66
    40
