0
0
0
0
0
0
0
0
0
0
0
0
0
0
0
0
0
0
0
0
0
0
0
0
0
0
0
0
0
0
0
0
0
0
0
0
0
0
0
0
0
0
0
0
0
0
0
0
0
0
0
0
0
0
0
0
0
0
0
0
0
0
0
0
0
0
0
0
0
0
0
0
0
0
0
0
0
0
0
0
0
0
0
0
0
0
0
0
0
0
0
0
0
0
0
0
0
0
0
0
0
0
0
0
0
0
0
0
0
0
1
0
0
0
0
0
0
0
0
0
0
0
0
0
0
0
0
0
0
0
0
0
0
0
0
0
0
0
0
0
0
0
0
-1964581110
-732694441
2012180657
1666993128
2000696735
568750790
-760970683
1467734222
632363881
1206176069
528660335
114613463
-1473308032
1642697277
1538212646
1273538524
-42183010
2096172432
360728836
53115934
-1684640270
-1548940187
837248872
488332875
1664035919
1644111463
263393533
-1851706625
1167658569
1261572
1051768815
-1028445069
-372141355
-1965792766
-134625211
-977958125
-929866158
-55189531
603288401
-601969985
-1969607561
2131414293
31017094
490692772
