0
0
0
0
0
0
0
0
0
0
0
0
0
0
0
0
0
0
0
0
0
0
0
0
0
0
0
0
0
0
0
0
0
0
0
0
0
0
0
0
0
0
0
0
0
0
0
0
0
0
0
0
0
0
0
0
0
0
0
0
0
0
0
0
0
0
0
0
0
0
0
0
0
0
0
0
0
0
0
0
0
0
0
0
0
0
0
0
0
0
0
0
0
0
0
0
0
0
0
0
0
0
0
0
0
0
0
0
0
0
0
0
0
0
0
0
0
0
0
0
0
0
0
0
0
0
0
0
0
0
0
0
0
0
0
0
0
0
0
0
0
0
0
0
0
0
0
0
0
0
1
0
0
0
0
0
0
0
0
0
0
0
0
0
0
-742797590
-705435971
-721012872
685491614
2117937635
1193077780
-1888516372
1783085724
-1150399633
-1373026372
-1020359801
-501088327
-570489276
1683055109
-1788186887
98608462
732944875
-66174677
-563288011
-348608987
1655413346
-1203329932
2118118987
1437616498
-1300256420
-1940704986
941684611
1768528181
-1447903645
-1565806732
1676397260
-870914387
-147046619
-1873848951
-958472341
1766546895
-983685084
1262102192
-279229181
-1013339527
-509376985
-1300669274
-2122166593
-1204638656
-603620272
-156178773
-53325903
-554287883
-981934118
2049176742
-1524265271
1026032139
1013341629
-812477410
1672761014
-717597739
63911054
1467898984
-1493396376
-1168035838
