0
0
0
0
0
0
0
0
0
0
0
0
0
0
0
0
0
0
0
0
0
0
0
0
0
0
0
0
0
0
0
0
0
0
0
0
0
0
0
0
0
0
0
0
0
0
0
0
0
0
0
0
0
0
0
0
0
0
0
0
0
0
0
0
0
0
0
0
0
0
0
0
0
0
0
0
0
0
0
0
0
0
0
0
0
0
0
0
0
0
0
0
0
0
0
0
0
0
0
0
0
0
0
0
0
0
0
0
0
0
0
0
0
0
0
0
0
0
0
0
0
0
0
0
0
0
0
0
0
0
0
0
0
0
0
0
0
0
0
0
0
0
0
0
0
0
0
0
0
0
0
0
0
0
0
0
0
0
0
0
0
0
0
0
0
0
0
0
0
0
0
0
0
0
0
0
0
0
0
0
0
0
0
0
0
0
0
0
0
0
0
0
0
0
0
0
0
0
0
0
0
0
0
0
0
0
0
0
0
0
0
0
0
0
0
0
0
0
0
0
0
0
0
0
0
0
0
0
0
0
0
0
0
0
0
0
0
0
0
0
0
0
0
0
0
0
0
0
0
0
0
0
0
0
0
0
0
0
0
0
0
0
0
0
0
0
0
0
0
0
0
0
0
0
0
0
0
0
0
0
0
0
0
0
0
0
0
0
0
0
0
0
0
0
0
0
0
0
0
0
0
0
0
0
0
0
0
0
0
0
0
0
0
0
0
0
0
0
0
0
0
0
0
0
0
0
0
0
0
0
0
0
0
0
0
0
0
0
0
0
0
0
0
0
0
0
0
0
0
0
0
0
0
0
0
0
0
0
0
0
0
0
0
0
0
0
0
0
0
0
0
0
0
0
0
0
0
0
0
0
0
0
0
0
0
0
0
0
0
0
0
0
0
0
0
0
0
0
0
0
0
0
0
0
0
0
0
0
0
0
0
0
0
0
0
0
0
0
0
0
0
0
0
0
0
0
0
0
0
0
0
0
0
0
0
0
0
0
0
0
0
0
0
0
0
0
0
0
0
0
0
0
0
0
0
0
0
0
0
0
0
0
0
0
0
0
0
0
0
0
0
0
0
0
0
0
0
0
0
0
0
0
0
0
0
0
0
0
0
0
0
0
0
0
0
0
0
0
0
0
0
0
0
0
0
0
0
0
0
0
0
0
0
0
0
0
0
0
0
0
0
0
0
0
0
0
0
0
0
0
0
0
0
0
0
0
0
0
0
0
0
0
0
0
0
0
0
0
0
0
0
0
0
0
0
0
0
0
0
0
0
0
0
0
0
0
0
0
0
0
0
0
0
0
0
0
0
0
0
0
0
0
0
0
0
0
0
0
0
0
0
0
0
0
0
0
0
0
0
0
0
0
0
0
0
0
0
0
0
0
0
0
0
0
0
0
0
0
0
0
0
0
0
0
0
0
0
0
0
0
0
0
0
0
0
0
0
0
0
0
0
0
0
0
0
0
0
0
0
0
0
0
0
0
0
0
0
0
0
0
0
0
0
0
0
0
0
0
0
0
0
0
0
0
0
0
0
0
0
0
0
0
0
0
0
0
0
0
0
0
0
0
0
0
0
0
0
0
0
0
0
0
0
0
0
0
0
0
0
0
0
0
0
0
0
0
0
0
0
0
0
0
0
0
0
0
0
0
0
0
0
0
0
0
0
0
0
0
0
0
0
0
0
0
0
0
0
0
0
0
0
0
0
0
0
0
0
0
0
0
0
0
0
0
0
0
0
0
0
0
0
0
0
0
0
0
0
0
0
0
0
0
0
0
0
0
0
0
0
0
0
0
0
0
0
0
0
0
0
0
0
0
0
0
0
0
0
0
0
0
0
0
0
0
0
0
0
0
0
0
0
0
0
0
0
0
0
0
0
0
0
0
0
0
0
0
0
0
0
0
0
0
0
0
0
0
0
0
0
0
0
0
0
0
0
0
0
0
0
0
0
0
0
0
0
0
0
0
0
0
0
0
0
0
0
0
0
0
0
0
0
0
0
0
0
0
0
0
0
0
0
0
0
0
0
0
0
0
0
0
0
0
0
0
0
0
0
0
0
0
0
0
0
0
0
0
0
0
0
0
0
0
0
0
0
0
0
0
0
0
0
0
0
0
0
0
0
0
0
0
0
0
0
0
0
0
0
0
0
0
0
0
0
0
0
0
0
0
0
0
1
0
0
0
0
0
0
0
0
0
0
0
0
0
0
0
0
0
0
0
0
0
0
0
0
0
0
0
0
0
0
0
0
0
0
0
0
0
0
0
0
0
0
0
0
0
0
0
0
0
0
0
0
0
0
0
0
0
0
0
0
0
0
0
0
0
0
0
0
0
0
0
0
0
0
0
0
0
0
0
0
0
0
0
0
0
0
0
0
0
0
0
0
0
0
0
1974489207
-1710272792
1779254752
-1165943660
-1365315337
-815742740
-1538616723
-1643654020
650504414
-418324468
-681147329
-1004373677
-704091817
-293496083
1409741089
-2059748368
2005728081
145059426
1110435178
-218201347
-551886893
1192295145
155618253
-827963119
1804796412
-2030393200
-1588025643
-637892275
677803348
-69575704
1537906967
-706069844
-903051027
-711247440
-1362232155
1237605645
1421501792
2089909415
415419690
-1100573050
-480362668
832985312
937762811
1894965051
-1105193428
2104225956
-777426035
-1596048274
-1591081447
-1123329670
-1670815463
-2056613923
-575002702
1212067664
1203983620
-1495436638
-968884035
533281527
1833842351
-804904699
-1450736592
-803232605
-911992545
216299716
2064884743
942815563
1543851166
864224262
688549997
814432321
-787085940
1146492547
-1974155107
-1556914899
-344418713
-2018379075
-1043096755
-2129787187
1933981279
-1372967936
-305350703
631245491
-1817682777
1642833480
-51302921
645013749
1947510217
-1486601995
-1935720847
1065456144
1223511682
600382012
-968762452
175172338
227032021
-531753639
1274002002
1919598726
-1747021188
1763731329
1722544627
1659405876
-1134108726
930493060
-756405016
63926189
-958672010
776286808
-1170708187
-241866805
-1561229801
-1854768875
-1557116793
1147147282
-1371843646
1200438410
1662120656
-447747743
1388593749
1718006307
1722450778
-1519824863
941358040
51968539
-93844576
-976365313
249189802
-28369254
-1816321035
624394617
-1193579982
232791599
-2143942042
317196303
-692699162
-1794176885
-924756831
-612478441
-1859124318
-184406952
-1964101749
-2140938830
-877801712
-549236285
-2136854249
-1362868039
-890830058
-598013744
-133646676
-146742342
-1051054300
-1462172555
-16918602
2077382546
-1589212644
1130072005
511108351
-980788983
170654349
-2040012130
-1725269726
942108123
638824506
-249168495
-1007019534
-1515404994
-786216334
-766445818
-1195415553
-663746846
1950126841
1626263337
1449058164
-2041613689
-1851013857
1856054453
994191678
67221977
556164779
1201734010
698087934
1001531832
2124197928
79148627
253199334
-564475233
-576748133
197577049
-1143638163
-2087807601
-379781389
-1146032138
785945118
1873131677
2004189277
1219894443
1078182055
75360930
-97819857
-1634427871
1544277778
1967181977
-1397805624
-1241431870
-234968913
836923659
1250581633
726179756
977414410
-1555449218
-2123711772
204168308
-273908653
1028986271
852511177
-1018722765
-1416097742
-1607660789
157268682
-1079966525
-1592454293
2123823290
-606374162
-149220329
-1885698292
1127863192
-704301226
-1426796279
-409411785
-83427461
1709846194
-442837475
1167077995
-549900035
2052833348
23062489
-1702102150
-174365865
-1248409068
669954322
-1826199283
-1576412000
-715424831
579243998
276119220
-1335934505
-1208500107
55931360
-796769133
1379908655
335951332
679526551
-1238284023
-931910483
786675406
-642818536
2058727506
-205033137
-1675792063
1227272595
-184969857
-711476836
1448710490
298632005
-1919387117
479062708
1350334230
1671522863
-397440997
908923720
-200506968
-260012261
1174757804
36434510
-535403017
1396658831
-1530167076
818579524
-1575741501
460765199
763046292
-1986674926
278414099
-527645947
282061043
-733275313
1707102935
-1093723081
-1876842998
-506559495
900663959
1773179950
-1876933722
1063523192
-476991712
-1904492061
-1103966637
1923088273
1173470697
-1693667808
56377111
952011771
-1051379881
476287094
-1178088711
676728351
1047491927
-786261351
-597769354
1083507709
124032225
1011406470
839518079
1702770324
-975081751
-54783468
1216414404
-2066419784
-1844830392
1853086707
-322420538
598424928
1082204031
576163568
-1312716218
1623476024
-469177237
-1977520172
-9463997
205304416
-981319348
-841426413
399462509
1361778269
-347545672
548764301
2020121880
-1842707970
-1489967609
326999526
33080953
-2046751161
-2002338921
1387367375
1507354070
1439991016
2125694258
-149556107
184477555
2057245533
-337104723
258960439
113612958
1540755475
-328135764
1384183908
1204570536
1031065317
349433143
-123753438
-2086568457
-539130675
2115693992
-1804774358
168832103
1346518465
174960278
1653355609
724897918
-863510404
1801139460
-262286618
-1078097466
1238712876
-1722396712
706663999
-1192096278
557861984
438735428
-655233056
-261216570
-1572130531
-1437607292
1504434897
