 1367
 1688
 1967
 2197
 2373
 2492
 2548
 2542
 2473
 2342
 2155
 1915
 1627
 1299
  940
  557
  160
 -240
 -635
-1014
-1367
-1688
-1967
-2197
-2373
-2492
-2548
-2542
-2473
-2342
-2155
-1915
-1627
-1299
 -940
 -557
 -160
  240
  635
 1014
 1367
 1688
 1967
 2197
 2373
 2492
 2548
 2542
 2473
 2342
 2155
 1915
 1627
 1299
  940
  557
  160
 -240
 -635
-1014
-1367
-1688
-1967
-2197
-2373
-2492
-2548
-2542
-2473
-2342
-2155
-1915
-1627
-1299
 -940
 -557
 -160
  240
  635
 1014
 1367
 1688
 1967
 2197
 2373
 2492
 2548
 2542
 2473
 2342
 2155
 1915
 1627
 1299
  940
  557
  160
 -240
 -635
-1014
-1367
-1688
-1967
-2197
-2373
-2492
-2548
-2542
-2473
-2342
-2155
-1915
-1627
-1299
 -940
 -557
 -160
  240
  635
 1014
 1367
 1688
 1967
 2197
 2373
 2492
 2548
 2542
 2473
 2342
 2155
 1915
 1627
 1299
  940
  557
  160
 -240
 -635
-1014
-1367
-1688
-1967
-2197
-2373
-2492
-2548
-2542
-2473
-2342
-2155
-1915
-1627
-1299
 -940
 -557
 -160
  240
  635
 1014
 1367
 1688
 1967
 2197
 2373
 2492
 2548
 2542
 2473
 2342
 2155
 1915
 1627
 1299
  940
  557
  160
 -240
 -635
-1014
-1367
-1688
-1967
-2197
-2373
-2492
-2548
-2542
-2473
-2342
-2155
-1915
-1627
-1299
 -940
 -557
 -160
  240
  635
 1014
