                        0.003475
                        0.013142
                        0.004738
                       -0.033726
                       -0.054522
                        0.021059
                        0.195777
                        0.350058
                        0.350058
                        0.195777
                        0.021059
                       -0.054522
                       -0.033726
                        0.004738
                        0.013142
                        0.003475
