0000000000
0011011000
0100000101
0001101000
1110001001
1100100111
1110011001
0010001000
0100110100
0100011000
0001001111
1110000111
1101101010
0000010111
0100000101
0101110110
0100010011
0000110011
1110010101
1111000001
0010010111
0101101110
0110011000
0011111001
0000011001
1110110101
0000100100
0100010000
0110111011
0110011011
0011010000
0000000101
1111100101
0010001110
0101111000
0111100110
0110000000
0010011100
1111111011
0000100010
0011110101
0111000111
0111101110
0101001010
0001100101
1111111101
0001101000
0101001111
0111110101
0111010001
0100000001
0000110001
0000001100
0010110000
0110010110
0111111111
0110010100
0010101011
0000000101
0000100111
0011110101
0111000010
0111100100
0100111011
0001010010
1111100100
0001001010
0100101101
0111001110
0110100101
0011010000
1111111011
1111010010
0001110001
0101010011
0110110111
0101000111
0001011011
1110101111
1111001110
0010010111
0101100000
0101111110
0011010010
1111100101
1101110100
1111010110
0010110110
0101010011
0100100111
0001001111
1101111000
1101001011
1111101001
0011000111
0100101001
0010110111
1111001001
1100011100
1100111000
0000000000
0011001000
0011100100
0000110111
1101001001
1011010111
1100111001
0000010111
0010110101
0010001000
1110110001
1011011001
1010101101
1101001010
0000101010
0010001100
0000011011
1100101110
1010000010
1010100000
1101101001
0000110010
0001010001
1110100101
1010111001
1001001001
1010101101
1110001111
0000101110
0000000101
1100110000
1001011011
1000110010
1011010011
1110110110
0000011100
1110101110
1011000101
1000011100
1000111110
1100001011
1111011001
1111111011
1101010101
1001101100
1000000001
1001101010
1101010000
1111110100
1111001111
1011111111
1000101111
1000001011
1010110001
1110011000
0000000011
1110011011
1010110110
1000010010
1000111001
1100001011
1111011110
0000000101
1101100100
1010000000
1000011010
1010001000
1101110010
0000011011
1111111011
1100110000
1001100101
1001000101
1011110000
1111011100
0001001011
1111100111
1100000111
1001101000
1010010010
1101101001
0000111111
0001101011
1111001101
1011101101
1010001010
1011111011
1111101001
0010010110
0001111001
1110110001
1011101000
1011001100
1101111000
0001100111
0011011001
0001110111
1110011000
1011111011
1100101000
0000000000
0011011000
0100000101
0001101000
1110001001
1100100111
1110011001
0010001000
0100110100
0100011000
0001001111
1110000111
1101101010
0000010111
0100000101
0101110110
0100010011
0000110011
1110010101
1111000001
0010010111
0101101110
0110011000
0011111001
0000011001
1110110101
0000100100
0100010000
0110111011
0110011011
0011010000
0000000101
1111100101
0010001110
0101111000
0111100110
0110000000
0010011100
1111111011
0000100010
0011110101
0111000111
0111101110
0101001010
0001100101
1111111101
0001101000
0101001111
0111110101
0111010001
0100000001
0000110001
0000001100
0010110000
0110010110
0111111111
0110010100
0010101011
0000000101
0000100111
0011110101
0111000010
0111100100
0100111011
0001010010
1111100100
0001001010
0100101101
0111001110
0110100101
0011010000
1111111011
1111010010
0001110001
0101010011
0110110111
0101000111
0001011011
1110101111
1111001110
0010010111
0101100000
0101111110
0011010010
1111100101
1101110100
1111010110
0010110110
0101010011
0100100111
0001001111
1101111000
1101001011
1111101001
0011000111
0100101001
0010110111
1111001001
1100011100
1100111000
0000000000
0011001000
0011100100
0000110111
1101001001
1011010111
1100111001
0000010111
0010110101
0010001000
1110110001
1011011001
1010101101
1101001010
0000101010
0010001100
0000011011
1100101110
1010000010
1010100000
1101101001
0000110010
0001010001
1110100101
1010111001
1001001001
1010101101
1110001111
0000101110
0000000101
1100110000
1001011011
1000110010
1011010011
1110110110
0000011100
1110101110
1011000101
1000011100
1000111110
1100001011
1111011001
1111111011
1101010101
1001101100
1000000001
1001101010
1101010000
1111110100
1111001111
1011111111
1000101111
1000001011
1010110001
1110011000
0000000011
1110011011
1010110110
1000010010
1000111001
1100001011
1111011110
0000000101
1101100100
1010000000
1000011010
1010001000
1101110010
0000011011
1111111011
1100110000
1001100101
1001000101
1011110000
1111011100
0001001011
1111100111
1100000111
1001101000
1010010010
1101101001
0000111111
0001101011
1111001101
1011101101
1010001010
1011111011
1111101001
0010010110
0001111001
1110110001
1011101000
1011001100
1101111000
0001100111
0011011001
0001110111
1110011000
1011111011
1100101000
0000000000
0011011000
0100000101
0001101000
1110001001
1100100111
1110011001
0010001000
0100110100
0100011000
0001001111
1110000111
1101101010
0000010111
0100000101
0101110110
0100010011
0000110011
1110010101
1111000001
0010010111
0101101110
0110011000
0011111001
0000011001
1110110101
0000100100
0100010000
0110111011
0110011011
0011010000
0000000101
1111100101
0010001110
0101111000
0111100110
0110000000
0010011100
1111111011
0000100010
0011110101
0111000111
0111101110
0101001010
0001100101
1111111101
0001101000
0101001111
0111110101
0111010001
0100000001
0000110001
0000001100
0010110000
0110010110
0111111111
0110010100
0010101011
0000000101
0000100111
0011110101
0111000010
0111100100
0100111011
0001010010
1111100100
0001001010
0100101101
0111001110
0110100101
0011010000
1111111011
1111010010
0001110001
0101010011
0110110111
0101000111
0001011011
1110101111
1111001110
0010010111
0101100000
0101111110
0011010010
1111100101
1101110100
1111010110
0010110110
0101010011
0100100111
0001001111
1101111000
1101001011
1111101001
0011000111
0100101001
0010110111
1111001001
1100011100
1100111000
0000000000
0011001000
0011100100
0000110111
1101001001
1011010111
1100111001
0000010111
0010110101
0010001000
1110110001
1011011001
1010101101
1101001010
0000101010
0010001100
0000011011
1100101110
1010000010
1010100000
1101101001
0000110010
0001010001
1110100101
1010111001
1001001001
1010101101
1110001111
0000101110
0000000101
1100110000
1001011011
1000110010
1011010011
1110110110
0000011100
1110101110
1011000101
1000011100
1000111110
1100001011
1111011001
1111111011
1101010101
1001101100
1000000001
1001101010
1101010000
1111110100
1111001111
1011111111
1000101111
1000001011
1010110001
1110011000
0000000011
1110011011
1010110110
1000010010
1000111001
1100001011
1111011110
0000000101
1101100100
1010000000
1000011010
1010001000
1101110010
0000011011
1111111011
1100110000
1001100101
1001000101
1011110000
1111011100
0001001011
1111100111
1100000111
1001101000
1010010010
1101101001
0000111111
0001101011
1111001101
1011101101
1010001010
1011111011
1111101001
0010010110
0001111001
1110110001
1011101000
1011001100
1101111000
0001100111
0011011001
0001110111
1110011000
1011111011
1100101000
0000000000
0011011000
0100000101
0001101000
1110001001
1100100111
1110011001
0010001000
0100110100
0100011000
0001001111
1110000111
1101101010
0000010111
0100000101
0101110110
0100010011
0000110011
1110010101
1111000001
0010010111
0101101110
0110011000
0011111001
0000011001
1110110101
0000100100
0100010000
0110111011
0110011011
0011010000
0000000101
1111100101
0010001110
0101111000
0111100110
0110000000
0010011100
1111111011
0000100010
0011110101
0111000111
0111101110
0101001010
0001100101
1111111101
0001101000
0101001111
0111110101
0111010001
0100000001
0000110001
0000001100
0010110000
0110010110
0111111111
0110010100
0010101011
0000000101
0000100111
0011110101
0111000010
0111100100
0100111011
0001010010
1111100100
0001001010
0100101101
0111001110
0110100101
0011010000
1111111011
1111010010
0001110001
0101010011
0110110111
0101000111
0001011011
1110101111
1111001110
0010010111
0101100000
0101111110
0011010010
1111100101
1101110100
1111010110
0010110110
0101010011
0100100111
0001001111
1101111000
1101001011
1111101001
0011000111
0100101001
0010110111
1111001001
1100011100
1100111000
0000000000
0011001000
0011100100
0000110111
1101001001
1011010111
1100111001
0000010111
0010110101
0010001000
1110110001
1011011001
1010101101
1101001010
0000101010
0010001100
0000011011
1100101110
1010000010
1010100000
1101101001
0000110010
0001010001
1110100101
1010111001
1001001001
1010101101
1110001111
0000101110
0000000101
1100110000
1001011011
1000110010
1011010011
1110110110
0000011100
1110101110
1011000101
1000011100
1000111110
1100001011
1111011001
1111111011
1101010101
1001101100
1000000001
1001101010
1101010000
1111110100
1111001111
1011111111
1000101111
1000001011
1010110001
1110011000
0000000011
1110011011
1010110110
1000010010
1000111001
1100001011
1111011110
0000000101
1101100100
1010000000
1000011010
1010001000
1101110010
0000011011
1111111011
1100110000
1001100101
1001000101
1011110000
1111011100
0001001011
1111100111
1100000111
1001101000
1010010010
1101101001
0000111111
0001101011
1111001101
1011101101
1010001010
1011111011
1111101001
0010010110
0001111001
1110110001
1011101000
1011001100
1101111000
0001100111
0011011001
0001110111
1110011000
1011111011
1100101000
0000000000
0011011000
0100000101
0001101000
1110001001
1100100111
1110011001
0010001000
0100110100
0100011000
0001001111
1110000111
1101101010
0000010111
0100000101
0101110110
0100010011
0000110011
1110010101
1111000001
0010010111
0101101110
0110011000
0011111001
0000011001
1110110101
0000100100
0100010000
0110111011
0110011011
0011010000
0000000101
1111100101
0010001110
0101111000
0111100110
0110000000
0010011100
1111111011
0000100010
0011110101
0111000111
0111101110
0101001010
0001100101
1111111101
0001101000
0101001111
0111110101
0111010001
0100000001
0000110001
0000001100
0010110000
0110010110
0111111111
0110010100
0010101011
0000000101
0000100111
0011110101
0111000010
0111100100
0100111011
0001010010
1111100100
0001001010
0100101101
0111001110
0110100101
0011010000
1111111011
1111010010
0001110001
0101010011
0110110111
0101000111
0001011011
1110101111
1111001110
0010010111
0101100000
0101111110
0011010010
1111100101
1101110100
1111010110
0010110110
0101010011
0100100111
0001001111
1101111000
1101001011
1111101001
0011000111
0100101001
0010110111
1111001001
1100011100
1100111000
0000000000
0011001000
0011100100
0000110111
1101001001
1011010111
1100111001
0000010111
0010110101
0010001000
1110110001
1011011001
1010101101
1101001010
0000101010
0010001100
0000011011
1100101110
1010000010
1010100000
1101101001
0000110010
0001010001
1110100101
1010111001
1001001001
1010101101
1110001111
0000101110
0000000101
1100110000
1001011011
1000110010
1011010011
1110110110
0000011100
1110101110
1011000101
1000011100
1000111110
1100001011
1111011001
1111111011
1101010101
1001101100
1000000001
1001101010
1101010000
1111110100
1111001111
1011111111
1000101111
1000001011
1010110001
1110011000
0000000011
1110011011
1010110110
1000010010
1000111001
1100001011
1111011110
0000000101
1101100100
1010000000
1000011010
1010001000
1101110010
0000011011
1111111011
1100110000
1001100101
1001000101
1011110000
1111011100
0001001011
1111100111
1100000111
1001101000
1010010010
1101101001
0000111111
0001101011
1111001101
1011101101
1010001010
1011111011
1111101001
0010010110
0001111001
1110110001
1011101000
1011001100
1101111000
0001100111
0011011001
0001110111
1110011000
1011111011
1100101000
0000000000
0011011000
0100000101
0001101000
1110001001
1100100111
1110011001
0010001000
0100110100
0100011000
0001001111
1110000111
1101101010
0000010111
0100000101
0101110110
0100010011
0000110011
1110010101
1111000001
0010010111
0101101110
0110011000
0011111001
0000011001
1110110101
0000100100
0100010000
0110111011
0110011011
0011010000
0000000101
1111100101
0010001110
0101111000
0111100110
0110000000
0010011100
1111111011
0000100010
0011110101
0111000111
0111101110
0101001010
0001100101
1111111101
0001101000
0101001111
0111110101
0111010001
0100000001
0000110001
0000001100
0010110000
0110010110
0111111111
0110010100
0010101011
0000000101
0000100111
0011110101
0111000010
0111100100
0100111011
0001010010
1111100100
0001001010
0100101101
0111001110
0110100101
0011010000
1111111011
1111010010
0001110001
0101010011
0110110111
0101000111
0001011011
1110101111
1111001110
0010010111
0101100000
0101111110
0011010010
1111100101
1101110100
1111010110
0010110110
0101010011
0100100111
0001001111
1101111000
1101001011
1111101001
0011000111
0100101001
0010110111
1111001001
1100011100
1100111000
0000000000
0011001000
0011100100
0000110111
1101001001
1011010111
1100111001
0000010111
0010110101
0010001000
1110110001
1011011001
1010101101
1101001010
0000101010
0010001100
0000011011
1100101110
1010000010
1010100000
1101101001
0000110010
0001010001
1110100101
1010111001
1001001001
1010101101
1110001111
0000101110
0000000101
1100110000
1001011011
1000110010
1011010011
1110110110
0000011100
1110101110
1011000101
1000011100
1000111110
1100001011
1111011001
1111111011
1101010101
1001101100
1000000001
1001101010
1101010000
1111110100
1111001111
1011111111
1000101111
1000001011
1010110001
1110011000
0000000011
1110011011
1010110110
1000010010
1000111001
1100001011
1111011110
0000000101
1101100100
1010000000
1000011010
1010001000
1101110010
0000011011
1111111011
1100110000
1001100101
1001000101
1011110000
1111011100
0001001011
1111100111
1100000111
1001101000
1010010010
1101101001
0000111111
0001101011
1111001101
1011101101
1010001010
1011111011
1111101001
0010010110
0001111001
1110110001
1011101000
1011001100
1101111000
0001100111
0011011001
0001110111
1110011000
1011111011
1100101000
0000000000
0011011000
0100000101
0001101000
1110001001
1100100111
1110011001
0010001000
0100110100
0100011000
0001001111
1110000111
1101101010
0000010111
0100000101
0101110110
0100010011
0000110011
1110010101
1111000001
0010010111
0101101110
0110011000
0011111001
0000011001
1110110101
0000100100
0100010000
0110111011
0110011011
0011010000
0000000101
1111100101
0010001110
0101111000
0111100110
0110000000
0010011100
1111111011
0000100010
0011110101
0111000111
0111101110
0101001010
0001100101
1111111101
0001101000
0101001111
0111110101
0111010001
0100000001
0000110001
0000001100
0010110000
0110010110
0111111111
0110010100
0010101011
0000000101
0000100111
0011110101
0111000010
0111100100
0100111011
0001010010
1111100100
0001001010
0100101101
0111001110
0110100101
0011010000
1111111011
1111010010
0001110001
0101010011
0110110111
0101000111
0001011011
1110101111
1111001110
0010010111
0101100000
0101111110
0011010010
1111100101
1101110100
1111010110
0010110110
0101010011
0100100111
0001001111
1101111000
1101001011
1111101001
0011000111
0100101001
0010110111
1111001001
1100011100
1100111000
0000000000
0011001000
0011100100
0000110111
1101001001
1011010111
1100111001
0000010111
0010110101
0010001000
1110110001
1011011001
1010101101
1101001010
0000101010
0010001100
0000011011
1100101110
1010000010
1010100000
1101101001
0000110010
0001010001
1110100101
1010111001
1001001001
1010101101
1110001111
0000101110
0000000101
1100110000
1001011011
1000110010
1011010011
1110110110
0000011100
1110101110
1011000101
1000011100
1000111110
1100001011
1111011001
1111111011
1101010101
1001101100
1000000001
1001101010
1101010000
1111110100
1111001111
1011111111
1000101111
1000001011
1010110001
1110011000
0000000011
1110011011
1010110110
1000010010
1000111001
1100001011
1111011110
0000000101
1101100100
1010000000
1000011010
1010001000
1101110010
0000011011
1111111011
1100110000
1001100101
1001000101
1011110000
1111011100
0001001011
1111100111
1100000111
1001101000
1010010010
1101101001
0000111111
0001101011
1111001101
1011101101
1010001010
1011111011
1111101001
0010010110
0001111001
1110110001
1011101000
1011001100
1101111000
0001100111
0011011001
0001110111
1110011000
1011111011
1100101000
0000000000
0011011000
0100000101
0001101000
1110001001
1100100111
1110011001
0010001000
0100110100
0100011000
0001001111
1110000111
1101101010
0000010111
0100000101
0101110110
0100010011
0000110011
1110010101
1111000001
0010010111
0101101110
0110011000
0011111001
0000011001
1110110101
0000100100
0100010000
0110111011
0110011011
0011010000
0000000101
1111100101
0010001110
0101111000
0111100110
0110000000
0010011100
1111111011
0000100010
0011110101
0111000111
0111101110
0101001010
0001100101
1111111101
0001101000
0101001111
0111110101
0111010001
0100000001
0000110001
0000001100
0010110000
0110010110
0111111111
0110010100
0010101011
0000000101
0000100111
0011110101
0111000010
0111100100
0100111011
0001010010
1111100100
0001001010
0100101101
0111001110
0110100101
0011010000
1111111011
1111010010
0001110001
0101010011
0110110111
0101000111
0001011011
1110101111
1111001110
0010010111
0101100000
0101111110
0011010010
1111100101
1101110100
1111010110
0010110110
0101010011
0100100111
0001001111
1101111000
1101001011
1111101001
0011000111
0100101001
0010110111
1111001001
1100011100
1100111000
0000000000
0011001000
0011100100
0000110111
1101001001
1011010111
1100111001
0000010111
0010110101
0010001000
1110110001
1011011001
1010101101
1101001010
0000101010
0010001100
0000011011
1100101110
1010000010
1010100000
1101101001
0000110010
0001010001
1110100101
1010111001
1001001001
1010101101
1110001111
0000101110
0000000101
1100110000
1001011011
1000110010
1011010011
1110110110
0000011100
1110101110
1011000101
1000011100
1000111110
1100001011
1111011001
1111111011
1101010101
1001101100
1000000001
1001101010
1101010000
1111110100
1111001111
1011111111
1000101111
1000001011
1010110001
1110011000
0000000011
1110011011
1010110110
1000010010
1000111001
1100001011
1111011110
0000000101
1101100100
1010000000
1000011010
1010001000
1101110010
0000011011
1111111011
1100110000
1001100101
1001000101
1011110000
1111011100
0001001011
1111100111
1100000111
1001101000
1010010010
1101101001
0000111111
0001101011
1111001101
1011101101
1010001010
1011111011
1111101001
0010010110
0001111001
1110110001
1011101000
1011001100
1101111000
0001100111
0011011001
0001110111
1110011000
1011111011
1100101000
0000000000
0011011000
0100000101
0001101000
1110001001
1100100111
1110011001
0010001000
0100110100
0100011000
0001001111
1110000111
1101101010
0000010111
0100000101
0101110110
0100010011
0000110011
1110010101
1111000001
0010010111
0101101110
0110011000
0011111001
0000011001
1110110101
0000100100
0100010000
0110111011
0110011011
0011010000
0000000101
1111100101
0010001110
0101111000
0111100110
0110000000
0010011100
1111111011
0000100010
0011110101
0111000111
0111101110
0101001010
0001100101
1111111101
0001101000
0101001111
0111110101
0111010001
0100000001
0000110001
0000001100
0010110000
0110010110
0111111111
0110010100
0010101011
0000000101
0000100111
0011110101
0111000010
0111100100
0100111011
0001010010
1111100100
0001001010
0100101101
0111001110
0110100101
0011010000
1111111011
1111010010
0001110001
0101010011
0110110111
0101000111
0001011011
1110101111
1111001110
0010010111
0101100000
0101111110
0011010010
1111100101
1101110100
1111010110
0010110110
0101010011
0100100111
0001001111
1101111000
1101001011
1111101001
0011000111
0100101001
0010110111
1111001001
1100011100
1100111000
0000000000
0011001000
0011100100
0000110111
1101001001
1011010111
1100111001
0000010111
0010110101
0010001000
1110110001
1011011001
1010101101
1101001010
0000101010
0010001100
0000011011
1100101110
1010000010
1010100000
1101101001
0000110010
0001010001
1110100101
1010111001
1001001001
1010101101
1110001111
0000101110
0000000101
1100110000
1001011011
1000110010
1011010011
1110110110
0000011100
1110101110
1011000101
1000011100
1000111110
1100001011
1111011001
1111111011
1101010101
1001101100
1000000001
1001101010
1101010000
1111110100
1111001111
1011111111
1000101111
1000001011
1010110001
1110011000
0000000011
1110011011
1010110110
1000010010
1000111001
1100001011
1111011110
0000000101
1101100100
1010000000
1000011010
1010001000
1101110010
0000011011
1111111011
1100110000
1001100101
1001000101
1011110000
1111011100
0001001011
1111100111
1100000111
1001101000
1010010010
1101101001
0000111111
0001101011
1111001101
1011101101
1010001010
1011111011
1111101001
0010010110
0001111001
1110110001
1011101000
1011001100
1101111000
0001100111
0011011001
0001110111
1110011000
1011111011
1100101000
0000000000
0011011000
0100000101
0001101000
1110001001
1100100111
1110011001
0010001000
0100110100
0100011000
0001001111
1110000111
1101101010
0000010111
0100000101
0101110110
0100010011
0000110011
1110010101
1111000001
0010010111
0101101110
0110011000
0011111001
0000011001
1110110101
0000100100
0100010000
0110111011
0110011011
0011010000
0000000101
1111100101
0010001110
0101111000
0111100110
0110000000
0010011100
1111111011
0000100010
0011110101
0111000111
0111101110
0101001010
0001100101
1111111101
0001101000
0101001111
0111110101
0111010001
0100000001
0000110001
0000001100
0010110000
0110010110
0111111111
0110010100
0010101011
0000000101
0000100111
0011110101
0111000010
0111100100
0100111011
0001010010
1111100100
0001001010
0100101101
0111001110
0110100101
0011010000
1111111011
1111010010
0001110001
0101010011
0110110111
0101000111
0001011011
1110101111
1111001110
0010010111
0101100000
0101111110
0011010010
1111100101
1101110100
1111010110
0010110110
0101010011
0100100111
0001001111
1101111000
1101001011
1111101001
0011000111
0100101001
0010110111
1111001001
1100011100
1100111000
0000000000
0011001000
0011100100
0000110111
1101001001
1011010111
1100111001
0000010111
0010110101
0010001000
1110110001
1011011001
1010101101
1101001010
0000101010
0010001100
0000011011
1100101110
1010000010
1010100000
1101101001
0000110010
0001010001
1110100101
1010111001
1001001001
1010101101
1110001111
0000101110
0000000101
1100110000
1001011011
1000110010
1011010011
1110110110
0000011100
1110101110
1011000101
1000011100
1000111110
1100001011
1111011001
1111111011
1101010101
1001101100
1000000001
1001101010
1101010000
1111110100
1111001111
1011111111
1000101111
1000001011
1010110001
1110011000
0000000011
1110011011
1010110110
1000010010
1000111001
1100001011
1111011110
0000000101
1101100100
1010000000
1000011010
1010001000
1101110010
0000011011
1111111011
1100110000
1001100101
1001000101
1011110000
1111011100
0001001011
1111100111
1100000111
1001101000
1010010010
1101101001
0000111111
0001101011
1111001101
1011101101
1010001010
1011111011
1111101001
0010010110
0001111001
1110110001
1011101000
1011001100
1101111000
0001100111
0011011001
0001110111
1110011000
1011111011
1100101000
0000000000
0011011000
0100000101
0001101000
1110001001
1100100111
1110011001
0010001000
0100110100
0100011000
0001001111
1110000111
1101101010
0000010111
0100000101
0101110110
0100010011
0000110011
1110010101
1111000001
0010010111
0101101110
0110011000
0011111001
0000011001
1110110101
0000100100
0100010000
0110111011
0110011011
0011010000
0000000101
1111100101
0010001110
0101111000
0111100110
0110000000
0010011100
1111111011
0000100010
0011110101
0111000111
0111101110
0101001010
0001100101
1111111101
0001101000
0101001111
0111110101
0111010001
0100000001
0000110001
0000001100
0010110000
0110010110
0111111111
0110010100
0010101011
0000000101
0000100111
0011110101
0111000010
0111100100
0100111011
0001010010
1111100100
0001001010
0100101101
0111001110
0110100101
0011010000
1111111011
1111010010
0001110001
0101010011
0110110111
0101000111
0001011011
1110101111
1111001110
0010010111
0101100000
0101111110
0011010010
1111100101
1101110100
1111010110
0010110110
0101010011
0100100111
0001001111
1101111000
1101001011
1111101001
0011000111
0100101001
0010110111
1111001001
1100011100
1100111000
0000000000
0011001000
0011100100
0000110111
1101001001
1011010111
1100111001
0000010111
0010110101
0010001000
1110110001
1011011001
1010101101
1101001010
0000101010
0010001100
0000011011
1100101110
1010000010
1010100000
1101101001
0000110010
0001010001
1110100101
1010111001
1001001001
1010101101
1110001111
0000101110
0000000101
1100110000
1001011011
1000110010
1011010011
1110110110
0000011100
1110101110
1011000101
1000011100
1000111110
1100001011
1111011001
1111111011
1101010101
1001101100
1000000001
1001101010
1101010000
1111110100
1111001111
1011111111
1000101111
1000001011
1010110001
1110011000
0000000011
1110011011
1010110110
1000010010
1000111001
1100001011
1111011110
0000000101
1101100100
1010000000
1000011010
1010001000
1101110010
0000011011
1111111011
1100110000
1001100101
1001000101
1011110000
1111011100
0001001011
1111100111
1100000111
1001101000
1010010010
1101101001
0000111111
0001101011
1111001101
1011101101
1010001010
1011111011
1111101001
0010010110
0001111001
1110110001
1011101000
1011001100
1101111000
0001100111
0011011001
0001110111
1110011000
1011111011
1100101000
0000000000
0011011000
0100000101
0001101000
1110001001
1100100111
1110011001
0010001000
0100110100
0100011000
0001001111
1110000111
1101101010
0000010111
0100000101
0101110110
0100010011
0000110011
1110010101
1111000001
0010010111
0101101110
0110011000
0011111001
0000011001
1110110101
0000100100
0100010000
0110111011
0110011011
0011010000
0000000101
1111100101
0010001110
0101111000
0111100110
0110000000
0010011100
1111111011
0000100010
0011110101
0111000111
0111101110
0101001010
0001100101
1111111101
0001101000
0101001111
0111110101
0111010001
0100000001
0000110001
0000001100
0010110000
0110010110
0111111111
0110010100
0010101011
0000000101
0000100111
0011110101
0111000010
0111100100
0100111011
0001010010
1111100100
0001001010
0100101101
0111001110
0110100101
0011010000
1111111011
1111010010
0001110001
0101010011
0110110111
0101000111
0001011011
1110101111
1111001110
0010010111
0101100000
0101111110
0011010010
1111100101
1101110100
1111010110
0010110110
0101010011
0100100111
0001001111
1101111000
1101001011
1111101001
0011000111
0100101001
0010110111
1111001001
1100011100
1100111000
0000000000
0011001000
0011100100
0000110111
1101001001
1011010111
1100111001
0000010111
0010110101
0010001000
1110110001
1011011001
1010101101
1101001010
0000101010
0010001100
0000011011
1100101110
1010000010
1010100000
1101101001
0000110010
0001010001
1110100101
1010111001
1001001001
1010101101
1110001111
0000101110
0000000101
1100110000
1001011011
1000110010
1011010011
1110110110
0000011100
1110101110
1011000101
1000011100
1000111110
1100001011
1111011001
1111111011
1101010101
1001101100
1000000001
1001101010
1101010000
1111110100
1111001111
1011111111
1000101111
1000001011
1010110001
1110011000
0000000011
1110011011
1010110110
1000010010
1000111001
1100001011
1111011110
0000000101
1101100100
1010000000
1000011010
1010001000
1101110010
0000011011
1111111011
1100110000
1001100101
1001000101
1011110000
1111011100
0001001011
1111100111
1100000111
1001101000
1010010010
1101101001
0000111111
0001101011
1111001101
1011101101
1010001010
1011111011
1111101001
0010010110
0001111001
1110110001
1011101000
1011001100
1101111000
0001100111
0011011001
0001110111
1110011000
1011111011
1100101000
0000000000
0011011000
0100000101
0001101000
1110001001
1100100111
1110011001
0010001000
0100110100
0100011000
0001001111
1110000111
1101101010
0000010111
0100000101
0101110110
0100010011
0000110011
1110010101
1111000001
0010010111
0101101110
0110011000
0011111001
0000011001
1110110101
0000100100
0100010000
0110111011
0110011011
0011010000
0000000101
1111100101
0010001110
0101111000
0111100110
0110000000
0010011100
1111111011
0000100010
0011110101
0111000111
0111101110
0101001010
0001100101
1111111101
0001101000
0101001111
0111110101
0111010001
0100000001
0000110001
0000001100
0010110000
0110010110
0111111111
0110010100
0010101011
0000000101
0000100111
0011110101
0111000010
0111100100
0100111011
0001010010
1111100100
0001001010
0100101101
0111001110
0110100101
0011010000
1111111011
1111010010
0001110001
0101010011
0110110111
0101000111
0001011011
1110101111
1111001110
0010010111
0101100000
0101111110
0011010010
1111100101
1101110100
1111010110
0010110110
0101010011
0100100111
0001001111
1101111000
1101001011
1111101001
0011000111
0100101001
0010110111
1111001001
1100011100
1100111000
0000000000
0011001000
0011100100
0000110111
1101001001
1011010111
1100111001
0000010111
0010110101
0010001000
1110110001
1011011001
1010101101
1101001010
0000101010
0010001100
0000011011
1100101110
1010000010
1010100000
1101101001
0000110010
0001010001
1110100101
1010111001
1001001001
1010101101
1110001111
0000101110
0000000101
1100110000
1001011011
1000110010
1011010011
1110110110
0000011100
1110101110
1011000101
1000011100
1000111110
1100001011
1111011001
1111111011
1101010101
1001101100
1000000001
1001101010
1101010000
1111110100
1111001111
1011111111
1000101111
1000001011
1010110001
1110011000
0000000011
1110011011
1010110110
1000010010
1000111001
1100001011
1111011110
0000000101
1101100100
1010000000
1000011010
1010001000
1101110010
0000011011
1111111011
1100110000
1001100101
1001000101
1011110000
1111011100
0001001011
1111100111
1100000111
1001101000
1010010010
1101101001
0000111111
0001101011
1111001101
1011101101
1010001010
1011111011
1111101001
0010010110
0001111001
1110110001
1011101000
1011001100
1101111000
0001100111
0011011001
0001110111
1110011000
1011111011
1100101000
0000000000
0011011000
0100000101
0001101000
1110001001
1100100111
1110011001
0010001000
0100110100
0100011000
0001001111
1110000111
1101101010
0000010111
0100000101
0101110110
0100010011
0000110011
1110010101
1111000001
0010010111
0101101110
0110011000
0011111001
0000011001
1110110101
0000100100
0100010000
0110111011
0110011011
0011010000
0000000101
1111100101
0010001110
0101111000
0111100110
0110000000
0010011100
1111111011
0000100010
0011110101
0111000111
0111101110
0101001010
0001100101
1111111101
0001101000
0101001111
0111110101
0111010001
0100000001
0000110001
0000001100
0010110000
0110010110
0111111111
0110010100
0010101011
0000000101
0000100111
0011110101
0111000010
0111100100
0100111011
0001010010
1111100100
0001001010
0100101101
0111001110
0110100101
0011010000
1111111011
1111010010
0001110001
0101010011
0110110111
0101000111
0001011011
1110101111
1111001110
0010010111
0101100000
0101111110
0011010010
1111100101
1101110100
1111010110
0010110110
0101010011
0100100111
0001001111
1101111000
1101001011
1111101001
0011000111
0100101001
0010110111
1111001001
1100011100
1100111000
0000000000
0011001000
0011100100
0000110111
1101001001
1011010111
1100111001
0000010111
0010110101
0010001000
1110110001
1011011001
1010101101
1101001010
0000101010
0010001100
0000011011
1100101110
1010000010
1010100000
1101101001
0000110010
0001010001
1110100101
1010111001
1001001001
1010101101
1110001111
0000101110
0000000101
1100110000
1001011011
1000110010
1011010011
1110110110
0000011100
1110101110
1011000101
1000011100
1000111110
1100001011
1111011001
1111111011
1101010101
1001101100
1000000001
1001101010
1101010000
1111110100
1111001111
1011111111
1000101111
1000001011
1010110001
1110011000
0000000011
1110011011
1010110110
1000010010
1000111001
1100001011
1111011110
0000000101
1101100100
1010000000
1000011010
1010001000
1101110010
0000011011
1111111011
1100110000
1001100101
1001000101
1011110000
1111011100
0001001011
1111100111
1100000111
1001101000
1010010010
1101101001
0000111111
0001101011
1111001101
1011101101
1010001010
1011111011
1111101001
0010010110
0001111001
1110110001
1011101000
1011001100
1101111000
0001100111
0011011001
0001110111
1110011000
1011111011
1100101000
0000000000
0011011000
0100000101
0001101000
1110001001
1100100111
1110011001
0010001000
0100110100
0100011000
0001001111
1110000111
1101101010
0000010111
0100000101
0101110110
0100010011
0000110011
1110010101
1111000001
0010010111
0101101110
0110011000
0011111001
0000011001
1110110101
0000100100
0100010000
0110111011
0110011011
0011010000
0000000101
1111100101
0010001110
0101111000
0111100110
0110000000
0010011100
1111111011
0000100010
0011110101
0111000111
0111101110
0101001010
0001100101
1111111101
0001101000
0101001111
0111110101
0111010001
0100000001
0000110001
0000001100
0010110000
0110010110
0111111111
0110010100
0010101011
0000000101
0000100111
0011110101
0111000010
0111100100
0100111011
0001010010
1111100100
0001001010
0100101101
0111001110
0110100101
0011010000
1111111011
1111010010
0001110001
0101010011
0110110111
0101000111
0001011011
1110101111
1111001110
0010010111
0101100000
0101111110
0011010010
1111100101
1101110100
1111010110
0010110110
0101010011
0100100111
0001001111
1101111000
1101001011
1111101001
0011000111
0100101001
0010110111
1111001001
1100011100
1100111000
0000000000
0011001000
0011100100
0000110111
1101001001
1011010111
1100111001
0000010111
0010110101
0010001000
1110110001
1011011001
1010101101
1101001010
0000101010
0010001100
0000011011
1100101110
1010000010
1010100000
1101101001
0000110010
0001010001
1110100101
1010111001
1001001001
1010101101
1110001111
0000101110
0000000101
1100110000
1001011011
1000110010
1011010011
1110110110
0000011100
1110101110
1011000101
1000011100
1000111110
1100001011
1111011001
1111111011
1101010101
1001101100
1000000001
1001101010
1101010000
1111110100
1111001111
1011111111
1000101111
1000001011
1010110001
1110011000
0000000011
1110011011
1010110110
1000010010
1000111001
1100001011
1111011110
0000000101
1101100100
1010000000
1000011010
1010001000
1101110010
0000011011
1111111011
1100110000
1001100101
1001000101
1011110000
1111011100
0001001011
1111100111
1100000111
1001101000
1010010010
1101101001
0000111111
0001101011
1111001101
1011101101
1010001010
1011111011
1111101001
0010010110
0001111001
1110110001
1011101000
1011001100
1101111000
0001100111
0011011001
0001110111
1110011000
1011111011
1100101000
0000000000
0011011000
0100000101
0001101000
1110001001
1100100111
1110011001
0010001000
0100110100
0100011000
0001001111
1110000111
1101101010
0000010111
0100000101
0101110110
0100010011
0000110011
1110010101
1111000001
0010010111
0101101110
0110011000
0011111001
0000011001
1110110101
0000100100
0100010000
0110111011
0110011011
0011010000
0000000101
1111100101
0010001110
0101111000
0111100110
0110000000
0010011100
1111111011
0000100010
0011110101
0111000111
0111101110
0101001010
0001100101
1111111101
0001101000
0101001111
0111110101
0111010001
0100000001
0000110001
0000001100
0010110000
0110010110
0111111111
0110010100
0010101011
0000000101
0000100111
0011110101
0111000010
0111100100
0100111011
0001010010
1111100100
0001001010
0100101101
0111001110
0110100101
0011010000
1111111011
1111010010
0001110001
0101010011
0110110111
0101000111
0001011011
1110101111
1111001110
0010010111
0101100000
0101111110
0011010010
1111100101
1101110100
1111010110
0010110110
0101010011
0100100111
0001001111
1101111000
1101001011
1111101001
0011000111
0100101001
0010110111
1111001001
1100011100
1100111000
0000000000
0011001000
0011100100
0000110111
1101001001
1011010111
1100111001
0000010111
0010110101
0010001000
1110110001
1011011001
1010101101
1101001010
0000101010
0010001100
0000011011
1100101110
1010000010
1010100000
1101101001
0000110010
0001010001
1110100101
1010111001
1001001001
1010101101
1110001111
0000101110
0000000101
1100110000
1001011011
1000110010
1011010011
1110110110
0000011100
1110101110
1011000101
1000011100
1000111110
1100001011
1111011001
1111111011
1101010101
1001101100
1000000001
1001101010
1101010000
1111110100
1111001111
1011111111
1000101111
1000001011
1010110001
1110011000
0000000011
1110011011
1010110110
1000010010
1000111001
1100001011
1111011110
0000000101
1101100100
1010000000
1000011010
1010001000
1101110010
0000011011
1111111011
1100110000
1001100101
1001000101
1011110000
1111011100
0001001011
1111100111
1100000111
1001101000
1010010010
1101101001
0000111111
0001101011
1111001101
1011101101
1010001010
1011111011
1111101001
0010010110
0001111001
1110110001
1011101000
1011001100
1101111000
0001100111
0011011001
0001110111
1110011000
1011111011
1100101000
0000000000
0011011000
0100000101
0001101000
1110001001
1100100111
1110011001
0010001000
0100110100
0100011000
0001001111
1110000111
1101101010
0000010111
0100000101
0101110110
0100010011
0000110011
1110010101
1111000001
0010010111
0101101110
0110011000
0011111001
0000011001
1110110101
0000100100
0100010000
0110111011
0110011011
0011010000
0000000101
1111100101
0010001110
0101111000
0111100110
0110000000
0010011100
1111111011
0000100010
0011110101
0111000111
0111101110
0101001010
0001100101
1111111101
0001101000
0101001111
0111110101
0111010001
0100000001
0000110001
0000001100
0010110000
0110010110
0111111111
0110010100
0010101011
0000000101
0000100111
0011110101
0111000010
0111100100
0100111011
0001010010
1111100100
0001001010
0100101101
0111001110
0110100101
0011010000
1111111011
1111010010
0001110001
0101010011
0110110111
0101000111
0001011011
1110101111
1111001110
0010010111
0101100000
0101111110
0011010010
1111100101
1101110100
1111010110
0010110110
0101010011
0100100111
0001001111
1101111000
1101001011
1111101001
0011000111
0100101001
0010110111
1111001001
1100011100
1100111000
0000000000
0011001000
0011100100
0000110111
1101001001
1011010111
1100111001
0000010111
0010110101
0010001000
1110110001
1011011001
1010101101
1101001010
0000101010
0010001100
0000011011
1100101110
1010000010
1010100000
1101101001
0000110010
0001010001
1110100101
1010111001
1001001001
1010101101
1110001111
0000101110
0000000101
1100110000
1001011011
1000110010
1011010011
1110110110
0000011100
1110101110
1011000101
1000011100
1000111110
1100001011
1111011001
1111111011
1101010101
1001101100
1000000001
1001101010
1101010000
1111110100
1111001111
1011111111
1000101111
1000001011
1010110001
1110011000
0000000011
1110011011
1010110110
1000010010
1000111001
1100001011
1111011110
0000000101
1101100100
1010000000
1000011010
1010001000
1101110010
0000011011
1111111011
1100110000
1001100101
1001000101
1011110000
1111011100
0001001011
1111100111
1100000111
1001101000
1010010010
1101101001
0000111111
0001101011
1111001101
1011101101
1010001010
1011111011
1111101001
0010010110
0001111001
1110110001
1011101000
1011001100
1101111000
0001100111
0011011001
0001110111
1110011000
1011111011
1100101000
0000000000
0011011000
0100000101
0001101000
1110001001
1100100111
1110011001
0010001000
0100110100
0100011000
0001001111
1110000111
1101101010
0000010111
0100000101
0101110110
0100010011
0000110011
1110010101
1111000001
0010010111
0101101110
0110011000
0011111001
0000011001
1110110101
0000100100
0100010000
0110111011
0110011011
0011010000
0000000101
1111100101
0010001110
0101111000
0111100110
0110000000
0010011100
1111111011
0000100010
0011110101
0111000111
0111101110
0101001010
0001100101
1111111101
0001101000
0101001111
0111110101
0111010001
0100000001
0000110001
0000001100
0010110000
0110010110
0111111111
0110010100
0010101011
0000000101
0000100111
0011110101
0111000010
0111100100
0100111011
0001010010
1111100100
0001001010
0100101101
0111001110
0110100101
0011010000
1111111011
1111010010
0001110001
0101010011
0110110111
0101000111
0001011011
1110101111
1111001110
0010010111
0101100000
0101111110
0011010010
1111100101
1101110100
1111010110
0010110110
0101010011
0100100111
0001001111
1101111000
1101001011
1111101001
0011000111
0100101001
0010110111
1111001001
1100011100
1100111000
0000000000
0011001000
0011100100
0000110111
1101001001
1011010111
1100111001
0000010111
0010110101
0010001000
1110110001
1011011001
1010101101
1101001010
0000101010
0010001100
0000011011
1100101110
1010000010
1010100000
1101101001
0000110010
0001010001
1110100101
1010111001
1001001001
1010101101
1110001111
0000101110
0000000101
1100110000
1001011011
1000110010
1011010011
1110110110
0000011100
1110101110
1011000101
1000011100
1000111110
1100001011
1111011001
1111111011
1101010101
1001101100
1000000001
1001101010
1101010000
1111110100
1111001111
1011111111
1000101111
1000001011
1010110001
1110011000
0000000011
1110011011
1010110110
1000010010
1000111001
1100001011
1111011110
0000000101
1101100100
1010000000
1000011010
1010001000
1101110010
0000011011
1111111011
1100110000
1001100101
1001000101
1011110000
1111011100
0001001011
1111100111
1100000111
1001101000
1010010010
1101101001
0000111111
0001101011
1111001101
1011101101
1010001010
1011111011
1111101001
0010010110
0001111001
1110110001
1011101000
1011001100
1101111000
0001100111
0011011001
0001110111
1110011000
1011111011
1100101000
0000000000
0011011000
0100000101
0001101000
1110001001
1100100111
1110011001
0010001000
0100110100
0100011000
0001001111
1110000111
1101101010
0000010111
0100000101
0101110110
0100010011
0000110011
1110010101
1111000001
0010010111
0101101110
0110011000
0011111001
0000011001
1110110101
0000100100
0100010000
0110111011
0110011011
0011010000
0000000101
1111100101
0010001110
0101111000
0111100110
0110000000
0010011100
1111111011
0000100010
0011110101
0111000111
0111101110
0101001010
0001100101
1111111101
0001101000
0101001111
0111110101
0111010001
0100000001
0000110001
0000001100
0010110000
0110010110
0111111111
0110010100
0010101011
0000000101
0000100111
0011110101
0111000010
0111100100
0100111011
0001010010
1111100100
0001001010
0100101101
0111001110
0110100101
0011010000
1111111011
1111010010
0001110001
0101010011
0110110111
0101000111
0001011011
1110101111
1111001110
0010010111
0101100000
0101111110
0011010010
1111100101
1101110100
1111010110
0010110110
0101010011
0100100111
0001001111
1101111000
1101001011
1111101001
0011000111
0100101001
0010110111
1111001001
1100011100
1100111000
0000000000
0011001000
0011100100
0000110111
1101001001
1011010111
1100111001
0000010111
0010110101
0010001000
1110110001
1011011001
1010101101
1101001010
0000101010
0010001100
0000011011
1100101110
1010000010
1010100000
1101101001
0000110010
0001010001
1110100101
1010111001
1001001001
1010101101
1110001111
0000101110
0000000101
1100110000
1001011011
1000110010
1011010011
1110110110
0000011100
1110101110
1011000101
1000011100
1000111110
1100001011
1111011001
1111111011
1101010101
1001101100
1000000001
1001101010
1101010000
1111110100
1111001111
1011111111
1000101111
1000001011
1010110001
1110011000
0000000011
1110011011
1010110110
1000010010
1000111001
1100001011
1111011110
0000000101
1101100100
1010000000
1000011010
1010001000
1101110010
0000011011
1111111011
1100110000
1001100101
1001000101
1011110000
1111011100
0001001011
1111100111
1100000111
1001101000
1010010010
1101101001
0000111111
0001101011
1111001101
1011101101
1010001010
1011111011
1111101001
0010010110
0001111001
1110110001
1011101000
1011001100
1101111000
0001100111
0011011001
0001110111
1110011000
1011111011
1100101000
0000000000
0011011000
0100000101
0001101000
1110001001
1100100111
1110011001
0010001000
0100110100
0100011000
0001001111
1110000111
1101101010
0000010111
0100000101
0101110110
0100010011
0000110011
1110010101
1111000001
0010010111
0101101110
0110011000
0011111001
0000011001
1110110101
0000100100
0100010000
0110111011
0110011011
0011010000
0000000101
1111100101
0010001110
0101111000
0111100110
0110000000
0010011100
1111111011
0000100010
0011110101
0111000111
0111101110
0101001010
0001100101
1111111101
0001101000
0101001111
0111110101
0111010001
0100000001
0000110001
0000001100
0010110000
0110010110
0111111111
0110010100
0010101011
0000000101
0000100111
0011110101
0111000010
0111100100
0100111011
0001010010
1111100100
0001001010
0100101101
0111001110
0110100101
0011010000
1111111011
1111010010
0001110001
0101010011
0110110111
0101000111
0001011011
1110101111
1111001110
0010010111
0101100000
0101111110
0011010010
1111100101
1101110100
1111010110
0010110110
0101010011
0100100111
0001001111
1101111000
1101001011
1111101001
0011000111
0100101001
0010110111
1111001001
1100011100
1100111000
0000000000
0011001000
0011100100
0000110111
1101001001
1011010111
1100111001
0000010111
0010110101
0010001000
1110110001
1011011001
1010101101
1101001010
0000101010
0010001100
0000011011
1100101110
1010000010
1010100000
1101101001
0000110010
0001010001
1110100101
1010111001
1001001001
1010101101
1110001111
0000101110
0000000101
1100110000
1001011011
1000110010
1011010011
1110110110
0000011100
1110101110
1011000101
1000011100
1000111110
1100001011
1111011001
1111111011
1101010101
1001101100
1000000001
1001101010
1101010000
1111110100
1111001111
1011111111
1000101111
1000001011
1010110001
1110011000
0000000011
1110011011
1010110110
1000010010
1000111001
1100001011
1111011110
0000000101
1101100100
1010000000
1000011010
1010001000
1101110010
0000011011
1111111011
1100110000
1001100101
1001000101
1011110000
1111011100
0001001011
1111100111
1100000111
1001101000
1010010010
1101101001
0000111111
0001101011
1111001101
1011101101
1010001010
1011111011
1111101001
0010010110
0001111001
1110110001
1011101000
1011001100
1101111000
0001100111
0011011001
0001110111
1110011000
1011111011
1100101000
0000000000
;