     51
   1095
  19222
  22783
  25727
  29567
  31570
  31207
  31226
  32047
  30956
  27526
  24547
  22514
  18784
  13072
   8142
   4581
   -221
  -6563
 -11634
 -14860
 -18848
 -23940
 -27306
 -28439
 -30004
 -32350
 -32799
 -30900
 -29377
 -28654
 -26112
 -21356
 -17224
 -14222
  -9721
  -3453
   1797
   5435
  10068
  16013
  20421
  22783
  25727
  29567
  31570
  31207
  31226
  32047
  30956
  27526
  24547
  22514
  18784
  13072
   8142
   4581
   -221
  -6563
 -11634
 -14860
 -18848
 -23940
 -27306
 -28439
 -30004
 -32350
 -32799
 -30900
 -29377
 -28654
 -26112
 -21356
 -17224
 -14222
  -9721
  -3453
   1797
   5435
  10068
  16013
  20421
  22783
  25727
  29567
  31570
  31207
  31226
  32047
  30956
  27526
  24547
  22514
  18784
  13072
   8142
   4581
   -221
  -6563
 -11634
 -14860
 -18848
 -23940
 -27306
 -28439
 -30004
 -32350
 -32799
 -30900
 -29377
 -28654
 -26112
 -21356
 -17224
 -14222
  -9721
  -3453
   1797
   5435
  10068
  16013
  20421
  22783
  25727
  29567
  31570
  31207
  31226
  32047
  30956
  27526
  24547
  22514
  18784
  13072
   8142
   4581
   -221
  -6563
 -11634
 -14860
 -18848
 -23940
 -27306
 -28439
 -30004
 -32350
 -32799
 -30900
 -29377
 -28654
 -26112
 -21356
 -17224
 -14222
  -9721
  -3453
   1797
   5435
  10068
  16013
  20421
  22783
  25727
  29567
  31570
  31207
  31226
  32047
  30956
  27526
  24547
  22514
  18784
  13072
   8142
   4581
   -221
  -6563
 -11634
 -14860
 -18848
 -23940
 -27306
 -28439
 -30004
 -32350
 -32799
 -30900
 -29377
 -28654
 -26112
 -21356
 -17224
 -14222
  -9721
  -3453
