3.583648e-004
4.817223e-005
-5.012621e-004
-9.333329e-004
-5.183049e-004
8.223410e-004
1.988256e-003
1.429762e-003
-1.139909e-003
-3.724412e-003
-3.319505e-003
1.005369e-003
6.100174e-003
6.604824e-003
9.963176e-005
-9.041803e-003
-1.189498e-002
-3.045109e-003
1.229405e-002
2.008983e-002
9.288720e-003
-1.549041e-002
-3.320151e-002
-2.213528e-002
1.819974e-002
5.818091e-002
5.392560e-002
-2.001848e-002
-1.453421e-001
-2.640245e-001
6.873261e-001
-2.640245e-001
-1.453421e-001
-2.001848e-002
5.392560e-002
5.818091e-002
1.819974e-002
-2.213528e-002
-3.320151e-002
-1.549041e-002
9.288720e-003
2.008983e-002
1.229405e-002
-3.045109e-003
-1.189498e-002
-9.041803e-003
9.963176e-005
6.604824e-003
6.100174e-003
1.005369e-003
-3.319505e-003
-3.724412e-003
-1.139909e-003
1.429762e-003
1.988256e-003
8.223410e-004
-5.183049e-004
-9.333329e-004
-5.012621e-004
4.817223e-005
3.583648e-004
;