    -276
   -1065
      80
     184
    -733
     761
     760
     -24
     209
     112
    -119
     464
    -376
    1395
     -87
      73
     682
      38
     -61
    -532
     188
    -854
     457
    1038
    -442
     548
     802
   -1019
    -921
     365
    -256
     441
     521
     455
     825
     427
     761
    -769
     -13
    -100
   -1025
     164
    -675
     905
    -515
     338
     140
    -589
   -1387
     -38
    -646
     393
     325
    1082
     378
    -411
     243
    -645
     -12
     -31
       0
    -203
     700
   -1198
     274
     572
     467
     369
      26
     433
     364
    -163
    -241
    -189
    -943
    -150
      76
     201
     923
    -224
     398
     511
     601
    -634
     136
     152
    -644
    -474
     692
     -84
     249
      56
    -406
    -358
     284
    -607
     499
     364
    -525
    -170
    -759
   -1408
     630
    -332
     209
     150
      14
    -642
    -605
    -239
    -758
    -675
     941
      36
    -778
     -26
    -721
    -862
    -167
     609
      82
     420
    -746
    -294
    -168
    -775
    -843
     595
       7
    -412
     515
     148
    -633
     856
     185
     945
     727
    -437
    -826
     -47
    -211
    -539
     318
     951
    -349
    -541
    -157
     424
    -546
    -768
     -77
     -42
     310
    -381
     -96
    -278
     -51
     981
    -388
    -861
     300
    -578
      23
    -401
     342
     353
    -130
   -1313
      85
    1018
     651
   -1010
     -50
    -436
    -655
    -789
     185
    -274
      36
    -235
    -297
     237
     466
    1350
    -868
    -654
     663
    -249
    -883
     202
     993
     452
    1251
     322
    1192
    -217
    -729
    -135
     761
    -713
     406
    -384
     352
    -703
      55
   -1281
    -315
     295
    -205
     790
    -404
   -1486
    -787
     675
     -72
     242
     604
   -1355
    -412
    -450
    -651
    -116
     972
     -25
     785
    -445
       5
    -500
     375
    -161
     307
     427
     -50
     568
    1476
     335
      -8
     584
      36
    -708
     310
      -3
    -177
     816
    1191
    -334
      66
    -516
     435
   -1511
     633
     140
     167
     776
    -176
     -85
    -812
   -1063
    -450
     180
    -346
    -852
     686
    -455
      -7
      -1
    -159
     253
    -169
   -1064
    -658
     155
    -803
    -222
    -602
    -751
    -653
    -257
     111
     -74
     680
    -157
    -970
       6
      46
     202
     319
     817
    -350
     167
      -8
    -371
    1365
    -165
    -901
    1131
     208
    -715
     397
     812
    -573
      86
     -89
    -744
     757
     -10
     343
    -458
    -419
     201
      68
    1181
    -176
    1414
     964
   -1243
   -1074
    -367
    -119
       6
     535
    -462
    -461
    -129
     -13
     178
     676
     397
   -1119
     446
     519
     407
     837
     209
    -430
     -95
   -1565
     303
      75
    -378
    -418
    -691
     -31
     242
    -211
    -320
     -23
    -112
    -612
     826
     282
     819
    -318
    -715
     516
      26
    -483
     -57
   -1284
     693
    -627
    -440
     856
    -581
    -264
    -324
    1035
      52
    -691
    -719
    1109
    1238
    1045
    -803
    -136
    -127
     197
    -366
    -625
    -286
     692
    1517
     147
    -170
     448
    -312
    1190
     707
    -785
    -428
     857
     248
     251
   -1091
     146
     438
    -407
    -641
    -119
    -674
     -46
     178
     878
     115
    -346
    1045
     527
     147
     429
    -325
     547
     172
     399
    -669
     982
     278
   -1225
     300
     815
     408
     883
     844
    -581
   -1474
    1143
     250
      13
    -259
    -981
     141
    -879
    -536
    -133
     483
     240
    -860
     947
      21
    1196
    -773
    -500
    -490
     -69
    -625
    -616
   -1521
    -536
     164
    -118
    -107
     -75
     108
    -320
    -451
     325
    -269
     146
    -613
     -93
     476
    -569
      89
    -151
     -48
    -229
   -1328
     -92
     891
     417
    -241
    -423
     159
    -245
    -338
      35
     801
   -1611
     374
    -644
     604
   -1549
    -143
      37
    -271
    -130
    -967
    -720
    -521
     234
    -375
     983
      90
   -1191
    -290
    -417
      66
    -141
    -178
    -469
     -41
    -923
     391
    -846
    -423
     -93
     159
     -49
    1111
    1037
     400
      59
    -516
    -295
    -899
    -239
    -301
    1119
     481
      42
    -187
      53
     490
    1430
     209
     552
     434
     355
     640
     805
      28
    -201
     145
     637
     777
    -347
     583
    -110
    -215
     346
     596
    -364
    -958
     -32
     353
      53
    1008
    -211
     508
    -502
    -807
     426
    -890
    -831
    -387
    -951
     357
    -177
    -827
    -568
    -631
     -46
   -1543
    -444
    -889
     211
     383
      94
     -65
   -1684
      18
    -560
    -170
    -209
    -740
     371
     153
    -224
     570
    1009
    -708
     -17
    -710
     480
     320
    -331
    -357
    -482
     592
    -159
     -96
    -804
     200
    1720
     185
    -909
     158
    -918
      95
   -1082
     460
     730
     992
     884
    -485
     283
     582
    -687
     129
     488
    -823
    -609
     497
      -4
     335
     872
     308
    -503
     481
    -107
    -522
    1338
      51
    -599
     406
    1075
     379
     505
      67
    -101
     557
    -124
      48
    -337
    -438
    -172
    -760
     159
      65
     -26
   -1437
    -326
     159
     236
     115
     -24
   -1025
     217
     -84
     310
     383
     -55
     208
    -214
    -206
    -244
    -609
     149
     790
    -370
    -321
     462
      25
     985
   -1087
    -661
    -488
    1391
     276
    -284
      19
    -202
     625
      12
     523
     449
    -148
     -73
      82
    -511
    -153
     -57
    -654
     599
    -723
    -454
    -748
     681
    -435
   -1103
     520
     922
     430
      89
    -549
    -481
     786
     736
    -389
     515
     139
    -239
    -532
     183
   -1163
   -1005
    1288
     -46
    1680
    -156
     111
     590
    -114
    -333
     915
    -556
     516
    -326
     475
     542
    -530
     341
     660
    -672
     231
     -24
    -785
    -176
    -103
    -693
   -1249
    -581
      -4
   -1102
     807
    -384
   -1319
      71
     951
      34
     104
     -17
     111
     564
     117
     483
     325
      84
     179
    -628
    -603
      -8
     226
    -572
     519
      70
    1746
     263
    -835
     245
     319
    -326
     150
    -382
      13
     268
     761
     493
   -1690
     182
     528
      -5
     549
     495
     835
     787
     613
   -1058
    -633
     438
    -623
    -388
     439
      13
     680
    -857
     306
   -1044
    -922
     188
     -90
    -722
    -187
    -372
    -573
     159
    -952
     200
   -1294
     338
     220
     485
    -442
     435
    -686
     575
   -1357
     182
    -469
    -494
      97
    -215
     620
     -69
     648
    -304
      44
     255
     714
     397
    -184
    -877
    -438
     212
    -638
     186
     708
     157
     105
     260
     777
     926
    -655
     131
     376
    -169
    1595
     547
    -544
     519
     448
     486
   -1095
     982
   -1029
     709
    -709
     246
     617
     523
      24
    -592
     -72
    -513
   -1064
    -576
     376
     354
    -265
      39
     292
     127
     165
    1330
   -1456
     217
     185
     423
    -371
     567
     110
     543
     616
     845
     -41
     842
     146
    -914
     -96
    -323
   -1105
    -267
    -393
     461
     217
     564
     182
     -93
     -57
     185
     745
     515
    -867
      77
    -142
     365
    -192
     725
    -115
    -938
     892
     282
     361
    -443
     533
   -1430
     702
      -1
   -1032
    -785
     133
     141
    -643
    -290
     895
    -295
      21
     511
     573
      88
   -1035
   -1052
     274
    -471
     361
    -885
     294
     402
     243
    -648
    -222
     282
   -1016
    -448
    -689
     641
    1105
     453
    -478
     146
    -143
    -545
     221
      70
    -724
    -437
    -178
     419
    -798
    -382
    -308
     629
    1126
     912
     583
     209
      44
    -959
    -267
     -13
     146
    -644
    -425
     357
    -760
    -496
     173
     981
    -673
     400
    -510
    -200
    -385
     805
     549
   -1346
    -231
     354
    -995
    -132
    -272
     316
    -557
      51
    -333
    -904
    -246
    -293
    -186
    -193
   -1015
     699
     846
     -81
    -471
     137
    -256
      42
   -1124
    1078
     209
     458
    1022
   -1320
    -475
     113
     337
    -354
     191
    -784
    -121
    -193
     612
    -341
    -576
    -571
     178
    -477
    1025
     367
     205
     -97
     202
     859
   -1430
     826
    -242
       2
     565
     372
   -1032
    -961
     367
    -582
   -1043
    -230
    -254
    -742
    -709
     186
   -1221
     840
     425
    -176
     -15
    -580
    -667
     239
     576
     817
     -82
     392
    1251
    1449
    -239
    1431
    -102
    -450
     360
     -32
     744
     421
    -991
   -1936
     346
    -645
     580
    1011
    -626
     644
     101
    -375
    1006
    -330
     785
    1012
   -1335
    1885
     867
     671
    -490
    -165
    -877
    -810
    -572
     377
    1178
     862
    -314
   -1392
     151
    -470
   -1137
     286
     372
     548
    -170
    -267
    -132
    -111
     139
    1077
      76
     416
    1330
    -217
     467
     188
    -543
   -1620
   -1521
    -221
    -391
    -261
    -905
     145
     133
    -460
     484
   -1050
    -675
    -161
    -830
     788
     955
     151
    -898
     421
   -1634
    -342
    2047
     281
    -735
     567
    -181
     662
    -233
     858
     645
     137
    -191
     164
    -122
     -51
     447
    -509
    -512
      -5
    -465
    -953
     556
    -170
   -1001
    -252
     -92
   -1492
    -868
   -1161
     708
     -91
     711
     357
     306
    -434
     182
    -852
    -463
    -424
     127
   -1147
    -887
     126
     939
     234
    -283
     -31
      50
    1251
     -47
     600
     -51
    -512
     198
     672
   -1064
    -697
    -123
     296
    -591
    -415
     398
    -853
     670
     552
    -411
     422
     827
     201
     549
      82
      11
     -47
    -636
    -478
     -20
     632
    -383
     944
    -520
     412
    -837
    -554
    -303
     142
    1196
      70
    -263
     327
    -766
     -62
     285
    -189
    -107
     115
     269
    1072
    1276
     445
    -873
     232
    -362
    -667
     446
     309
    -124
    -242
    -567
   -1176
   -1041
    -750
    -266
     112
     147
    -793
     447
     273
     930
    -326
      -4
    -336
     459
     696
     320
    1772
    -102
     275
   -1257
    -349
   -1207
     -69
    -841
    -430
    -577
     -99
     605
     991
     274
    -358
     115
    -493
    -603
    -900
   -1218
     -42
     430
     132
      -5
      13
    -357
    1206
    -141
    -904
    -194
    -364
     -78
    -249
    -540
   -1111
    -287
    -989
     -61
     580
    1515
     332
     262
     673
     274
     828
    -119
      84
    -420
    -485
    -380
     519
      44
   -1172
    1168
     418
    -987
    -240
     133
    -489
     -68
     217
     661
    -898
    -659
    -411
     109
     860
    1238
     474
     519
     -91
     -64
    -511
     315
     791
     828
    -178
     139
     403
    -351
     147
     227
     333
    -394
     860
     623
   -1520
    -698
    -208
   -1286
    1002
     149
     413
    -722
     126
    1085
     464
     507
     386
     -37
    -709
    1371
    -865
     292
     250
    1325
    -207
     938
    -321
     134
     482
    -606
     392
    1125
      57
    1659
    -432
    1781
     -11
     174
    -584
   -1247
    -203
     376
     530
   -1071
   -1229
    -279
      29
    1545
    -198
     120
     606
    -336
    -713
   -1018
     751
     310
    1052
    -290
     645
    1310
     385
      11
   -1029
     792
     437
    -499
     339
    1364
     227
     148
     823
      -9
    -852
    -356
     483
    -583
     877
     157
      76
     246
     -45
    -370
     300
     831
    1045
    -449
     516
    -657
     827
      10
     140
    1095
   -1329
      72
    -694
    -996
     407
    -259
    -258
      54
    -278
    -360
     561
    -521
    -165
     315
    -513
      -5
     401
      99
    1650
    -835
     654
     497
    -533
    -375
      42
      -8
     -49
    -996
    1088
    -300
      60
     183
     588
     326
     157
    -895
     620
    1019
    -919
    -981
     -48
      52
    -539
    -361
     -18
    -795
     469
      38
      95
    1020
    -497
     991
     674
    -107
     201
     907
     209
     304
     255
     -47
     840
     625
    1101
    -264
     361
     473
     141
     839
     402
    -708
    -286
    -464
     226
    -324
   -1345
    -425
     927
    -211
    1727
   -1045
    -343
     350
     954
    -291
    -317
     790
      26
     478
     787
     195
     689
     489
    -843
    -325
     355
   -1251
    -486
   -1562
    -421
     -73
     192
    -373
   -1965
     991
    -260
     913
    -865
     578
     346
    -297
    1553
    1291
     510
      20
     346
     437
    -377
    -167
     970
     644
     194
    -522
    -314
     554
     231
     -51
     479
   -1145
     775
     -39
    -251
     390
     411
     652
     597
     785
    -159
    -452
    -380
    -168
     794
    -990
    -247
     176
     528
    -626
     -67
      82
      40
     238
     -66
    -445
    -247
      10
     875
     266
      44
     188
     302
    1139
     167
     966
     203
     514
     371
    1137
    -600
    -586
     240
     582
      99
    -129
     952
    -397
     517
    1233
     253
    -551
    1554
    -537
     179
     524
     785
     -41
     412
   -1132
      38
    -486
   -1081
     705
     935
     151
    -702
    1544
    -257
     584
     -87
     840
     206
    -305
      49
     -67
     906
     452
     235
    -385
    -545
     419
     940
    -518
    -816
    1101
      65
    -513
    -800
     791
     977
    1136
     403
      53
    1368
     808
   -1119
      -9
    1578
    -428
     166
    -238
     843
    -417
      40
    -470
    -115
     693
      88
     -10
    -600
    -945
     231
     305
     206
   -1200
     435
     149
     792
      80
     115
    -387
    -663
    -189
     931
    1152
    -852
     248
     -15
      71
     520
    -645
    -642
     181
     185
    -158
    -140
     574
    -410
    -115
     459
     193
     990
     -28
     -19
    -244
    -354
     596
    -841
    -193
   -1662
     499
     385
     603
    -654
     -43
      52
   -1129
   -1139
    -422
     864
    1366
     107
   -1090
     177
     252
     -63
     113
   -1175
    -960
     524
    -150
   -1043
    -203
    -509
     442
     -27
     207
     324
    -657
      64
     -74
     441
    1204
     208
     -61
      20
    -392
   -1107
     306
    -286
     247
      34
    -311
     156
     459
      98
      86
    -643
     835
     766
   -1647
   -1334
     247
    -550
    -787
    1688
    -578
    -782
     194
    -467
    -731
    -903
    -378
     332
    -954
     -55
      -8
    -221
     630
     411
    1866
    -798
     100
     504
    -369
     337
    1069
     511
     565
    -143
     190
    -333
     -99
     -63
     637
     278
     -16
    -243
    -155
    -745
     484
     744
    -654
    1088
    -316
     110
     226
    -157
     -93
    -747
     -14
     395
    1193
      52
    1028
    -243
    -831
    -463
    -361
     397
    -854
     -79
    -705
   -1760
     161
    -549
     726
    -190
     738
     669
    1359
    -419
    -730
     607
    -259
    -246
     308
     284
     244
     705
     547
    -753
     257
    -373
    -626
      74
      44
    -339
     346
     436
     344
    -326
    -845
    -390
    -361
      55
     442
    1364
      -2
     -57
    -163
    -559
     270
     -85
     345
     559
    -799
     555
    -514
    -481
    -477
    -198
    -973
     528
    -392
     613
    1261
     189
    -251
     368
    -730
      39
       8
    -107
    -439
    -633
     -32
     460
    -181
    -911
     295
     698
    -667
   -1817
     637
      49
   -1193
    -392
     747
    -368
    -169
       3
     -25
    -323
    -740
     454
     465
     554
    1554
      70
      17
     620
      -3
     901
    1124
     566
     729
     258
     122
    -443
       7
    -707
    1220
    -106
    -468
    -633
     572
     286
     568
     686
     -67
     989
     109
     514
   -1102
     111
    -309
    -468
   -1363
   -1157
     -33
     -55
    -760
    -482
     605
    -117
     -42
     578
     932
    -715
    1159
      96
    -181
    1055
     426
    -221
    -169
    -412
    -579
     458
      -5
   -1799
     -96
     369
     481
    -107
    -372
     234
    -351
     370
   -1250
     334
    1023
     468
     355
    -520
    -345
     836
    -308
   -1120
    -592
     590
      26
     264
     382
    1230
     456
   -1478
     883
     889
    -290
    -402
     654
    -313
    -257
     895
     179
    1202
    -511
    -358
    1092
    -412
    -909
    -483
     101
     242
     114
    -385
;