    0
    0
    0
    9
   42
  106
  171
  173
   56
 -151
 -315
 -294
  -51
  288
  509
  458
  147
 -254
 -519
 -491
 -177
  260
  602
  727
  649
  470
  261
   27
 -226
 -442
 -521
 -419
 -187
   51
  174
  121
 -100
 -410
 -671
 -726
 -487
  -16
  473
  731
  620
  225
 -207
 -432
 -374
 -143
   62
  105
   -2
 -125
 -110
   85
  355
  518
  471
  265
   46
  -93
 -185
 -301
 -427
 -433
 -218
  156
  477
  568
  434
  229
   97
   45
  -19
 -144
 -266
 -268
 -108
  118
  235
  143
 -101
 -317
 -339
 -157
   79
  172
   14
 -334
 -671
 -779
 -570
 -158
  201
  279
   40
 -347
 -645
 -707
 -543
 -268
  -24
   70
  -45
 -324
 -598
 -669
 -440
  -21
  315
  331
   13
 -423
 -700
 -677
 -426
 -128
   72
  134
  104
   55
   62
  177
  380
  550
  513
  197
 -271
 -613
 -603
 -257
  173
  386
  262
  -67
 -348
 -420
 -332
 -232
 -204
 -200
 -146
  -60
  -20
  -45
  -66
  -26
   13
  -57
 -245
 -408
 -383
 -162
   87
  153
  -15
 -249
 -299
  -77
  227
  291
  -29
 -536
 -852
 -753
 -359
    1
   97
  -31
 -140
  -34
  243
  448
  362
    5
 -368
 -484
 -277
  116
  499
  762
  879
  833
  595
  205
 -182
 -372
 -288
  -44
  134
  102
 -109
 -355
 -510
 -539
 -444
 -240
    2
  116
  -47
 -428
 -728
 -633
 -147
  347
  406
  -58
 -687
 -980
 -716
 -101
  446
  627
  427
   58
 -233
 -307
 -169
   63
  254
  347
  392
  474
  600
  671
  565
  273
  -64
 -262
 -233
  -21
  252
  468
  538
  412
  111
 -243
 -473
 -461
 -213
  129
  382
  413
  194
 -199
 -603
 -826
 -766
 -484
 -176
  -20
  -47
 -141
 -166
  -93
  -11
  -41
 -219
 -467
 -642
 -648
 -517
 -395
 -411
 -543
 -634
 -519
 -194
  153
  290
  126
 -200
 -415
 -322
   37
  410
  539
  352
   31
 -153
  -72
  164
  326
  279
   93
  -45
  -23
  107
  198
  140
  -39
 -209
 -237
  -96
  102
  185
   67
 -136
 -202
   16
  440
  804
  845
  475
 -148
 -714
 -914
 -647
 -122
  274
  264
  -81
 -402
 -372
    1
  389
  457
  189
 -101
  -82
  263
  611
  586
  111
 -512
 -855
 -728
 -320
  -12
  -38
 -292
 -467
 -371
 -103
   68
    0
 -184
 -225
    1
  343
  507
  333
  -48
 -341
 -374
 -237
 -159
 -255
 -404
 -408
 -213
   15
   88
  -10
 -113
  -86
   25
   86
   87
  176
  436
  687
  622
  164
 -388
 -633
 -461
 -103
  176
  332
  467
  579
  545
  329
  108
   80
  221
  308
  196
  -12
 -107
  -40
   36
  -25
 -191
 -320
 -350
 -332
 -305
 -214
    7
  297
  494
  495
  373
  282
  288
  313
  267
  153
   71
   91
  164
  181
   88
  -42
  -57
  146
  496
  738
  628
  164
 -341
 -503
 -236
  147
  215
 -151
 -656
 -874
 -636
 -160
  206
  277
  158
   76
  142
  244
  171
 -141
 -531
 -752
 -737
 -638
 -622
 -659
 -572
 -280
   62
  200
   50
 -220
 -356
 -267
  -82
    9
  -59
 -183
 -224
 -147
  -44
  -43
 -183
 -383
 -485
 -364
  -43
  283
  368
  135
 -236
 -444
 -345
  -79
   68
  -47
 -313
 -501
 -494
 -378
 -291
 -292
 -336
 -392
 -470
 -563
 -569
 -374
  -16
  277
  254
 -108
 -544
 -712
 -501
 -127
   72
  -55
 -360
 -566
 -536
 -361
 -212
 -143
  -44
  204
  561
  816
  750
  327
 -253
 -691
 -775
 -498
  -32
  388
  571
  463
  199
   31
  151
  507
  826
  853
  594
  311
  237
  353
  434
  331
  139
   78
  221
  400
  391
  167
  -68
 -118
  -11
   41
  -89
 -271
 -251
   62
  453
  584
  310
 -186
 -569
 -659
 -554
 -471
 -505
 -556
 -494
 -347
 -271
 -385
 -623
 -814
 -843
 -719
 -505
 -240
   11
  119
  -42
 -424
 -768
 -812
 -531
 -165
   26
    2
  -52
   44
  262
  389
  255
  -76
 -347
 -343
 -113
   92
   65
 -141
 -296
 -254
  -82
   76
  179
  270
  321
  205
 -143
 -557
 -737
 -506
   39
  595
  879
  793
  447
   64
 -158
 -160
  -57
  -22
 -123
 -259
 -247
   -5
  347
  572
  514
  217
  -91
 -189
  -33
  219
  363
  329
  238
  260
  413
  536
  463
  208
  -44
 -137
 -101
 -101
 -234
 -416
 -471
 -338
 -155
 -126
 -303
 -500
 -470
 -173
  150
  202
  -61
 -360
 -368
  -40
  341
  448
  208
 -169
 -412
 -406
 -224
  -14
  121
  146
  102
   60
   59
   42
  -70
 -248
 -319
 -129
  226
  453
  346
   31
 -149
    3
  335
  503
  328
  -50
 -344
 -397
 -275
 -154
 -137
 -217
 -319
 -377
 -376
 -325
 -245
 -133
   36
  248
  401
  354
   96
 -174
 -193
   89
  426
  495
  211
 -212
 -504
 -565
 -479
 -307
  -24
  373
  733
  821
  554
  118
 -170
 -146
   73
  243
  233
  114
   45
   90
  177
  197
  119
   -8
 -128
 -222
 -303
 -388
 -483
 -590
 -695
 -735
 -638
 -410
 -185
 -110
 -189
 -251
 -121
  167
  393
  378
  185
   49
  127
  333
  433
  285
  -48
 -362
 -486
 -388
 -164
   72
  271
  437
  550
  528
  312
  -16
 -257
 -268
 -105
   58
  125
  135
  149
  124
  -11
 -191
 -221
   30
  454
  791
  845
  612
  228
 -161
 -442
 -536
 -419
 -159
   96
  218
  157
  -56
 -337
 -578
 -668
 -567
 -351
 -191
 -201
 -346
 -474
 -484
 -405
 -338
 -314
 -251
  -75
  150
  260
  144
 -132
 -384
 -482
 -433
 -339
 -256
 -170
  -31
  148
  286
  300
  193
   80
   84
  207
  285
  146
 -209
 -553
 -615
 -326
  117
  426
  468
  346
  261
  308
  393
  360
  191
   55
  141
  427
  667
  632
  333
   18
 -102
  -42
   22
  -32
 -139
 -145
   25
  267
  392
  270
  -69
 -462
 -719
 -731
 -517
 -189
  102
  242
  214
  122
   97
  171
  234
  162
  -26
 -161
  -96
  130
  347
  434
  427
  440
  511
  542
  416
  116
 -249
 -533
 -656
 -623
 -477
 -251
   29
  293
  436
  378
  172
   -4
    2
  169
  298
  214
  -51
 -258
 -203
   63
  284
  253
   38
 -108
  -16
  199
  266
   56
 -283
 -490
 -467
 -342
 -297
 -346
 -357
 -232
  -18
  151
  207
  200
  200
  178
   30
 -277
 -600
 -709
 -507
 -141
  127
  161
   36
  -78
 -124
 -171
 -298
 -466
 -532
 -363
   34
  465
  660
  465
    3
 -401
 -487
 -283
  -63
  -59
 -251
 -421
 -410
 -264
 -119
   -5
  194
  539
  879
  928
  546
  -88
 -589
 -684
 -423
 -101
    6
 -144
 -372
 -457
 -315
  -37
  197
  241
   76
 -177
 -321
 -240
   -3
  159
   60
 -256
 -549
 -593
 -387
 -124
   -1
  -75
 -252
 -416
 -505
 -501
 -423
 -318
 -224
 -133
   -2
  161
  260
  184
  -65
 -324
 -403
 -231
  103
  410
  520
  346
  -38
 -409
 -522
 -316
    0
  126
  -43
 -308
