    0
    0
    0
    0
  -30
 -143
 -379
 -690
 -902
 -815
 -338
  365
  960
 1139
  807
  141
 -555
-1004
-1062
 -745
 -172
  454
  917
 1041
  759
  173
 -496
 -981
-1088
 -782
 -183
  473
  940
 1046
  745
  158
 -498
 -972
-1078
 -782
 -189
  469
  942
 1050
  749
  159
 -499
 -973
-1078
 -780
 -188
  468
  940
 1049
  749
  159
 -499
 -973
-1078
 -780
 -188
  468
  940
 1049
  749
  159
 -499
 -973
-1078
 -780
 -188
  468
  940
 1049
  749
  159
 -499
 -973
-1078
 -780
 -188
  468
  940
 1049
  749
  159
 -499
 -973
-1078
 -780
 -188
  468
  940
 1049
  749
  159
 -499
 -973
-1078
 -780
 -188
  468
  940
 1049
  749
  159
 -499
 -973
-1078
 -780
 -188
  468
  940
 1049
  749
  159
 -499
 -973
-1078
 -780
 -188
  468
  940
 1049
  749
  159
 -499
 -973
-1078
 -780
 -188
  468
  940
 1049
  749
  159
 -499
 -973
-1078
 -780
 -188
  468
  940
 1049
  749
  159
 -499
 -973
-1078
 -780
 -188
  468
  940
 1049
  749
  159
 -499
 -973
-1078
 -780
 -188
  468
  940
 1049
  749
  159
 -499
 -973
-1078
 -780
 -188
  468
  940
 1049
  749
  159
 -499
 -973
-1078
 -780
 -188
  468
  940
 1049
  749
  159
 -499
 -973
-1078
 -780
 -188
  468
  940
 1049
  749
  159
 -499
 -973
-1078
 -780
 -188
  468
  940
 1049
  749
  159
 -499
 -973
-1078
 -780
 -188
  468
  940
 1049
  749
  159
 -499
 -973
-1078
 -780
 -188
  468
  940
 1049
  749
  159
 -499
 -973
-1078
 -780
 -188
  468
  940
 1049
  749
  159
 -499
 -973
-1078
 -780
 -188
  468
  940
 1049
  749
  159
 -499
 -973
-1078
 -780
 -188
  468
  940
 1049
  749
  159
 -499
 -973
-1078
 -780
 -188
  468
  940
 1049
  749
  159
 -499
 -973
-1078
 -780
 -188
  468
  940
 1049
  749
  159
 -499
 -973
-1078
 -780
 -188
  468
  940
 1049
  749
  159
 -499
 -973
-1078
 -780
 -188
  468
  940
 1049
  749
  159
 -499
 -973
-1078
 -780
 -188
  468
  940
 1049
  749
  159
 -499
 -973
-1078
 -780
 -188
  468
  940
 1049
  749
  159
 -499
 -973
-1078
 -780
 -188
  468
  940
 1049
  749
  159
 -499
 -973
-1078
 -780
 -188
  468
  940
 1049
  749
  159
 -499
 -973
-1078
 -780
 -188
  468
  940
 1049
  749
  159
 -499
 -973
-1078
 -780
 -188
  468
  940
 1049
  749
  159
 -499
 -973
-1078
 -780
 -188
  468
  940
 1049
  749
  159
 -499
 -973
-1078
 -780
 -188
  468
  940
 1049
  749
  159
 -499
 -973
-1078
 -780
 -188
  468
  940
 1049
  749
  159
 -499
 -973
-1078
 -780
 -188
  468
  940
 1049
  749
  159
 -499
 -973
-1078
 -780
 -188
  468
  940
 1049
  749
  159
 -499
 -973
-1078
 -780
 -188
  468
  940
 1049
  749
  159
 -499
 -973
-1078
 -780
 -188
  468
  940
 1049
  749
  159
 -499
 -973
-1078
 -780
 -188
  468
  940
 1049
  749
  159
 -499
 -973
-1078
 -780
 -188
  468
  940
 1049
  749
  159
 -499
 -973
-1078
 -780
 -188
  468
  940
 1049
  749
  159
 -499
 -973
-1078
 -780
 -188
  468
  940
 1049
  749
  159
 -499
 -973
-1078
 -780
 -188
  468
  940
 1049
  749
  159
 -499
 -973
-1078
 -780
 -188
  468
  940
 1049
  749
  159
 -499
 -973
-1078
 -780
 -188
  468
  940
 1049
  749
  159
 -499
 -973
-1078
 -780
 -188
  468
  940
 1049
  749
  159
 -499
 -973
-1078
 -780
 -188
  468
  940
 1049
  749
  159
 -499
 -973
-1078
 -780
 -188
  468
  940
 1049
  749
  159
 -499
 -973
-1078
 -780
 -188
  468
  940
 1049
  749
  159
 -499
 -973
-1078
 -780
 -188
  468
  940
 1049
  749
  159
 -499
 -973
-1078
 -780
 -188
  468
  940
 1049
  749
  159
 -499
 -973
-1078
 -780
 -188
  468
  940
 1049
  749
  159
 -499
 -973
-1078
 -780
 -188
  468
  940
 1049
  749
  159
 -499
 -973
-1078
 -780
 -188
  468
  940
 1049
  749
  159
 -499
 -973
-1078
 -780
 -188
  468
  940
 1049
  749
  159
 -499
 -973
-1078
 -780
 -188
  468
  940
 1049
  749
  159
 -499
 -973
-1078
 -780
 -188
  468
  940
 1049
  749
  159
 -499
 -973
-1078
 -780
 -188
  468
  940
 1049
  749
  159
 -499
 -973
-1078
 -780
 -188
  468
  940
 1049
  749
  159
 -499
 -973
-1078
 -780
 -188
  468
  940
 1049
  749
  159
 -499
 -973
-1078
 -780
 -188
  468
  940
 1049
  749
  159
 -499
 -973
-1078
 -780
 -188
  468
  940
 1049
  749
  159
 -499
 -973
-1078
 -780
 -188
  468
  940
 1049
  749
  159
 -499
 -973
-1078
 -780
 -188
  468
  940
 1049
  749
  159
 -499
 -973
-1078
 -780
 -188
  468
  940
 1049
  749
  159
 -499
 -973
-1078
 -780
 -188
  468
  940
 1049
  749
  159
 -499
 -973
-1078
 -780
 -188
  468
  940
 1049
  749
  159
 -499
 -973
-1078
 -780
 -188
  468
  940
 1049
  749
  159
 -499
 -973
-1078
 -780
 -188
  468
  940
 1049
  749
  159
 -499
 -973
-1078
 -780
 -188
  468
  940
 1049
  749
  159
 -499
 -973
-1078
 -780
 -188
  468
  940
 1049
  749
  159
 -499
 -973
-1078
 -780
 -188
  468
  940
 1049
  749
  159
 -499
 -973
-1078
 -780
 -188
  468
  940
 1049
  749
  159
 -499
 -973
-1078
 -780
 -188
  468
  940
 1049
  749
  159
 -499
 -973
-1078
 -780
 -188
  468
  940
 1049
  749
  159
 -499
 -973
-1078
 -780
 -188
  468
  940
 1049
  749
  159
 -499
 -973
-1078
 -780
 -188
  468
  940
 1049
  749
  159
 -499
 -973
-1078
 -780
 -188
  468
  940
 1049
  749
  159
 -499
 -973
-1078
 -780
 -188
  468
  940
 1049
  749
  159
 -499
 -973
-1078
 -780
 -188
  468
  940
 1049
  749
  159
 -499
 -973
-1078
 -780
 -188
  468
  940
 1049
  749
  159
 -499
 -973
-1078
 -780
 -188
  468
  940
 1049
  749
  159
 -499
 -973
-1078
 -780
 -188
  468
  940
 1049
  749
  159
 -499
 -973
-1078
 -780
 -188
  468
  940
 1049
  749
  159
 -499
 -973
-1078
 -780
 -188
  468
  940
 1049
  749
  159
 -499
 -973
-1078
 -780
 -188
  468
  940
 1049
  749
  159
 -499
 -973
-1078
 -780
 -188
  468
  940
 1049
  749
  159
 -499
 -973
-1078
 -780
 -188
  468
  940
 1049
  749
  159
 -499
 -973
-1078
 -780
 -188
  468
  940
 1049
  749
  159
 -499
 -973
-1078
 -780
 -188
  468
  940
 1049
  749
  159
 -499
 -973
-1078
 -780
 -188
  468
  940
 1049
  749
  159
 -499
 -973
-1078
 -780
 -188
  468
  940
 1049
  749
  159
 -499
 -973
-1078
 -780
 -188
  468
  940
 1049
  749
  159
 -499
 -973
-1078
 -780
 -188
  468
  940
 1049
  749
  159
 -499
 -973
-1078
 -780
 -188
  468
  940
 1049
  749
  159
 -499
 -973
-1078
 -780
