     0
  -732
  3709
  1272
  2503
 -1221
  2052
   526
  1272
  3865
  2544
  -114
  2238
 -2459
 -1688
   646
   960
 -2317
  -988
 -1261
  -693
   204
  1264
  2265
  1875
  1396
 -2024
   180
  -154
  1016
  -835
  -735
  1260
 -3299
 -1334
  -337
  1686
  -677
   -75
   417
  1739
  1836
  2797
  3989
  1504
  2846
  4834
  4697
  5867
  5819
  8829
  5467
  3835
  8614
  3227
  3931
  8722
  3143
  6259
  3104
  4435
  2960
   399
 -1154
   115
  2024
  1735
  -210
  1165
   682
  -486
  3632
  4158
  4228
  5474
   812
  2366
  2692
  6595
  6474
  4799
  2931
  4053
  6757
  1384
   518
 -1223
  1396
 -2489
 -3229
   781
 -2153
 -3550
 -1629
   770
 -3074
 -2637
 -4908
 -3018
 -3597
 -6147
  1376
  -179
 -1497
   250
   792
  1413
 -1135
   854
    20
  -599
  -214
 -1849
   886
  -987
  1121
 -2290
 -1645
 -1262
   474
 -3642
 -3072
 -4741
  -515
 -2851
    61
  2118
  2684
   736
  2038
 -1236
 -2378
   714
 -1572
 -2163
   -36
  4795
 -1939
 -2037
  1650
   -86
  3206
  4337
   376
  3735
 -1750
  1433
  3061
  6066
   782
  1393
  2925
  1037
  2673
  1073
   903
  1103
 -1076
  -663
 -2381
   626
   187
  -978
  1105
  2482
 -1138
  1921
  2737
  2980
 -3834
   859
  -819
  -809
  2303
   648
  3369
 -4356
 -4452
 -1203
 -1973
 -2325
 -2280
    34
  -631
  3775
  2527
  3862
  1943
  3970
  2619
   -63
  3855
  4069
  1405
  2882
  -678
   729
  -602
  -843
  1539
  -351
  2505
  -572
  1166
  1943
  2097
  1519
 -1076
   434
  2661
  -284
   983
  1525
  -865
 -1130
    91
   522
 -2779
 -1246
 -2424
 -3511
 -2837
 -3269
  1218
 -1301
  1474
   -89
   507
 -2118
  1197
 -3756
 -2726
 -2164
 -3774
 -2098
  -962
 -2869
 -1424
  1121
  2056
 -1757
  1015
  -222
 -1530
 -3405
   482
 -3836
    26
 -2586
 -3464
  1844
 -3019
 -1223
  2013
   951
  -569
  1328
  2945
  4888
   488
 -1012
  1513
 -1629
 -4116
  -410
 -3317
 -2913
 -4487
 -2299
  -250
  1938
  -761
  -754
  -778
 -3314
  -898
 -2512
  -539
 -3708
 -4300
 -2350
 -5688
  -828
   172
  -845
  -320
   829
  1600
  2608
  1081
  1141
  1759
  3997
  -214
  2123
 -1247
  1596
  1849
 -1221
  -446
  -143
  1726
  -665
 -2922
 -1362
 -4267
 -5184
 -1328
   224
  2150
  2573
  1021
  4568
  1825
 -1506
  2546
  -800
  1048
  -740
 -1894
 -1889
  1480
 -2320
 -1534
  -624
  -979
 -1354
    14
 -1620
 -1380
 -2280
  -832
 -3773
 -4738
 -1769
 -3299
 -2842
 -3178
 -3129
 -1184
 -4721
    49
 -2671
   163
   625
   262
  3354
  1336
  1232
  2197
  -952
  2607
  -977
  4960
  2501
 -1019
   525
  1175
  1894
  -167
  2041
  3396
  1834
 -1710
  -657
  1529
  3271
  4204
  3117
  2729
   531
  3845
  1135
  -334
   281
 -2373
   449
 -4099
 -2936
 -3633
  -759
   118
 -1536
  -857
  -294
 -1736
 -1539
  1450
 -2334
  -471
   371
  1086
  -436
  2860
  4797
  1339
  4412
  1964
  1237
  3142
  1274
  2773
  2841
 -2246
  2111
  -783
  -414
  -933
 -2231
 -3498
 -1735
  -332
 -3127
 -2568
 -1507
 -1141
 -2026
 -2767
 -1892
 -1262
   434
   406
   635
  1860
  1764
 -1753
  2107
  1320
  2248
  -106
  3043
   585
   894
  1739
  2156
    27
  2845
  3018
   401
  2774
  3025
  1677
 -1233
   833
  -239
  2100
 -1241
   279
 -1973
 -2870
 -2545
 -3705
 -4111
 -1231
 -4429
 -1933
 -2200
 -3696
  1101
 -2067
   580
   726
 -3978
   500
  1337
  1629
 -1956
  -739
   374
 -2859
 -1989
 -2513
 -1732
 -4210
 -1918
 -2744
    10
  -423
 -3834
   499
   602
  2674
  3477
   872
   644
     8
  -644
 -1972
 -4593
 -2344
  -141
 -1814
  -443
  1767
 -3218
 -2947
 -1058
  -947
 -2741
    64
  -755
   339
 -1231
 -1282
  -627
 -4773
  -541
 -2759
 -1340
 -1579
   991
 -1023
 -1039
   544
 -2488
  -446
  2096
  -878
   312
  -236
  1743
  2463
  -190
  1003
   417
   -32
  4135
  -914
  2715
  2289
  1145
  1873
  4359
  5194
   577
  3570
  -390
  -223
    44
   280
 -1666
   642
  2771
 -1169
  3421
  1648
   591
  1546
  2607
  3354
  -822
  3052
  4985
  2027
  2459
  1908
  3650
  -474
 -1866
   689
  -482
  1228
  -514
   -81
   932
  -951
  -990
   -30
  -668
 -2173
 -2240
   719
   333
 -1674
 -4018
  -870
 -1246
 -2485
 -2837
  -941
    48
 -1488
   763
  2381
  2996
  3382
   765
  1687
  2640
 -1069
 -1528
   -83
 -1152
    98
 -1135
 -1294
  -172
  -816
 -2983
 -3084
 -1197
 -1443
 -3212
  -449
  1425
   985
 -3273
  3792
   710
  2777
  1982
  3443
   978
  4365
 -1063
     1
  4369
  2626
  2410
  1862
  1884
 -2201
 -3045
 -3045
   749
 -2294
 -5710
  -340
  1441
   134
 -2253
 -1975
 -1688
 -1852
   515
 -2099
  -810
 -2494
 -1264
 -2001
 -4047
  -980
  1642
 -1403
 -2962
 -1779
 -1794
   140
 -3348
 -4405
  -502
 -3012
  -541
  -368
 -1649
  1014
  3919
  1290
  4423
  3271
  1366
   524
  -642
  1026
   424
   554
   220
  3888
 -1131
   300
 -1772
 -1443
   299
  -186
 -1849
   715
 -3799
 -2567
  -293
  1709
  -566
 -1555
 -3077
  -598
 -3723
  -499
  -749
 -2003
 -3302
  2212
 -4430
 -1171
  1418
   539
   160
  -126
  -381
 -1716
 -4472
 -1223
  2100
 -2625
   365
  2177
  3510
  3068
  1042
  2028
  4990
  4191
  1034
  1220
  3839
 -1270
   103
  -430
  5965
   700
  -836
   745
 -3138
 -1646
 -3500
 -3935
 -3366
 -1074
 -1040
   922
  1775
  1423
  2628
  1428
  2029
  2382
  2688
  -348
  2609
  1365
  1942
 -1164
   533
   199
  -983
  1182
    91
 -3017
 -4147
   391
 -2018
 -2319
  -601
 -1325
 -1502
   304
 -1760
 -1606
  -692
   408
   935
  4184
  1799
  1479
  2058
  -358
   741
   616
   -43
  2119
  -745
   -12
 -1531
 -2450
 -1706
 -3378
 -2436
  1019
  2471
   450
   459
  2276
  -902
   152
   -54
  4152
  4270
  1624
   325
  1759
   365
    -5
  1377
  1105
  2030
  2681
  1017
  2365
    98
 -1121
 -2221
  1734
   535
  3993
  1044
 -1855
  3403
 -1514
  1768
 -1228
 -1747
  -769
 -1880
  -754
 -1663
  1329
  2412
   792
   167
  2274
  2441
  1985
   787
   888
  1430
  1485
   -62
 -2432
   298
 -2600
 -3440
 -1840
   206
  1261
  3621
  2693
  1428
  2028
  3057
   741
  3446
 -1023
  3058
  1946
  1102
  -354
   300
   469
  1730
 -1091
   317
 -4034
 -2709
 -2457
 -2707
   184
  -513
  -988
  2876
  3381
  1829
  -385
  2702
   703
  -128
  -485
  -380
  -894
 -2626
 -1086
 -2147
  -351
   126
  -615
  1179
  2082
   733
  2177
  -844
 -2108
  3301
  2661
   643
 -3845
 -1396
   166
 -3068
  1335
  -576
   603
  3128
  1359
  2979
  1903
  2190
   112
 -2184
   316
   324
   864
  -165
  1425
  1517
  1167
  -588
   592
 -2433
 -1911
 -1936
    52
  -429
 -1404
   166
 -1010
  2157
  1971
  -379
  -769
   593
  -873
  2382
    48
   712
  3520
 -1435
  -790
  2120
  -156
   647
   305
  1883
   665
  1595
   809
 -1338
  1187
    -3
  -414
  3379
  1620
  1094
  1179
  1963
  1127
  -948
  -541
  -670
 -1322
  -384
 -1280
  -522
  2865
  3795
   210
  1641
   -86
   -67
  -296
 -3174
   382
  3325
  3491
  2810
  4499
  1984
  2367
  2242
  3207
  2020
  1181
 -1892
  2471
   294
  2300
   674
  1279
 -1744
  2089
  3417
  1659
   842
  4859
   760
 -1614
   773
   256
 -3190
 -2819
    96
 -4128
  -589
  -326
  1651
 -1465
  4421
   117
  1635
  2154
   733
  1626
  -917
  1056
   819
   712
  3634
  2189
   593
  1537
 -1347
  1099
   828
  3380
 -1479
  1487
  2447
  2694
  1565
  1357
   408
  4286
   501
   625
  1624
 -1298
  -765
 -1607
 -3781
 -2636
 -5633
 -3224
 -2103
  -566
   927
  -638
  1654
  3310
   388
  -147
  4485
  3657
   537
   248
 -2013
 -1566
 -2898
   587
 -2026
 -2113
   898
  1389
  -729
  -409
  2335
   405
  -374
  1072
 -1077
   361
 -2116
  -894
    86
 -3948
 -1169
  1263
   411
  2449
   352
   -44
   -34
  1455
  -147
  1816
 -2258
 -1846
 -1586
 -2743
 -2546
  -674
 -1260
  -430
 -4658
 -2145
  -907
 -3644
 -1474
   552
 -3611
   644
   155
  2808
  -223
  1861
  -637
  -317
    32
  3081
  3218
   733
  2219
  1018
  -585
  1245
   899
  -601
 -2301
   845
   329
 -1764
   110
  -655
   600
  1107
  -164
  2624
 -1956
  1531
  1172
  1038
  3138
  1214
 -1849
  -377
  1431
  1633
   192
  1439
   904
 -2355
 -1846
 -1822
 -3378
 -3463
 -1530
  -947
  -913
   593
 -2549
  1004
   219
  2305
  2810
  3194
  2111
  -584
   -57
   291
 -1141
  1936
   944
  2150
  -151
 -1273
   776
 -2075
 -2239
    83
 -4005
 -3721
  1115
 -1047
  -891
 -1101
  -542
  -821
   627
 -2105
  -919
  -238
  1867
 -1528
  -508
  1320
    62
  1633
  2193
   662
 -1388
 -1201
  -655
   663
  -947
 -2160
   803
  -221
 -2778
  1498
 -1459
 -2808
 -2071
   352
  -892
   390
 -1110
 -1059
 -2822
 -2886
 -4096
  -528
   110
 -1031
   108
    32
  2620
  4793
  2736
  3109
   757
  2276
  1080
  -498
   794
 -1540
 -3109
  -219
   570
    26
 -2215
 -1165
 -2013
  -426
  -722
  -187
 -1387
  1337
  -309
  -548
   658
  -289
 -1064
  -564
   450
  1028
 -3846
   198
   553
   666
 -2523
 -1637
 -2186
 -2407
  1294
 -3321
 -2969
   150
  -690
   199
 -2801
  1249
  1449
 -1647
   -30
 -2650
  2762
  -115
 -1864
   -59
  -865
   419
  -292
  -950
 -1983
   479
 -2982
 -2236
 -1602
  -726
 -2392
 -1853
   208
   494
 -1281
  -581
 -1897
  -581
    48
   -16
 -3005
  -920
  -692
 -1202
  -690
  1095
  -323
 -2781
   -67
   894
  4331
  2166
 -2235
  -566
  2652
  1768
  1331
  -837
  -164
  -882
 -1277
   600
 -1157
 -1492
 -1399
   -22
 -1227
   980
 -1805
 -1240
  -534
  -413
  -266
 -2992
   525
  -620
 -1352
   144
 -3610
   972
 -1514
 -2660
    48
  -587
  -578
  2086
  1056
 -1060
   963
  -748
  -665
 -1052
 -2197
  -802
    55
 -1650
 -1112
  2357
 -1410
 -1059
  -251
 -2779
   208
 -2095
  -688
 -1139
  -666
  1842
 -1676
  -731
  1063
  1315
   528
 -1004
 -1838
   967
  -302
 -1858
 -1542
   171
 -1858
 -1190
  -950
   218
  -624
   355
 -1184
 -2793
  -464
   332
   635
 -4199
  -799
 -4870
 -1464
   319
 -2101
  -367
 -1771
 -2917
   712
  -313
 -2013
 -1587
 -1949
 -1227
  1289
   231
  -889
 -2207
   -98
  1318
 -1325
   383
  -704
   207
  -560
  2842
   267
 -2814
   517
 -1485
 -2675
  2450
 -1302
 -3402
   673
  4058
 -2012
   523
  1345
 -1624
   749
  -511
  -582
 -2130
 -2668
    51
  -633
 -1803
  2287
  -513
 -2711
  -759
 -2843
   879
  -643
 -5215
  -906
   672
 -3499
  -975
 -1493
    39
 -1670
  -700
  -277
 -2474
  -916
  -657
  2199
 -2436
 -1928
   305
  1166
  4272
 -1580
  -381
 -3287
   900
  -188
 -2054
 -2253
   294
 -1524
  -492
 -2085
  -190
   996
 -3098
  3001
  -450
    46
   943
  2559
    88
  2339
  1316
 -1561
  -599
  2200
  -590
   547
   995
  -426
   696
  -217
   809
 -2278
  -412
  1903
  -726
   -92
  -153
 -1101
  1896
  2183
  2696
  2344
    -2
  2032
  1608
    69
 -1081
 -1011
  -917
  -245
 -1403
   834
  2382
   208
  3341
  -664
   947
  1357
  1792
  1498
  1156
 -1037
   530
  -413
 -1752
   283
 -1695
   488
  -633
   -33
  -532
  -678
 -3229
    59
  -848
  -786
 -1103
 -2124
 -1718
   952
 -1520
    -9
 -1945
  -393
  1157
 -1419
  1889
   101
 -1204
   839
  1822
   746
   509
  1910
  -189
 -1597
 -3121
  -613
  -258
  -852
  1391
  1377
 -2341
  1989
  -100
  1332
  1452
 -2475
  1265
    85
  -616
  2461
  1278
   467
 -1252
 -1139
   590
   344
   496
   586
  2581
   692
   373
  2528
  1031
   214
  1147
 -3816
 -1149
  2561
 -1788
   188
   960
 -3003
   215
   282
  -234
  -928
 -2217
  -652
   728
  2639
   616
   219
 -2233
   906
 -3102
 -2122
   884
  -879
   118
 -1544
   -69
 -1286
 -1149
  -547
   239
   776
   948
   552
  1452
 -1373
 -3704
 -1028
   455
 -1295
 -1794
 -2246
    68
 -1062
   -70
  1256
    28
 -2381
 -1328
 -1786
   308
  -805
 -1504
   983
  -109
   795
   301
   231
   -62
   146
   929
  -355
  2104
   139
   256
   455
  -963
  1290
   814
  1868
   778
   -79
    70
    45
 -1890
  -467
  -786
  -866
   -53
 -3985
 -1635
 -3062
  -261
  -959
  1139
 -1688
  2265
  1415
   838
  2075
  2923
   989
  -778
   -79
  -873
  1077
   586
 -1523
 -1109
   201
 -1686
 -1443
 -1376
 -1326
  -203
  1030
  -105
  2130
   479
   749
 -2641
   701
  1618
 -1993
 -1707
  -282
 -2109
  1677
 -1134
  -367
  1524
   -35
 -2462
  1907
  2035
   850
    10
   384
  -269
  1401
  1808
  -837
  1674
  2460
  1042
   512
  3245
   508
  1732
  -573
  -215
  -523
  1049
  2372
   808
   815
  1111
  1214
  2626
 -2051
   616
  -541
   436
  -303
 -1220
 -3138
 -1321
 -1157
  -414
  2850
  1369
  1327
  1687
   582
   695
 -1228
   331
  1186
 -1072
 -1766
   -90
   142
 -1071
  -138
  1814
   509
  -784
  1648
 -3363
 -1343
 -1311
  1287
  -655
  1220
   956
   169
   884
   935
   588
 -1469
  -635
  -911
  3089
   125
  1023
  -789
   320
 -1058
 -1908
    90
   455
  -273
  -645
  1742
  -846
  -198
  -289
 -1754
  -463
  1038
 -1337
  1112
 -1681
 -3592
  -124
   392
   470
  -328
  1344
 -1136
  2318
 -1928
 -2798
 -1095
 -1421
 -2019
   204
 -1228
 -1035
   396
 -1049
  2106
 -1124
   830
  1795
 -1075
  -390
   634
  1186
  1108
 -2052
 -1525
  -300
  -946
  -743
 -1078
 -1816
  1039
  1166
   528
  1190
  2071
  -184
  2371
   492
 -1491
  1004
  1782
  2225
  -875
  1443
  3059
  1702
  -893
  1781
   -62
  1703
  1837
   -29
   899
   398
 -2691
    66
  1756
  -260
  2992
   -74
   295
  3320
   938
  2006
  2307
     9
   528
  1433
   316
  1700
  -114
  -942
 -1873
  2011
  -557
   390
  1820
 -1096
  2566
  -580
  -240
 -1460
  1103
  2682
  4738
  2028
   886
  -830
  -727
  1429
 -2820
   322
    88
   341
  1331
   805
  1013
   214
   826
   989
   474
   -16
  -629
  -533
  -184
   103
   391
   316
  -634
  -591
   855
 -2437
 -1169
 -1370
  -902
  1519
   -67
  -517
 -1151
  1665
  1500
 -1570
  3586
  -318
   532
  -346
   719
 -1373
  1900
   208
 -1063
 -3424
   557
  1579
 -2919
     4
 -2110
 -1137
  1466
 -2009
  1486
  -655
  -178
  2829
  2325
   521
  1284
   201
   328
  1033
 -1346
  2371
   324
  1096
  1081
  3290
  -466
   263
 -1131
  -668
   -20
  1220
  -256
  1015
 -1491
  -117
  1609
   682
 -2651
    88
 -1677
   724
  1029
  -446
 -1683
 -1266
   218
   234
 -1251
  1028
  1379
 -1988
  1239
   844
 -1070
  1716
  1686
  1333
  2236
  2610
 -2164
 -1624
   383
 -1151
  -841
   114
   854
 -1186
  2026
  -268
  1311
  -917
 -2726
  -780
   542
 -2283
  -931
  3188
  -105
  1498
    -1
   403
  1494
   872
 -1194
  -487
   547
 -2071
 -1449
 -1695
   634
   713
 -1250
 -2633
 -1613
  -514
  -736
 -2165
   -25
  1955
  1048
  -317
   853
  -310
  1009
    92
   515
 -1415
 -2207
  1416
   805
   766
   883
 -1364
  2073
  -467
  1248
  -277
 -1271
  -565
  -750
   123
   -52
  -236
 -2627
  -503
  1981
   607
   754
  1652
  1102
   265
  -225
   492
 -1820
  -556
  -215
 -1200
    24
  1130
     6
  -694
  -277
 -1403
 -3160
 -1818
   570
   -17
    76
  1454
 -1172
 -1698
  -475
  1210
 -2559
  -971
  1088
   851
   343
  -236
  -473
   629
  -618
  1238
  -810
   573
  -487
   506
   508
  -828
   -89
  -663
    65
  2688
 -1327
   -46
   261
 -2728
  -810
   132
   941
   280
  1867
   169
   260
 -1705
 -1196
   313
   569
  1573
   552
  2937
   171
  -433
   888
   -67
   338
 -2289
    80
  -155
  -943
  2221
 -1111
   334
   668
   633
  2262
 -1302
  1047
   957
    78
 -1890
   944
  1061
  -485
   340
   387
   840
  1505
  -721
   583
  1849
    25
  -693
   687
  -116
 -1720
 -1576
  1541
   -42
 -1704
   258
   834
   556
   976
  1194
   220
  1060
  -927
   -15
   447
   897
  1839
 -1477
   413
 -1555
  -406
 -1887
  -543
 -1926
 -1625
  -866
  1458
 -1601
   -60
 -1183
  -634
  -278
 -1175
  -313
   827
 -1465
 -1140
  -405
 -1366
   188
 -2724
  -162
 -1655
  1693
   315
  1007
   413
   241
  2790
 -1024
  2058
  -579
 -1443
   102
 -1036
  3180
 -1350
 -1137
 -2088
  2661
  1041
 -2762
   664
 -1577
  1217
  -638
   230
 -1143
   668
  2162
   -70
 -1009
   440
  -487
  -601
  2647
  -548
   -11
  1155
   366
   686
    24
   583
  1753
   810
 -1747
   245
   -26
   563
  -875
   676
  -263
    63
   572
  -232
  -600
  -541
  -730
 -1876
  1549
 -2278
  1014
   316
   579
   327
  -148
   585
  1715
   613
   915
    21
 -1234
  1501
  2755
  1891
  -321
   887
   -66
 -1326
  -517
 -1601
  -375
   349
  -529
 -2476
  1190
 -1829
 -1991
    13
  1488
  -453
   551
   833
  2690
  2278
  1265
  2505
  -190
  1118
  1399
  -163
   731
  -418
  1193
 -1424
 -2118
 -1410
  1033
   673
  -815
 -2126
  -877
   768
 -1840
 -1287
   509
 -1409
 -1623
 -2958
   895
   389
  -933
  -359
   411
   -88
  -454
   -14
  -508
  1063
 -1800
  2672
   545
   204
  2644
 -1198
  -901
  1921
   770
   886
   104
  1067
  -740
 -4282
    12
  -325
 -1624
  -817
   511
     8
   982
  -742
  -885
 -1582
  1469
  1547
  -554
  -639
   -92
    62
   668
   405
  -567
  -163
   530
   -33
 -1404
  -644
  -288
  1961
 -1063
  1788
  1863
  -549
   -50
   661
  -782
   632
   -66
  1453
  -189
   776
    13
 -1469
  -112
    96
  1450
  -349
 -1016
 -1083
  -991
  1576
 -2241
   143
   113
  1606
  -700
 -1648
  1493
 -1895
   444
 -1413
  -168
  -370
   688
  -449
 -1187
  1715
  1604
   357
  -188
   -36
  -885
  -160
  -957
   525
  -389
  -770
   278
   -70
  3992
  1046
  -324
  -382
  -877
   500
  1403
  2605
   657
   112
  -306
   991
  -412
  2060
   -16
  -934
 -3135
 -1522
  -595
   913
   264
   362
   297
  -213
  1110
  -995
 -1176
  -451
  -456
  -822
   572
  -908
  -165
   603
  1615
  1073
   785
  1297
  -755
  -349
   293
   957
  1201
  2281
   121
   834
   847
   214
  1125
  1345
  1984
  1308
  1233
    69
  2576
 -2311
 -1750
   735
   500
  -863
   661
  1128
 -2069
 -1020
  -953
  -965
 -1806
 -2020
  -962
 -1020
  -252
  -361
   179
  1099
   519
  -346
   194
  -655
   968
 -3399
 -1113
  2715
  1592
   302
    54
  1249
  1359
   291
 -1404
   381
   655
 -1711
   -64
 -1217
 -1288
  -891
  1029
  -192
  -404
  -400
    40
 -1674
 -2254
   -42
   157
  1198
   766
  1681
   130
  2191
  1253
  1876
  1744
   266
  -515
  -644
 -1007
  2224
  -490
  -189
  1061
  -981
   573
  1562
  -838
   670
  -240
   518
  -375
    39
  1587
  1661
   832
   893
   450
  -361
  -167
   114
 -1325
 -2951
   159
  -187
   -59
  1524
   566
  -590
   287
   167
  1495
  -947
 -1528
  1158
  1191
  1327
  -194
  -396
  -602
 -1823
  -489
  -488
   -50
   -80
   261
 -1027
     1
  1859
  -489
  -814
   655
  -793
  -317
 -2621
 -1420
   123
  -233
  -671
   -80
 -3118
 -1620
   776
   733
  1709
  1459
  1149
   174
 -1623
 -1222
  2329
  1024
  -816
 -1452
  -461
   703
  -351
   543
  2405
 -1049
  -530
   505
 -1207
  1286
  -753
 -1252
 -1157
  -176
  -216
  1144
   931
  1893
  -119
    46
   402
   644
  -715
  -156
   708
 -1361
 -3022
    74
   183
  2102
  -683
  -644
  -237
  -321
  -544
  -264
  -299
  -908
  2333
 -1208
  -362
   219
  -605
  1404
  1034
  -835
  -454
  -686
   703
   325
   205
  -118
   585
   984
  1786
 -1275
    61
  1241
   468
   666
   892
  -432
  -438
  -942
  -110
  1243
   157
  -903
  1065
   616
   492
  -326
  1360
 -2019
   149
  -649
  -219
 -1564
  -236
  1828
  -116
  1663
  -971
 -1017
   208
   911
    28
   538
 -1355
   291
   689
  3529
  -402
   632
   467
   576
  -256
  -670
  -323
  -519
 -1163
   894
  -849
   484
   -40
  -504
  -583
  -239
   651
  1291
 -1019
  -346
   249
  -601
    25
 -1173
   982
   248
  1398
 -1299
  -454
  -927
    11
  1058
 -1228
 -1773
  -695
  -120
   -33
  2383
 -1488
 -1110
  -186
 -1713
   179
  -117
  2007
 -1151
  -205
  -245
  1549
  1096
  -435
  -111
   605
   497
   962
   172
  1695
   521
   334
  -203
 -1178
  1985
  -925
  1680
   605
   527
  -348
   114
 -1798
  1290
   193
  -216
  -336
  1486
   383
 -2237
  -580
 -1241
 -1105
  1440
  -993
  -172
  1305
 -1137
 -1029
  -472
   572
 -1651
 -1869
   600
  1639
  1246
  1757
   -26
  -572
 -2329
   752
  -717
   301
  -188
  -256
    40
   320
  1501
   278
   213
  -137
  1600
   304
   509
   560
  -124
 -1679
   260
   269
  1062
   112
  -146
   823
 -1648
  -280
 -1095
  2920
   677
 -1137
   715
 -1033
 -1458
  -402
   134
 -1147
   517
  -383
  -700
   -20
   -47
  -443
  -926
  -276
  1191
  1024
 -1940
 -1099
  -281
  1363
  1209
  -189
 -2224
   424
    33
  -194
   909
   849
   783
  -929
   286
  -206
    32
  -575
 -1481
    58
     6
 -3769
  -845
  2690
 -2246
   -99
 -1767
    92
  -249
   653
 -1042
    98
  -333
   663
  -907
   343
 -1442
  1477
   364
  -893
  -867
   159
   756
  -456
   325
  -365
 -2396
   141
  -970
   399
 -1320
 -1394
  1936
   277
  -398
    54
   914
   403
   134
  -127
 -1426
  -271
  1432
   355
   428
   517
   161
 -1853
     7
  -112
 -1949
 -2367
  1008
 -1266
  1213
  -372
  1813
   983
 -2349
   416
   681
  -677
  2981
  -573
  -892
   225
  -400
   585
  1402
   191
   245
  -145
 -1347
  -410
  1263
  -251
  -542
    84
 -1072
 -1847
   810
  -387
  -727
  -471
  -174
   525
   454
   315
  -429
 -1511
   898
  -458
   195
  -871
  2051
   357
   -61
 -2930
   448
  -250
   -46
   771
   435
  -848
 -3317
  1950
  1016
   786
  1669
  2094
   248
   222
 -1967
   808
  1158
 -1238
  -468
   145
  -266
   838
  -704
 -1359
  1391
   -90
 -1070
  1008
 -1143
   274
  1178
 -1144
  -809
  1617
   952
   -82
   891
  1147
  1014
   180
 -1705
  -849
  -510
  -440
 -2066
  1516
 -1029
   509
 -1111
  -162
  1251
  -297
  -214
  1737
   177
   206
  -926
  -536
 -1027
  1159
  -845
   -61
 -1358
  -254
  -685
 -1304
  -751
 -1694
  1008
   683
  1265
   312
  -179
  -516
  -660
    71
    18
  -606
   461
   944
   912
 -2231
   716
  1887
   815
   428
   461
  1389
  -572
 -1705
   631
  -890
   550
   -11
  -143
  -990
   -34
 -2766
  -963
 -1052
   -46
  -611
   -18
  -664
 -1002
 -1646
  -311
  1453
  -958
  -205
  -352
   -46
 -1350
  2454
  -988
   -79
 -1358
  1251
    13
 -1819
 -1436
 -1125
     3
  -470
  -410
  2153
   708
   198
   783
  -842
  -436
  1519
 -1320
   245
  1478
 -2230
  1369
  -935
  1029
   366
   672
 -1147
  -718
  -724
   640
  -583
  -835
  1479
  -226
  1855
 -2569
   552
 -2218
  -438
  -834
   351
  -402
   282
 -1033
   377
    80
  -672
   532
 -1074
 -2892
 -1815
   665
  -666
 -1052
  1563
 -1477
  2047
    97
  -869
  -655
   416
   -97
  -242
   -80
 -1637
   -17
  -146
   -62
  1241
  1122
 -1063
  -256
   282
 -2127
   531
  -769
   527
   613
   703
  -740
  -370
   997
   876
   103
 -1465
   588
   916
  -115
  1130
 -1296
    25
  -915
   684
  -753
  1740
    -9
  -599
    45
    75
   657
  1499
  1575
   824
   932
  -106
   920
  -318
  -400
    77
  -298
  -252
   286
   -36
 -1490
  -249
  1481
   136
  -126
    18
  -741
    56
  1475
   620
  2354
  1391
  1186
 -3116
 -1425
  1004
 -2073
   304
  -999
 -1074
   -33
    62
  1147
  1494
   490
  -632
  1321
   885
  -765
  1712
  1522
   366
   323
  -453
  -695
   408
  -653
   -68
  -181
  -779
    15
  -638
   619
  1538
  -382
   387
  -229
   229
   812
  -777
  1111
   436
  -774
  -510
 -1068
  1219
   266
  1419
   -98
  -269
 -1487
  1338
  1565
 -1588
 -1041
   175
  -279
    93
   787
   826
  -817
  -584
    89
   570
 -1604
 -1222
   999
  -320
   689
  -106
   321
  -539
  1398
   419
 -1167
  1934
  -471
  2188
    99
   -59
 -1140
 -2573
  1487
  -561
 -1644
  -588
  1603
  1615
   273
  1118
   116
  1257
  -923
  -363
   447
 -1117
   418
  1324
   872
 -1667
  1181
     8
  -550
   330
 -1018
  1083
  1864
  -459
   602
 -1272
 -1253
  -757
 -1263
   436
 -1288
    18
  -797
  -196
   345
  -734
   947
  1173
   947
   778
  -680
  1912
   717
   676
  1330
  1125
  1591
  -645
  -145
    -1
   707
   168
  -731
  -204
  1590
   561
  -191
   826
   381
   745
 -1854
 -1202
   335
  -535
  -896
 -1788
 -1358
  -244
  1315
   803
 -1432
    50
   563
  -361
  -236
  -671
  1303
 -1454
  1003
  2010
   682
  1144
 -1560
 -2444
  1063
   766
  -185
   340
 -1126
   -27
  -794
   999
  -920
   758
  -524
    22
   330
  -216
  1194
   645
   616
  1660
  1409
  -773
   851
  -182
  -276
 -2063
   -52
   561
 -1365
   157
 -1320
 -1754
   286
  -349
  1020
  -273
   601
  -536
   621
   572
  1061
   171
   611
  -917
  -366
   912
   -62
   276
 -1089
   708
   262
   226
   998
  -138
   712
  -365
  1599
   669
  -410
   484
  -250
  -305
  -814
  -729
  2312
   100
   468
 -1314
  -141
 -1329
  -501
   438
  -842
  -723
 -1472
   234
  1969
  1003
   765
  -810
   382
   455
  -323
  -899
  1280
  -984
  1883
 -1405
   342
   763
  -455
  1326
   189
  1279
  -775
  -479
  -925
   541
  -415
  -857
   174
   514
  -528
  -525
  -359
  -418
 -1571
  1511
 -1303
    48
  -982
  -506
  -220
 -1335
   589
 -1021
  1697
  1844
   892
  -821
  -724
   214
   645
   -83
  -801
   826
  -957
   353
  -471
   695
 -2002
 -1084
   836
  1080
  1506
  -457
  -887
  -418
  1169
   -39
   120
  -984
   232
  -466
  -746
   708
   243
  -685
   865
  -993
  -425
   -90
  -216
   816
   -52
    -1
 -1829
   203
  -697
  1619
   758
  -796
  1205
   221
 -1361
  -439
   460
  -333
   367
 -1833
   760
  -251
   720
   421
  -578
  -432
  -389
 -2376
  -974
  1324
 -1130
   844
  -457
  -450
  -596
   529
   630
   950
  1290
  1310
  -697
  -413
  -515
   -76
  1322
 -1081
  -425
  1193
 -1068
    12
   672
   -18
  1533
   -33
  1067
   470
  -485
   558
   338
  1689
   210
  -688
   969
  1055
   -78
   569
  1464
   947
 -1973
   652
  -490
   482
   898
  1074
  -252
  -626
   374
  1391
  1939
  -280
    50
  -501
  1157
   355
    69
   349
  -177
  -922
  -591
  -310
  1459
   -17
   517
   235
 -1623
   736
   344
 -1431
   702
   619
 -1599
   357
 -1336
   337
 -1560
   147
   753
 -1105
   313
  -829
   976
  1201
 -2299
  -270
  -915
 -1202
   694
    45
    85
  1129
 -1193
   814
  1271
 -1667
 -1609
 -1377
   498
  -646
    37
  -557
   273
  -417
  -655
  1876
  -735
  -543
   365
 -1036
   819
    73
  1105
   222
  -957
   702
 -1094
  -438
    69
   973
  1322
   211
 -1207
  -710
  -703
  -865
  1061
  -356
  -416
 -1155
  -724
  1212
  -102
  -966
  -377
   287
  -894
  -273
  -146
 -1534
  -715
  -268
 -1843
  1121
  -774
  1159
    17
  1023
   226
   348
  -598
  1452
  2050
  -403
    36
   977
   -18
 -1453
  2719
  -933
 -2161
  -980
  -638
   537
   241
 -2193
  -860
  -917
  -947
    -5
   331
   703
  -207
  -616
  -512
   -71
  2430
   364
   230
    59
  -789
 -1279
 -1883
  2504
   342
   675
  -822
  -452
     0
  -553
  -494
  -189
   393
   449
   125
  1468
  -399
   740
  -783
  2650
    31
  1683
  1120
   179
 -1598
   417
  1418
  1614
 -3842
   644
  -391
  1108
   952
  1131
   509
   -62
  -424
  1189
   161
  -231
 -1331
 -1362
 -1025
   778
   240
  -398
  -283
  -841
  -151
  -350
    86
  -983
   562
  1913
  2374
 -1569
  -313
  -305
 -1015
  -952
 -2024
   134
   150
 -1177
  2146
  -313
  -132
  1184
   246
  1384
   998
   454
  -495
   603
   241
 -1230
  -813
   -88
   422
   735
  -174
   853
  -756
   673
 -2115
   114
  1018
   259
  1301
  -213
   288
   870
   541
    71
    48
   321
 -1134
  -729
   365
   -77
 -2047
  1034
   720
   718
  -132
  1621
 -1670
  -524
 -2347
 -2175
   -10
  -269
   435
  -824
  1874
 -1156
  -162
  1049
  -473
 -1308
  -665
   758
   209
  -860
  -160
   685
  -520
  -231
     6
   380
   333
   100
  -741
  2184
   655
   279
  3299
 -1625
 -1458
   590
  -356
   460
  -134
 -1603
   130
  -944
  -749
   894
  1110
  -158
  -407
   177
  -678
  -710
    43
 -1172
 -1513
   -34
   227
   -36
  -265
   831
    38
 -1107
  -926
  -200
    34
  -856
   315
 -1235
   675
   296
  -138
   293
  -891
   588
   -94
 -1151
  -603
 -1161
  -628
  -287
  1661
  -988
   232
   156
  -497
  -165
   148
  1087
  -273
  -343
   -44
   806
  -146
  -363
  -734
  -161
  -184
  -464
  1335
 -1037
  -578
   -31
 -1055
 -1236
 -1618
    26
  -672
  -326
   -21
 -1154
  1493
  2463
   722
   245
  1161
   -60
  -543
  -249
   297
  -946
  -117
   403
   435
   900
    38
  -324
   -34
  2470
   582
   855
  1449
  -931
  1395
 -1018
   922
 -1906
  1198
   -95
   185
  -481
  -314
  -328
   353
  1066
  -275
   629
   378
  -498
   268
 -1732
   139
 -2215
   681
   697
   -60
  1813
  1414
  1571
  1101
  -178
   488
   973
   373
   678
 -1411
  1383
   358
   257
  -942
   204
   641
  -342
  -194
  -281
  1060
  -844
  -922
   900
   -76
   -78
   829
  1612
  -790
   409
  -630
 -1305
  2213
  1337
   673
   938
  -784
   973
    84
 -1614
   628
  1183
  -321
  1808
  -554
  2239
  -529
 -1242
   139
  -595
   715
  1118
   882
  1552
   121
   746
   363
  -594
  -414
  -723
   762
 -1272
   141
   601
   -75
   182
 -1234
  -725
   614
 -1256
   631
   181
   -16
 -1436
  -345
  1499
  -534
  -272
  -733
 -1263
  1271
  -975
  -942
   571
   402
  -752
    23
   838
   431
  -698
    91
 -1715
  -120
   185
  1286
  -131
   403
  -465
    -2
  1367
  1015
   979
  1252
    52
  -557
   278
   110
   885
   210
   508
  -194
   931
   -24
   -35
   -77
 -1374
 -1032
   -75
   269
  -297
  1850
 -1451
 -1186
  -294
   996
  -528
   376
 -1191
  -278
   690
  -905
  1237
   383
   231
   898
   234
  1531
   561
  -673
   879
   871
   -57
   128
  1957
  1533
  1168
   -11
  -275
   807
  -884
   426
  -606
  1397
  -410
   902
  -320
   593
  -297
 -1172
    29
   827
    82
  -823
  -523
  -154
   421
  -125
 -1163
  -435
  -679
   767
  -279
 -1211
   830
   138
   375
 -1194
    16
  -893
  -724
   305
 -1164
    14
   576
   580
  -803
   -78
  -380
  -626
 -1487
  1417
   -24
 -1378
   904
    23
   796
   162
     8
 -1229
   707
  -336
    91
  2666
   851
  1879
   570
   705
  1772
   810
 -1663
  1529
   212
    -2
  -528
  -132
 -1014
   448
  -555
  -952
 -1953
 -1027
    86
  1012
 -1163
  -927
   -37
   587
  -362
  1027
  -624
   -94
  1129
   853
   -41
   973
   407
 -1978
 -2125
  -263
   946
   850
  -398
  -733
  1009
   961
     9
   362
  -482
    88
   -49
  1436
  -142
    79
    77
   576
  -280
   129
 -1751
  -628
 -1303
  -704
   209
   414
  -259
   -87
   134
  1526
 -1595
   898
 -1544
  2315
   -48
    34
  1276
  -355
   774
  -891
  1310
   868
   443
  -113
  1083
   456
 -1493
   837
  -382
  1114
 -1397
  -339
   820
  -454
  -610
  1192
  -191
   871
  -421
   103
   558
 -1440
  -389
  -237
  -917
   483
   512
  -830
  -942
   530
  -844
  1451
   581
    -4
   786
  -352
  -347
 -1303
  -215
   700
   603
  1395
  -275
  -122
  -917
  1222
   690
    40
   145
   581
  -197
  -606
   -76
  -692
  -786
    80
   203
   403
   943
    49
 -2226
   571
   656
  1593
 -1099
  1640
   784
   106
 -2031
  1437
  1626
  -611
  1012
   911
  -252
    88
 -1052
  2703
  -123
  1331
   664
   464
  -338
  -443
   308
 -1634
  -486
   436
 -1623
 -1653
  1146
  2123
  -580
 -1767
  1229
 -2502
  -229
  -467
   217
  1414
   892
  -209
  -370
   975
   876
  -124
  1019
 -1301
  -855
 -1069
  -481
   510
   546
   -34
  -108
  -235
   221
   722
   446
  -866
   154
   -74
   694
   416
   192
 -1885
    90
   495
  -838
  -707
   961
  1864
   125
  -340
   341
   289
  -292
  -424
  -605
   762
 -1388
  -279
  1286
  -339
  1376
  -241
  -132
  -267
  -684
  -330
   -55
 -1292
  -159
  -390
  1061
   377
   401
 -1179
   405
 -1615
  -330
 -2308
   392
  1106
   763
   476
  1502
   668
  1015
   306
   995
 -1618
   734
    11
 -1931
 -1124
 -1333
   840
   227
  -681
  1517
 -1206
   811
   666
  -656
 -1084
  -442
   207
  1247
   521
 -1058
   585
    14
  -176
  -444
   585
 -1140
  -725
  -231
  -339
   170
   790
  -947
 -1097
  -194
  -511
   860
  -152
   -71
   204
 -2417
   235
  -252
  -628
  -759
 -1353
   903
   451
  -577
    29
  -842
   -43
  1870
  -513
   592
   624
  1164
   866
  -205
   645
   126
    55
 -1601
  -927
    61
  -410
   299
  -187
   716
    49
   561
   145
    79
   421
  -567
  -853
  1186
  -149
  -474
     5
 -1119
  -593
  1103
  -618
   618
  -845
   513
  -201
   356
   249
   895
   737
   504
  -664
   562
  1524
  1709
  1070
   697
     3
   570
  -281
  -327
   343
  -489
  -215
   431
   286
   389
  1341
  1465
   846
   150
   146
   414
   476
    70
  -744
  -935
  -111
  -578
  -937
   171
   379
  -384
   597
  1521
   969
   349
  -493
  -452
 -1082
   -65
 -1162
 -1360
 -2423
  -299
   952
  -700
   693
  2231
   978
  -856
  -286
 -1044
   -63
  -676
  -908
    23
 -1088
  -521
  -607
    37
   -96
  -214
   944
  1028
  1246
  -713
  -127
   160
  -969
 -1077
  1056
  1086
  -699
   782
   679
   692
   236
   259
  -403
  1204
  -379
  -361
  -698
  -649
  -284
   433
  -108
  -525
 -1326
 -1366
  -546
   493
  1491
   282
    32
   373
   666
   495
  1821
  1042
 -1574
   542
  -554
   103
   -43
   160
  1296
   546
 -1434
 -1428
  -772
  1050
   622
  1437
  -398
   670
 -1020
   581
  -562
    28
  -154
  1025
   637
   130
  -285
   584
  1293
  -238
   -88
   283
   -26
   -78
 -1161
 -2174
 -1169
  -937
   736
  -719
  -368
  -378
  -155
  -703
  -350
   206
 -1264
   711
  -808
   505
 -2551
  1378
   442
   229
 -1484
   581
 -1102
  -173
   368
  1712
  1613
   543
   104
  2024
  1296
  -357
 -1419
    72
   796
 -1176
  -558
   -41
   498
  -998
  -518
  1652
  -443
   491
 -1097
   759
    34
   179
  -164
  -523
   499
  1329
  -396
   220
 -1087
  1285
  -901
  -501
  1364
  -918
   299
  -137
   270
  -706
  -190
  -726
  -627
  -887
  -908
  -184
   781
    29
  -544
   663
  1195
   530
   775
   290
   102
  -281
   915
  1157
   441
  1655
  -904
  -734
    17
    62
   798
    50
   824
   -48
   351
  -495
  -162
 -1380
    57
   667
  1416
   787
  -110
   189
  -833
   436
   -75
  -425
  -383
  -140
   659
   188
  -740
   609
    63
  -278
   285
    76
   336
  -565
   674
 -1137
   801
   787
 -1133
   586
    28
 -1018
    -6
   241
  -467
   377
  -627
   523
  1160
  -869
  1043
  -545
   454
  -347
  -528
  -875
    92
 -1087
  1151
  -247
    81
  -762
  -870
  1440
    79
   851
  -965
    -4
   792
   598
   748
   -21
  -201
   796
  1112
    14
 -1057
 -1729
  -123
  -167
   943
  -404
    78
   -63
   858
   849
   892
  1401
  -524
  -302
  1700
  -814
   459
   911
   833
  1003
  1080
  -716
   663
  -154
  1645
   993
 -1022
  -528
  -251
 -1009
  1021
  -940
 -1295
  -372
  -498
 -1605
 -1029
  -890
   -68
  -124
  -705
 -1832
  -283
   -80
  -336
 -1005
  2027
   153
  1497
   116
   883
  1230
  -407
   700
   352
   421
   542
 -1872
  1050
  -972
  1086
 -1450
  -245
 -2085
  -494
   317
 -1403
    68
  -415
   201
   205
   158
 -1073
   -86
  -910
  1053
  -531
  1624
  1244
  1077
  1527
   653
   321
   -74
   245
  -629
  -248
  -517
   460
   507
   468
  1397
   909
  1298
  1018
   173
  -190
   986
   138
   513
  -303
  1755
   713
   467
  -434
   606
  -758
 -1245
  1283
  -434
   662
  -747
 -1224
   192
   288
 -2042
 -1006
     3
    78
   350
  1018
   -18
  -827
  1423
  -534
   111
  -681
    11
 -1468
   218
 -1708
  -640
 -1438
   511
    29
   -61
  -672
   437
  -256
   584
  1086
  -581
  1107
  -674
  -690
   548
   614
  1068
 -1027
   192
   635
 -1426
   553
  -298
  -138
 -1183
  -444
 -1158
   407
   165
   665
  -340
 -1250
   106
  -776
  -486
  -760
  1126
   768
   427
  -189
   608
   277
  -435
   216
  1519
    -5
   815
   574
    76
   461
   604
  -249
  -882
 -1513
  -215
 -1486
   684
 -1530
  -461
  1437
  -232
  -137
   651
  1500
   369
   954
   218
   979
   799
   381
  1624
   623
   941
   603
  -119
  -617
  -849
    26
   219
   705
   122
   130
  1017
  1231
   440
  -811
 -1181
    -3
   154
  -581
  -816
  -929
  -420
  -193
 -1037
  -339
  -371
  -650
  -945
   507
  -398
   332
  -678
   440
    28
  1101
    -5
   642
  1170
  -986
  -596
   723
  -998
   419
  -973
  -418
  1069
  -306
  -164
  1585
   165
   838
  1387
  1062
   940
   460
  1123
   505
   722
 -1281
    45
   785
  -226
  -875
   859
 -1825
  -351
   841
   295
   429
   561
   795
   361
  -165
    19
  -433
   348
  -565
  1533
   758
   -74
   -21
   277
   683
  -561
   178
  -577
   348
   -64
  1426
   741
   597
   679
  -238
   464
  -719
  -874
  -174
 -1568
   454
  -377
  -310
  -311
  2228
   320
   785
   168
  -689
    45
  -832
  -230
   519
  2008
  -460
  -646
 -1696
  1512
   408
  -932
   361
  -852
 -1001
  -390
  -824
  -837
 -1197
  -252
  -189
  -546
  -697
  -998
 -1863
   406
   264
 -1517
  -254
  -252
 -1462
  -583
  -157
  -213
   195
   -26
   949
  -101
   302
   561
   687
  1108
   717
  -593
  -783
  1413
 -1052
 -1087
 -1386
   452
  -726
  -320
  -813
 -1268
 -2024
   845
   968
  -405
   -96
   640
  1243
  -323
  -529
   908
  -134
  -177
   407
   171
  1967
   828
   473
   578
  1664
   780
  -621
   674
   312
   194
   876
 -1221
  -437
   664
 -1843
  -131
  -468
 -1027
  1564
 -1611
 -1072
  -424
     1
  -507
  -597
  1074
   671
   224
   -83
  -136
   666
  -411
  1500
  1132
   476
   202
   514
  2682
   800
  1362
   434
   -55
   623
  -423
   381
   613
   254
  -356
   423
   324
   661
   394
  -735
  -409
  -249
   371
  1130
   836
  -228
  1068
    -9
   -43
  1150
  1127
 -1414
 -1405
  -284
   834
  -599
   168
   510
   -12
  1128
  1309
   833
   424
   314
    -1
   920
  -940
  -661
   100
  -923
    48
 -1016
  -900
   365
   558
  -108
  1218
   387
  -292
  -177
 -1135
 -1041
  1678
   232
   278
   259
   221
  1451
   551
   730
  -438
  -402
  -870
  1365
   -66
  -344
   393
  -733
  -922
  -244
   665
 -1589
 -1240
  -687
  -921
  -852
   781
  -325
 -1355
   -44
   378
  -926
   777
  -542
  -155
  1013
   124
   926
    -9
  1236
   136
   317
  -569
   984
  -381
  -127
   824
  -816
   914
   900
   393
   512
   -37
 -1289
   825
   207
  -394
  -433
   420
   168
  1119
  -812
   517
   492
  1188
   610
   758
  1305
  -514
  -127
   497
   200
   411
   -83
  -287
    89
 -1192
 -2442
  -493
 -1260
  -258
    60
   246
   492
   629
   623
  1632
  -972
   159
  -221
   -21
 -1079
  1103
 -1347
   152
  -310
  -250
 -1197
    34
  -756
   611
 -1307
   247
  -125
  -819
 -1835
   675
  1923
   730
  1279
   451
   302
  -241
  -331
 -1395
  -531
 -1215
  1177
   199
  -719
  -162
  -275
  -183
  -982
  -599
   272
 -1227
   140
   415
   244
  1988
  1137
  1863
  1176
  -402
   978
  -274
   642
  1278
  -646
   714
  2320
   857
  -244
   192
  -607
   377
    73
  1331
   496
  -827
  -259
    14
  1316
  -690
  -583
 -2221
  -829
   366
 -2097
  -800
   -60
   425
    62
  1041
  1794
   377
   332
   654
  -909
   708
   345
   907
  -521
  2170
   535
  -124
   474
   775
 -1047
   -65
 -1865
  -462
 -1044
 -1501
  1234
  -985
   336
  -726
  -247
  1272
   -68
    75
    67
  1920
  1819
  1270
  -319
  1008
  -206
   656
   -40
   173
  1038
   713
  1433
   762
  -502
  1133
   799
  -152
  -779
 -1909
  1637
   484
  -127
 -1908
   707
   658
   135
  -806
   997
   177
   -47
  -272
  -183
   533
   985
   667
  1330
   747
  2113
   213
   480
   291
   601
   649
    58
   674
  1174
   -67
   999
  2359
   685
   337
   475
  -730
  -208
   376
  -606
   183
  -468
   649
  -517
 -1031
 -1594
   117
  -390
 -1316
  -163
  -556
   422
  -371
   589
 -1400
  -744
 -1985
  -912
  -161
  -142
   -93
   142
   -38
  -779
   214
   690
   308
  -450
 -1898
  -585
 -1059
    35
  -705
  -724
  -499
   767
    51
 -2134
 -2012
 -1017
  -947
  -856
    71
  -481
    32
 -1150
   323
  -414
  -531
   795
   332
   442
   214
  1079
 -1264
   832
   -56
  -628
  -890
 -1290
 -1209
  -512
   382
   474
   747
   607
   542
   290
    81
   324
   300
  -478
   124
  -401
  -320
   306
   935
  -187
   207
   386
  1083
 -1135
   238
  -714
  -941
  -682
  -588
   919
 -1595
   195
 -1866
  -547
  -539
  -395
   125
  -746
  -484
   858
  1173
   285
   564
   355
  1078
   382
  -629
 -2570
  -672
   485
  -929
 -1801
  -204
  -536
   802
  -354
   458
    58
  -240
  -768
    -6
   101
  -707
  -255
  -563
   361
   115
   -99
  -745
  1045
   658
 -1113
  -511
  -104
    86
 -1233
    63
 -1001
  1078
  1143
  1103
  1092
   729
   230
   689
  -523
   285
  -126
  1528
  1212
  1218
   572
   998
   458
  -618
   748
   -54
   121
  -292
  -236
   964
   939
  -171
    88
    81
   500
   651
   570
  1218
   100
   533
   370
   247
  2279
  1243
  1480
    47
  2030
   728
   152
  -320
   -86
   746
   633
    78
   155
  1365
  -475
  -509
  -885
  -594
   292
   283
  -731
   159
   481
   244
 -1152
  -499
   -84
  -611
 -1151
  -343
   274
   695
  1064
  1553
  -589
  -889
   687
   333
  -603
   670
   341
  1283
   931
  -101
  1088
   661
  -336
  1308
  -116
   619
  -862
  1423
   395
   253
  -509
   258
   996
   287
  1054
  1094
  -311
   594
   209
   570
   -41
   380
   996
   493
   673
   333
  -498
 -1450
 -1364
  -426
 -1539
  -367
 -2452
  -893
 -1661
  -405
  -501
 -1924
  -901
 -1049
  -416
  -585
   611
  1041
  1455
 -1227
  1184
  -405
   237
   576
    37
   247
   740
  -532
  -763
   725
  1164
   360
   727
   475
   222
  1218
   649
   737
   997
  -208
   401
   -83
  -185
   571
  -956
   576
  1019
   578
    -1
  1484
   748
   585
  1111
  1017
  -901
  -193
  -198
   215
  -755
  -814
  -484
 -1526
   238
   754
    86
  1178
   701
   568
  -157
   809
   246
   214
  1189
   805
  -187
  -258
  -932
  1098
  1101
    46
   266
   219
   306
  -104
   309
 -1043
  -109
  -420
  -981
 -1490
 -1995
   -23
  -705
   105
   380
  -333
  1153
   297
 -1277
  -582
  -340
 -1618
   108
   701
   662
   583
   736
  -226
  1583
   431
   651
  -129
 -1034
   -31
  1245
  1091
   570
    72
   471
  -605
  -262
  -125
  -360
 -1177
   312
  -340
  -232
 -1293
   596
   171
  1034
  2890
  -997
  1082
  -196
  -552
   995
  1536
  1113
   385
   724
   107
   131
   571
  -765
  1437
   285
   181
   221
   206
 -1033
  -327
 -1228
  -300
  -241
 -1942
 -2605
   192
  -910
  -992
   309
  -689
  1059
  1019
  -127
   -28
  1135
   288
   851
  -396
   -42
  -451
 -1568
  -614
 -1227
  -634
  1441
  -441
   856
 -1635
    50
  -636
  -423
  -337
  -427
  -403
 -2002
 -1904
 -1363
 -1171
  -419
  -388
  -249
  1979
   862
  1344
    -2
   970
  1081
  1169
  -429
   -83
    42
   741
   637
   604
   -94
 -1037
  -768
  -321
   461
  -705
   376
   -70
   849
  2178
   131
  1712
   100
   928
   972
  1706
  -919
  -263
  -744
 -1270
  -228
 -2121
  -802
 -1295
   482
   883
 -1255
    85
  -861
 -1328
   -23
  -588
  -288
   639
  -962
  -871
   854
  1697
  -905
  1655
    43
  -200
   713
  -661
  -152
  -984
 -1307
  -304
   954
    87
   913
   -52
  1036
   302
  1153
   570
  1385
    62
  -319
  -248
  -502
   155
   938
  1147
  -432
   355
   272
  1488
  -200
    73
   508
   822
   -78
   489
  -981
 -1494
  -808
  -506
  -950
  -274
  1187
  -137
  -987
 -1045
  -550
  -208
 -1261
 -1317
  -706
  -478
   -30
 -1005
  -271
 -1232
  -515
 -1042
 -1125
  -955
 -2088
 -2045
  -878
  -733
 -1301
  -320
    92
 -1365
 -1590
  -958
   649
 -1033
  -615
   156
    75
   368
  1082
  -228
   952
  1088
   762
  -604
   826
   262
  -787
  -653
 -1418
  -835
   288
  -213
  -540
   504
  -301
   928
   114
  1007
  1038
   829
   114
   738
  1230
  1656
  1383
  2531
   453
   203
  -901
  1059
  1274
  -767
  -168
   686
   147
  1088
   130
   165
 -1312
  -772
 -2393
 -1801
  -812
   252
  -393
  -815
  -961
   266
   384
   802
   682
   681
   386
   567
  1015
   688
   762
  -857
    37
   755
   594
   274
   296
  -192
  1609
  1795
  1933
   473
   625
  -673
  -857
  -109
  -879
  1050
  -147
    13
  -715
   409
  -629
 -1155
  -488
  -848
 -1496
 -1442
   269
  -514
   357
   209
  -578
 -1289
  -706
   216
  -368
  -430
  1235
   627
   659
   514
   243
   460
   895
   250
   446
  -902
   758
  1034
   924
  1457
   996
   884
   823
   789
   740
   955
   565
   892
  -452
  -628
    83
 -1474
  -510
  -430
  -748
  -671
   310
  -965
  -322
  1163
   155
  1386
  -112
   699
   104
  1412
   147
  -948
 -1135
   317
 -1201
  -697
  -997
 -1343
  -227
  -348
   100
 -1128
  -552
  -987
 -1001
  -182
 -1053
  1561
   363
   172
  2104
  1000
  1453
   247
  -289
   590
   897
   795
   474
  1627
  -325
  -477
  -340
  -488
  -814
 -1554
 -1658
  -496
  1200
   505
  -306
   473
  1663
   137
  -164
    92
   545
  -585
 -1228
   533
 -1160
   400
    -1
  -724
  -167
  -567
   353
  1021
  -104
 -1065
  -952
  -166
   458
  -339
   275
   255
  1691
  1663
  1261
   108
  1786
   535
   783
  1176
   726
    38
  -157
  1851
  1321
   228
  1334
   734
  2125
   -13
   744
   537
   479
  -665
   301
  -147
 -1795
   -80
   815
   639
  1243
   207
   113
  1129
   338
   619
   854
  -709
   162
   759
 -1906
 -1680
 -1272
   130
 -1241
   -69
  -502
  -391
  -353
    92
  1071
  -127
   372
   -83
  1378
  1508
   334
   805
  -268
  -156
  1462
   619
  1396
  -215
  -154
   256
   750
  1385
   808
 -1559
   500
  -762
  -756
  -863
  -753
 -1019
  -880
 -1162
  -242
  -674
 -2209
   286
 -1277
  -243
    28
  -834
   -23
  -911
  -699
  -673
  -223
  -514
 -2039
 -1275
  -920
   339
  1463
  -286
   428
   847
  -782
   536
   489
  -583
   151
 -1169
  -657
 -1210
  -977
 -2019
   936
 -1450
 -1289
   140
 -1101
   392
 -1380
  -670
  -432
  -492
  -830
 -1202
  -785
 -1344
 -1511
  -940
  -352
  1430
  1374
   433
   386
    26
   895
   350
  -749
  1826
   907
  1104
  1001
   549
   703
  -758
  1375
   422
  -972
  -873
  -326
     8
    56
   343
   365
   532
  -251
 -1202
  -558
   863
  -411
  -595
   349
  -576
   515
  1360
   550
  2018
   205
  -249
   410
   621
   890
  1800
   540
  -102
   720
  1749
   282
   703
   764
   615
  1222
  1886
   702
  1070
   643
   247
  -540
   103
  1104
   894
   687
  1109
   685
   -17
   344
  -525
   -32
  1126
  1182
   498
   710
   377
  1345
   741
  2335
  1021
  -573
  2143
   916
   409
   228
   577
  -913
    68
   255
    70
   366
  -133
   609
   432
  2034
  1882
   678
  1321
  -580
  -204
 -1385
 -2081
 -1149
 -2226
   129
  -220
  -747
   -64
   -48
  -591
  1416
  2416
  1189
  2008
   855
   345
  -458
  1773
  1185
    54
  1620
  1022
  -849
   256
   728
   -93
  1140
  1042
   380
   863
   674
   434
   999
  1100
  1165
  1473
  1592
  1184
   804
   375
   950
  1406
  -168
  1233
  1149
   957
   -10
  1656
   139
  1765
   402
   473
  1429
   104
  -204
   649
   107
  1112
    64
    56
   590
   533
  -127
  -974
   272
  -495
  -727
   177
 -1155
 -1339
  1155
   371
  1429
   809
   746
  -754
   470
   909
   655
  -180
  -149
   -13
  1147
   396
  1029
   504
   609
  -792
   -49
  -206
  -456
 -1227
  -924
  -446
  -502
 -1019
 -1217
 -1285
   506
  -370
  -463
  -291
   375
    88
  -998
  -914
  -697
  -179
   -87
 -1013
  -933
  -197
   833
  1010
   192
   247
  1100
   434
   398
  -119
   530
   250
  1185
   528
  1172
   -95
   762
   126
   168
  1272
  -180
   425
   123
  1255
  -257
  -627
   744
  2044
  -170
   702
 -1085
  -105
  -104
  -489
  -887
  -845
 -1326
  -359
  -740
  -784
  -650
  -362
   827
 -1153
  -664
 -1019
 -2381
  -780
  -494
  -745
   945
  1798
  1054
  1188
  -710
  -851
  1517
   389
   399
  1156
   131
   446
   885
   316
    15
  -766
  -313
  -628
  -934
   552
  -908
 -1050
 -1404
 -1512
  -246
 -1361
 -1078
  -935
 -1683
 -1491
  -808
   632
  -711
   841
 -1495
  -812
  1367
   577
   372
  -249
  -810
  -607
   206
   198
 -1207
   113
 -1856
  -910
  -520
  -651
  -821
 -1330
  -678
  -710
 -1719
 -1025
   990
   -67
   -36
 -1116
 -2155
 -1473
   -68
  -691
   346
 -1152
  -945
  -425
 -1207
  -675
   790
   476
 -1039
  2087
  1606
  1821
  1022
  1107
   987
   936
  -297
  -499
  1473
  -711
  1446
   274
  1311
   842
  -135
   926
  1891
  1478
   463
    -3
  -393
   -62
   544
   115
  1167
    70
   428
   745
  1352
  -936
  -944
  -736
 -1788
  -750
 -1366
   519
   -82
   262
  -928
  -940
  -494
   543
 -1967
   669
 -1112
  -884
  -268
  -780
  -890
  -367
  -903
   415
   496
  -188
   639
  1208
   405
   602
   836
  1504
    96
  -879
  1126
   -31
  -578
   849
   397
   494
  -385
   122
    69
   544
    57
 -1567
  -301
   257
  -537
 -1098
 -1195
  -871
 -1622
   877
  -164
   500
   696
  1398
   871
   906
  1194
   516
  1507
  1083
  1016
  1281
   827
   436
  1945
  1237
  -227
   446
   544
    95
 -2582
 -1022
 -1396
 -2141
   357
  -112
   195
   473
   656
  1231
   887
  1882
   -46
  -311
  -205
  -415
  -329
   -22
   193
  -654
  -288
  -822
   116
   925
   699
  1601
  1915
   690
   621
   550
   379
   448
 -1607
  -434
 -1146
 -1639
 -1483
  -511
   472
   430
    55
   225
   883
  1197
  -206
  -479
   468
    42
  1289
  -613
   555
  1738
   541
   234
  -161
  -301
  -479
   738
   -66
  -314
  -382
 -1395
  -604
   964
   718
  1766
  1255
  -153
   883
   695
  1281
   385
   908
   361
  1644
  1605
   842
   446
   585
  -128
   161
  -608
  -367
   204
 -1147
  -415
   649
   259
   289
  1469
  1465
  2179
  1383
   514
  1401
   691
  1113
  1469
  1861
   863
  1171
   735
  -346
   638
 -2159
    43
  -848
   238
 -3008
  -175
   739
  -196
   284
  -251
  1386
  -492
   554
   -47
   167
   778
   815
  1216
   441
   751
   216
   711
   713
   714
  1598
   826
   919
   848
  1522
   728
   272
  -193
  1596
   569
  -174
  1616
  -108
   268
    57
  1120
  1182
  1736
  1107
   -23
   449
   387
   459
   664
   748
  -412
  -718
   162
  -443
   -71
   809
    13
   794
  -798
   429
    20
   546
   698
   -94
 -1138
   160
   518
  -402
  -906
  1055
  -396
   331
   -77
   901
   849
  -136
   680
   528
   149
   500
   229
  -407
 -1250
  -487
   127
  -205
   833
   374
  1218
    62
  1209
  1741
  1330
  -226
   370
   625
    52
  1341
  1129
  1941
  1060
   173
   150
  -542
  1086
   538
  -138
  1173
   208
  1502
   957
    22
  1017
   222
  1445
  1093
  -132
  1091
   435
   636
   -38
  -880
 -1737
  -994
 -1856
  -878
  -107
  1475
   -87
  -405
  1639
  1222
  1055
   891
  1223
   584
  1566
  1333
   116
  1682
   284
  -775
   523
     7
   455
    42
  -318
  1291
  1596
  -108
    89
    56
   217
   519
   938
  1152
   -59
   136
  1149
  -583
  -244
  -287
 -1915
  -472
  -480
  -620
     7
   146
 -1537
 -1544
 -2446
  -363
 -1558
 -1202
  -141
  -522
   676
  1242
  1166
  1332
  -214
   989
   722
   605
   126
   590
   -73
  1446
  1327
   655
  1219
   596
   131
    27
  -716
 -2165
  -261
  -564
 -1969
 -1022
  -457
  -216
   195
 -1097
 -1472
 -1033
  -337
   209
 -1302
 -1225
  -145
   940
  -855
  -701
   579
  -833
    29
  -277
   520
  1194
  -258
    68
   433
   593
  1228
  -814
  -436
   874
  -622
  -342
  -894
     6
   507
   322
  2042
   514
   456
   407
  -973
  -529
   348
   627
  -399
  -212
    57
  -297
  -819
  -966
 -1011
  -871
 -1509
 -1414
 -2699
 -2113
  -543
  -929
 -1486
    24
    -1
   613
   167
  1019
   134
  -125
   437
   -94
 -1558
   239
  -705
  -836
  -996
  -663
  -805
 -1015
 -2162
  -443
  -784
  -709
  -171
  -363
    50
   594
   574
   199
  1042
   774
  1398
   673
   334
   -77
   489
  1324
   383
  2039
  1559
  1032
   210
   687
  1309
   -86
   534
   952
  -226
  1569
  2452
  -601
  1297
  1726
  1169
   636
   362
   146
   387
  -755
  -760
  -882
  -430
    61
   402
  -148
 -1314
 -1492
 -1518
 -1696
   550
  -904
  -567
  -922
   988
   436
   907
   444
  1761
  1950
   876
   771
  1364
   151
  1527
   372
  -323
   939
   417
   -50
   187
  -906
 -1551
 -2083
  -853
 -1490
    73
 -1348
  -765
  1261
  1997
   577
  1538
   685
   131
   959
  1830
   720
  1347
  1666
  1400
   233
  -449
   690
   158
  -327
 -1222
 -1333
 -1382
  -651
  -336
  -816
 -1264
  -751
 -1748
 -1316
 -1337
  -882
 -1776
 -1617
 -1082
 -1814
   444
 -1166
  -848
 -1452
  -348
  -203
 -1188
  -170
 -2639
 -1684
  -294
   -60
  -391
    -5
   -23
   345
   721
  -212
   641
  1212
  1555
    26
   382
   143
  1553
   339
  1779
   201
   917
  -151
 -1367
   836
   296
  1415
  -986
   586
  1244
  1155
  1564
   414
   406
   978
  1523
  2246
  -641
  1060
  -790
  -692
 -2226
  -557
 -1403
  -827
  -779
 -1056
   709
  -643
  1315
  2129
   365
   356
  -161
    36
   128
 -1044
 -1352
 -1619
  -316
  -519
   116
   180
  -894
   332
   795
   958
   724
   372
  1347
  -234
   162
   613
  -460
  -867
  -438
  -560
 -1377
    85
   262
  -767
 -1149
 -2227
  -386
 -1426
 -1389
   220
   844
   881
   127
   258
  1469
   865
   366
   496
  1879
    85
   320
   954
   -37
   157
   780
 -1135
  -169
  -783
  -858
  -846
  -695
  -579
 -1760
 -1165
  -190
  -551
  -502
  -502
 -1189
 -1063
  -348
 -1167
    27
  -554
 -1187
  -698
   -40
 -1383
 -1226
   371
   -59
   143
  1669
    83
   562
   160
   175
  1007
  -508
  -218
   -40
   325
  -239
  -226
  -459
    78
   253
  -173
  1096
  -356
   858
   999
   118
    52
   867
   -65
   -66
   431
 -1123
 -1535
   570
   406
  -907
  1202
  2495
   919
   948
   688
  -462
  -255
   605
   887
   558
   682
   440
   475
   105
  -507
   102
  -816
 -1408
  -904
 -1343
 -1073
  -213
  -119
   167
   817
   768
  -372
   261
   237
   821
  -299
  -494
   859
   285
  -251
 -1433
  -851
 -2260
  -745
   125
  -398
 -1478
 -1218
 -1685
 -1037
  -912
    23
  -796
  1416
   772
  1253
  1098
   688
   -91
   320
  -726
  -454
   452
  -720
 -1678
  -612
 -2025
 -1460
  -648
 -1125
  -578
 -1135
  -463
  -488
 -1130
   144
  1333
    58
  -200
   467
  1210
   698
   279
  1418
  1863
   481
  1001
   635
   625
   163
   311
  -456
   105
  -735
  -573
 -1861
 -1234
  -806
  -783
  -772
  -494
  -114
  1392
   946
  1596
   457
  -349
   650
  -688
     5
 -1185
  -305
  -974
 -1644
 -1504
   233
  -792
 -1072
  -199
  -939
  -136
 -1017
  -466
  -854
   -18
 -1519
 -1059
 -1007
  -933
  -591
 -1017
 -1021
  -574
  -864
  -559
  -263
  -665
 -1095
 -1074
  -288
 -1096
 -1876
    40
   440
  -685
 -1295
  -855
  -646
 -1116
   198
  -345
  -832
 -1187
  -442
 -1005
  -497
  -530
 -1031
   108
 -1154
  -436
  -760
 -1544
   -58
  -127
   813
  1327
   474
   681
   -70
  -325
   681
  -263
  -849
 -1092
 -1549
  -393
  -881
  -381
   137
  -281
  -319
  1083
  1596
  -211
  1088
   366
   881
  -555
  -338
  -294
   327
  -778
  -542
  -744
  -609
  -505
 -1409
   -59
  -908
  -957
 -2009
 -1404
  -256
   982
   270
  2113
  1033
  1179
  1393
   349
  -402
   303
  -672
 -1178
 -1021
  -957
  -105
 -1111
  -215
  -234
 -1504
  -263
    56
 -1250
  -558
  -335
 -1445
  -630
   -83
 -1201
  -737
   318
    87
   -76
  -510
  -316
  -324
   584
  1734
   455
   550
  -470
   196
  -224
  -459
  -504
    48
   152
  -132
   108
  1035
   271
   290
    19
   586
  1198
   780
   268
  -199
  -567
  -853
   454
 -2189
 -1169
  -823
 -1709
   279
  -139
   598
   970
  1353
  1448
  1629
  1848
  1590
   364
   441
  1460
  1618
   906
  1260
  1138
  -396
  -707
  -598
 -1083
 -1268
 -1861
  -353
  -846
  -343
    28
   184
  1328
  -170
   249
   692
   745
  1189
   506
  -118
   703
   225
    58
   591
  -506
   179
  1711
    28
  2597
  1331
  1488
  1205
  1160
   586
   564
   720
  1007
  1131
   367
   253
   544
   851
 -1329
 -1463
  -215
  -952
 -1355
  -321
   417
    83
  -110
  -705
 -1437
  -443
  -281
  -941
  -904
  -193
  -777
 -1743
  -171
  -853
 -1436
 -1221
  -963
 -1164
   466
  -270
   593
  1095
   -94
   118
   758
   814
  -824
  -554
  -735
 -1036
  -649
  -170
  -829
  -927
 -1065
  -434
  -534
   974
 -1342
  -741
  -769
  -106
  -672
 -1700
   657
    13
  -767
 -1803
  -398
   233
  -522
  1218
  1946
   472
   204
  1179
   811
   694
  -161
  -469
  -892
 -1806
 -1375
  -332
  -632
  -930
  -120
  -515
  -346
 -1191
   272
   300
  -720
  -314
 -1140
  -918
  -894
 -1393
 -1441
  -545
 -1820
  -424
  -233
  -840
 -1084
  -940
 -1321
 -1071
  -799
  -249
   207
 -1131
  -242
  -459
  -187
 -1369
 -2028
     6
  -342
 -1420
  -786
 -2196
 -1000
 -1168
 -2197
 -1180
   747
   202
   877
   882
   622
  1743
   709
    40
  -258
 -1083
 -1760
 -1343
 -1303
  -853
  -135
   754
   585
  -372
  1122
   774
  1812
  -797
   883
   467
   266
  -727
 -1229
 -1149
 -1238
  -910
 -1059
   316
  1043
   420
    -1
   803
   281
    80
   734
   475
  1575
  1501
   957
   212
  1613
  1756
  1387
   974
  1680
  1281
   280
  1133
   490
  1002
  1692
   918
   -38
  -492
  -724
 -1216
 -1588
 -1098
   314
  -218
  -129
   463
  1258
  1182
   948
  1108
  -265
   711
   791
  -549
 -1315
 -1746
  -557
  -596
  -295
  -758
  -585
   556
   262
   677
   788
  1314
   799
   136
  1205
 -1350
  -739
 -1105
 -2461
  -840
  -576
  -560
   784
  1063
  1058
   204
  1148
   278
   105
  -568
   -29
   -35
  -571
 -1119
  -704
 -1520
 -1463
  -477
  -363
  -433
 -1008
 -1821
  -365
  -911
  -796
  -226
  -872
 -1056
 -1008
  -222
  -618
  -300
  -302
  -788
    17
   546
  1565
  -627
  -326
   447
  1083
  -419
  -352
   413
  -901
 -1002
   269
  -931
 -1216
  -985
 -1180
 -1600
 -1649
 -1346
 -1338
 -1142
 -1872
    62
  -156
   644
   204
  1165
  1290
  -347
     2
 -1618
  -519
    54
 -1008
   438
  -684
  -543
  -909
   261
   167
   781
   492
    13
   978
  1087
   157
  -309
  -557
  -835
  -808
  -636
  -813
 -1364
  -872
  1164
  1203
   328
  1975
   640
   -28
  1073
   642
  -680
   371
  1062
  2018
  2120
  1138
   397
   818
  -949
   354
  -572
  -127
 -1655
  -181
  -248
   -98
 -1205
  -418
  -123
    -2
  -213
  -851
   848
  -774
  -105
 -1928
 -2114
 -1796
  -807
  -839
 -1470
  -265
  -357
  -568
  -834
  1276
   371
   103
  -314
    54
   -39
  1808
   570
  2046
  2273
  1455
  1738
  1686
  -992
   117
  -355
   230
   -27
  -685
  -993
  -763
   347
    35
  -655
   621
 -1086
   175
   298
  -824
  -529
    17
   727
  1037
   664
   916
  1384
   607
   942
    87
  -510
   -61
  -307
  -290
  -817
  -673
  -626
 -1251
 -1934
  -808
  -242
 -1954
 -1149
 -1658
  -376
 -1644
  -652
 -1191
 -1564
  -663
  -837
 -1216
 -1109
 -1210
  -620
  -947
   -82
 -1197
 -1082
  -283
  -516
  -808
   430
  1719
   319
  1586
   400
  1709
   563
  1344
   227
  1396
  1546
   860
  1433
  1372
  1136
  1074
   804
    24
  1399
   401
   939
   468
  -542
  -375
  2069
  1350
   832
  1532
  1107
   702
   317
   -16
  -691
 -1578
  -868
 -1158
  -864
  -917
  -406
 -1444
 -1749
  -454
  -749
  -651
 -1703
  -681
 -1164
  -674
 -2268
   261
  -641
 -2156
  -607
 -1041
  -747
  -316
  -862
  -647
 -1304
  -277
  -741
  -427
  -356
  -110
  1617
   915
   474
  1660
   180
  -192
   175
  -668
  -985
 -1542
 -2324
 -2099
 -2200
 -1219
    86
   796
  1129
  1595
   934
   785
     8
   441
   590
 -1487
   -25
  -125
  -923
  -795
 -1099
  -603
  -111
  -248
  -909
  -176
 -1638
 -1894
 -1011
  -758
   -79
   583
   524
  1283
   446
   850
   476
   668
   554
   141
  1115
   753
   606
  2509
  1970
  1291
  1859
   481
   948
  1064
   885
  1134
   -25
   751
   267
  -482
  -250
  -804
  -152
 -1000
 -1490
  -548
  -379
  1168
   392
   122
   354
   -87
   805
    14
   852
  1009
   336
  1389
 -1178
  1105
   385
   436
   635
   913
   373
   789
  1416
  1715
  -268
   445
   545
  -276
 -1505
  -622
 -1997
 -1464
  -772
 -1313
  -816
  -159
  -708
 -2053
  -319
  -602
 -1023
  -664
 -1723
  -212
  -374
  -749
  -811
 -1007
 -1185
 -1595
 -1613
  -858
  -867
 -1234
  -615
  -844
  -379
  -646
   590
   292
    77
  1254
  1852
    -1
  1576
   860
   626
   -61
  1861
   935
    -7
  2012
  1414
  1070
   218
  1328
   852
  1896
  1865
  1578
  1610
   766
  1638
  -575
  -681
 -1623
 -1717
  -808
  -721
 -1074
 -1195
    65
 -1509
  -496
    98
 -1512
 -1835
  -335
 -1297
 -1139
 -1067
 -1813
  -874
 -1312
 -1225
 -1068
  -192
   118
   163
   987
   783
  1244
  1723
   773
   728
  -239
 -1720
  -834
 -1935
  -842
 -1122
   572
 -1232
  -948
  -670
  -618
 -1570
 -1268
 -1336
  -205
  -153
  1571
  1134
  1390
   404
   627
   859
  1054
  1492
   -68
  1117
  1337
  1127
   927
   940
   712
  2014
  1022
   188
  1065
   629
  1396
   569
  -343
  -504
   515
  1056
  1058
   462
   222
   833
   518
   720
    49
   181
    75
  1232
  1439
   476
  -319
   368
  -631
   448
  -946
  -729
    71
   334
 -1912
  -634
  -788
  -492
 -1794
 -1195
   -23
 -1376
 -1391
  -324
  -155
  1696
   808
  2438
  1243
   934
   655
    86
   946
  -760
  -654
 -1718
 -2273
 -1563
  -519
 -1460
  -919
 -1286
 -1331
   119
 -1101
  -905
 -1114
 -2068
   446
  -130
  -937
 -1092
 -1424
  -441
 -1249
  -159
 -1514
  -784
  -713
  -300
 -1799
 -1785
  -373
   571
  -194
  1671
   386
  -375
   711
   106
   544
   686
 -1204
 -1412
 -2043
  -250
 -1310
  -130
 -1120
 -1229
 -1577
 -1563
 -1473
  -590
 -1380
 -1573
 -1021
  -186
  -189
   261
   448
   617
  1712
   914
   774
   676
    -5
  1379
  -321
   362
   942
  1199
   822
  1074
   357
  1554
   748
  -313
  1282
  -677
  -126
  -372
  -541
 -1183
  -672
 -1044
 -1069
 -1722
 -1403
   232
   660
   352
  1177
  1646
  1574
  1542
   420
   711
   520
  -211
   466
   247
  -465
   892
   180
   808
   741
  1097
   520
  1710
  -177
   366
   244
   807
    80
   -33
   565
  -964
   638
   178
  1030
   113
   872
  2686
   641
  1495
   640
   973
  1270
   964
  1130
  1330
   490
  1449
  -238
   281
  1970
   421
   440
  1185
   495
  1856
  1833
  1202
   707
   192
  -496
  -325
 -1158
 -1183
 -1517
 -1031
  -711
    42
   936
   625
   814
  1483
   566
   280
  1532
   954
   259
  1361
  1685
   274
   810
   806
   428
   504
 -1192
  -342
 -1048
  -766
 -1240
 -1186
    61
  -742
  -860
 -1528
 -1046
 -1732
 -2162
 -2433
  -486
   -76
   358
   163
   774
   469
  1296
  1665
   244
   271
   291
   787
   650
  1684
  1378
  1148
  -240
   649
   301
   778
   126
  1893
   823
  2048
   109
    85
   641
 -2011
  -816
 -1670
  -439
 -1673
  -615
  -254
   431
   429
  1227
   677
  1139
   845
  1054
  -156
   390
  1257
  1523
  1545
  1819
  1052
   938
   714
  -891
  -642
 -1114
 -1659
  -599
 -1046
 -1210
   393
  -786
  -869
  -535
  -695
 -1824
   125
   -74
   159
   374
  1231
   941
  1507
   861
   439
   683
   847
  1150
   473
  -334
   977
   444
   705
  1171
  -192
   312
   783
  1355
  1768
   698
  1118
   254
   377
   390
  1685
  1068
   629
  1120
  1972
  1211
  -853
 -1151
  -472
   139
  -881
  -899
  -788
  -203
  -683
  -323
 -1300
 -1481
 -1817
  -684
  -624
  -803
  -151
  -191
   407
  1241
   486
  1487
  1616
  -177
   541
 -1106
 -1365
 -1419
 -2065
 -1058
   148
  -783
    86
   698
   588
  1451
  1093
   363
  1488
   759
  -278
   250
  1143
  1341
   973
   970
   747
   -43
  1165
   368
   994
   744
   -90
   837
   446
  1169
   297
  -368
  -795
  -236
 -1391
  -924
 -1742
 -1506
  -127
  -283
  2014
  1925
   885
   872
   396
  1191
  1186
    -5
  -479
 -1178
   198
  -588
  -929
  -797
 -1170
  -990
 -1342
 -1113
 -1696
 -1545
  -843
   -65
  -220
  -534
  -258
   709
  1417
   857
   573
  1833
  1403
   840
   206
  1325
  1796
   127
   580
   669
   790
  1338
  1467
   206
  1766
  1377
   546
  -343
  1091
  -528
   532
  -744
   482
    -3
   340
  -342
  -664
  -712
  -674
 -2024
  -778
 -1313
  -623
   452
  -327
  1151
   884
   756
   -33
   660
   411
   106
    42
   532
  -692
  -509
 -1060
  -268
  -710
 -1116
 -1783
   474
   367
  -687
 -1090
  -956
 -1927
 -1237
  -246
   128
   376
   998
   518
  -177
   309
  -473
   -25
  -319
  -341
 -1210
 -2297
  -677
  -983
 -1191
  -685
  -186
   908
  -373
   761
   386
   529
   682
   542
   335
   941
  1314
  1543
   506
  1391
   807
  1466
  -362
  -748
  -484
 -2548
 -2048
  -839
  -425
  1093
   580
  1854
  1959
   441
   406
  2144
   939
  -124
   555
   555
 -2014
  -701
 -1184
  -536
 -1372
     5
  1002
   907
   812
   834
   545
   290
  1432
   741
   563
  2010
   176
  1319
   988
   194
  1947
   543
  1217
  2025
   718
  1588
   749
   646
   562
    50
  -247
  -579
 -1316
 -1531
 -1511
 -1056
 -1344
  -786
  -861
 -1179
  -743
 -1403
 -1026
 -1138
 -1441
 -1167
 -1587
 -1006
   -77
  -631
  -337
   -43
  -706
  -749
 -1072
   -24
  -401
  -863
  -442
  -192
  -538
 -1383
 -1158
  -902
  -970
  -125
  -983
  -348
  -657
    23
   795
  1226
  1159
  1375
  1446
  1214
   458
   641
 -1594
 -2014
 -1586
 -1356
 -1900
 -1398
  -949
 -1039
   -89
   607
  1972
  1833
  1356
   259
   125
  -183
   -30
  -512
 -2069
 -1483
  -291
  -873
   406
  -329
  -185
   434
  1390
  1873
  1417
  1096
   -62
  -141
   -96
 -1811
 -2813
 -1455
 -1644
  -542
  -667
  -518
  -504
  1264
  1046
  1152
  2266
   852
  1560
  1529
  1198
   783
  1683
  1748
  1043
  1741
   516
  1579
  1236
  1042
  1395
  1804
   609
  1050
  1460
  1403
    40
 -1568
 -1858
 -1147
 -1652
 -3638
 -1144
 -1665
  -429
 -1933
  -554
  -677
  -371
  -744
  -786
   234
   -85
   346
   689
  1397
  1648
  -234
   659
  1154
  1108
   560
  1030
  1411
  1767
  1951
   920
   720
  2045
  1115
   415
   702
   923
   609
  1100
  -505
  1096
   278
   858
   450
  1638
   914
   222
  -175
   -27
 -1010
  -438
  -952
 -1285
  -795
   -93
  -654
 -1234
 -1639
  -757
  -287
  -665
  -810
  -328
  -675
   242
  -934
  1370
  1494
   769
  1838
   476
   -97
   517
  -844
   349
  -273
 -1375
  -546
  -857
  -989
   618
   125
   -71
  -796
  -683
  -326
 -1099
  -160
  -237
  -287
   -82
   414
    70
   203
   303
   -39
  -956
   484
    81
   180
  -307
   321
  -237
   705
     5
   819
  -648
   216
   863
   551
  -326
   457
   556
  -149
   838
  1081
  -420
   524
   487
  -437
  -297
  -306
  1212
   185
  -732
   -21
   203
   178
   635
   312
  -108
   225
    52
    46
    36
  -504
  -983
  -423
 -1716
 -1676
 -1779
 -2074
 -1256
 -1251
 -1293
   397
  1674
    80
   462
   745
   867
  -741
 -1838
  -851
 -1067
 -1199
 -1389
 -1343
  -566
 -1749
   240
   223
   395
  1486
   261
   183
   434
   342
  -551
 -1182
 -1681
  -157
 -1552
  -981
 -1202
   212
    49
   948
   800
   934
   667
   970
  1212
  1748
   883
  1026
   777
   946
  1060
   291
  1158
   724
  1380
  1380
  1063
   924
  1061
   797
  1490
  1635
   405
  1339
  1456
   545
  1209
  1750
  1213
  -244
   954
  2425
  1035
   637
  1945
  1413
   557
   404
  -172
 -1550
  -559
  -654
 -1760
 -1028
 -1625
 -1328
  -800
 -1722
 -1507
 -1168
 -1895
 -1105
 -1614
   428
   916
  -243
  1039
  1323
   587
  1232
   413
   -71
   915
   668
  1439
   622
  2259
  1708
  -156
  -244
   505
  -476
  -679
 -1536
 -1192
 -1032
 -1042
 -1157
   489
  -463
 -1296
 -1193
  -424
 -1401
  -503
   105
   224
   649
   390
  1131
  1293
   950
  1896
   552
  -193
  -980
 -1213
     4
 -1723
 -1606
  -960
  -287
  -419
  -865
  -812
 -1576
  -494
  -849
  -509
  -662
 -1242
 -1219
 -1755
 -2404
  -842
 -1535
  -564
  -615
   545
   421
   533
   359
  1197
  1432
  1034
   389
  1863
   900
   776
   381
   259
   929
  1167
  1243
   881
  1279
   962
   713
  -387
   545
  1132
  2175
  1198
  1783
  1726
   606
   392
  1248
   547
  -389
   875
   844
  1849
   202
  1229
   909
   142
    61
   388
   603
  -572
 -1601
 -1043
  -706
  -680
  -111
   422
   459
  2077
  1200
   630
  1176
  1195
   667
  1825
   659
   521
   951
   986
  1476
  -108
   392
   167
  -839
   -83
 -1737
 -1217
 -1013
 -1054
 -1138
  -465
 -1132
  -776
  -372
  -814
    49
  -785
    86
  -765
  -387
 -1408
  -360
 -1351
  -690
  -359
 -1643
   360
  -909
 -1123
  -746
  -337
  -757
  -934
  -148
    45
   271
   748
  1027
  1127
   771
   -74
    37
  -779
  -631
 -1270
  -515
 -2080
 -1063
 -1023
 -1459
  -974
  -515
  -680
 -1680
  -479
   626
  -213
 -1041
   626
   769
  1328
   831
   290
  1002
   868
  1644
   350
   339
   556
  -131
   819
  1414
    95
  -194
 -1058
    53
 -1290
  -886
 -1413
  -247
 -1288
 -1188
  -469
 -1383
 -1342
  -379
 -1154
 -1185
  -932
  -541
   597
  -466
  -445
  -570
   335
  -332
   459
  -883
  -611
  -629
  -244
   417
  -819
  -179
 -1731
    64
   115
   536
   -51
   391
   964
   474
   489
  -487
   959
   716
   696
  2825
  1390
  1189
  1015
   -19
  -170
 -1290
  -899
 -1976
 -2164
 -1288
  -410
 -1114
 -1056
 -1053
 -2026
  -527
    53
  -333
   196
 -1370
  -679
  -548
  -636
  -397
  -848
 -1497
 -1933
  -591
   826
   888
   240
  -180
  1458
  1079
   -65
   929
  -169
 -1894
 -1038
 -1416
  -954
  -685
    21
   107
    30
  -342
  -304
   -62
  -672
  -795
  -659
  -805
  -774
    33
   -63
  -350
 -1509
   -39
  -520
  -309
   795
   281
   803
   -22
  1294
  -386
   142
   -62
  -330
    16
  -540
   -91
  -215
   394
  -116
    62
   251
   600
    60
  -272
   230
   894
  1120
  -331
   437
   234
  -675
  -662
   111
   401
   439
    24
  -272
  -250
   611
   545
    17
   396
 -1418
  -481
  -801
 -1472
 -2397
 -2102
 -2548
 -2188
  -842
 -2553
 -1573
 -1638
 -1765
 -1028
 -2087
 -1953
  -938
 -1782
  -199
 -2729
 -1534
 -1445
 -2340
  -753
    79
  -527
   549
   473
   918
  1764
  1317
   449
  1000
  -373
  -152
  -339
 -1634
 -1485
  -652
  -655
 -1391
  -214
   573
  1128
   763
  1878
  1909
   759
  1247
   409
   858
 -1203
 -1260
 -1374
 -1254
   244
  -477
 -1142
 -1535
 -1695
 -1399
  -602
 -1131
 -1362
 -1514
  -704
 -1680
  -742
  -599
 -1777
 -1138
 -1006
  -921
  -673
   317
  -104
  -352
  1217
  1104
  -533
   -81
   761
   109
  1163
   974
  1059
  1758
  -140
   803
   866
  -346
 -1609
  -936
 -2442
 -1613
 -1396
  -924
  -412
 -1645
 -1446
  -602
  -671
 -1126
 -1470
   156
  -405
  -649
  1962
  2012
  1753
  1468
  1607
   715
   404
   203
 -1199
 -1333
 -1539
  -598
  -517
  -499
  -995
   430
   696
  1318
  1279
  1673
   372
   815
   568
   953
   164
   531
  1077
  1804
    56
   696
   984
  -241
   -55
 -1078
  -538
 -1032
 -1393
 -1583
 -1342
 -1490
  -538
 -1778
  -932
 -1317
 -1394
  -768
  -448
  -706
  -442
 -1125
 -1604
  -811
  -924
  -329
 -1238
  -265
  -752
 -1370
  -795
  -391
  -442
  -241
  -317
    57
   656
  1223
  1241
   886
   246
   743
   -32
   287
  -995
  -567
  -694
 -1504
  -431
  -748
  -601
   226
  -386
   201
  1394
   388
   345
  1453
   814
 -1194
 -1183
 -2139
 -1542
  -845
 -1446
  -925
  -926
   113
  1193
  1617
  2203
  1799
  1781
    67
   334
  -655
 -1314
 -1149
 -1119
 -1010
 -1494
  -779
  -534
  -280
 -1950
 -1673
  -949
  -713
  -837
   -17
   268
   480
   -92
  -273
  1067
  1122
   779
  1122
   952
  -887
  -692
 -2778
 -1459
 -1157
 -1281
  -681
  -607
   645
  1173
   891
  1200
  1217
   443
  -344
   844
   289
  1153
  1237
  1080
   581
   813
   269
   147
   775
  -752
   562
  1650
   430
   409
   792
   256
  -651
   245
  -546
    73
 -1102
  -263
  -460
  -514
  -126
   185
   124
  -409
   287
   -88
  -298
  -791
    71
   593
  -100
   554
   273
    54
  -368
  1061
   512
    30
   754
  1091
   381
   209
   400
   520
   419
   139
 -1603
 -1447
 -1549
  -126
 -1076
  -148
   631
  2198
  1750
  1128
  2087
  1835
  1177
  1046
  -399
   -45
  -872
 -1079
  -376
  -608
  -379
   541
   490
  1400
  1170
  1935
  1735
  2208
  -239
  1658
   376
  1015
  1052
  1860
    74
   765
   -42
   837
  -410
 -1280
  -778
 -1512
  -959
 -1361
   365
  -415
  -231
   -11
  1123
   816
   311
   -45
  1183
  -406
 -1278
   451
 -1342
  -528
 -1353
    84
  -727
   -58
 -1262
 -1066
 -1926
 -1632
 -1479
 -1302
  -867
 -1201
   403
  1198
  1792
  1850
  1112
  1036
   325
   166
   268
  -272
  -847
 -1255
 -1143
  -833
  -271
  -722
 -1289
  -610
 -1781
  1100
  -368
  -520
  -409
  -306
   -87
   -50
   994
  2131
  1031
  1375
   -65
   773
  -201
  1019
  2102
   888
  1478
  1129
  -654
  1059
  1074
   982
   824
  1506
  1295
   798
   801
  -421
   195
  -996
  -247
 -2599
  -201
  -941
  -936
  -767
   492
   432
   946
  2014
   570
  1442
     5
   719
   617
   177
  1717
  1037
   903
   462
   446
   221
   545
  -387
  -894
 -1002
 -1162
 -1625
 -1210
  -102
  -617
 -1195
  -280
  -703
 -1474
  -383
   178
  -810
  -738
  -940
  -650
  -816
 -1103
 -1203
  -290
  -159
   -99
  -545
  -155
  -729
  -789
 -1968
  -408
   321
  1143
   541
  1313
  1185
  2205
   807
   785
   387
  -394
  1526
   949
  1874
  1028
  -751
   725
    70
  1356
  1434
   824
   944
  -161
  1326
  1739
    98
    91
 -1137
 -1021
 -1440
 -1253
  -804
 -1345
  -531
 -1800
 -1094
 -1379
 -1524
 -1223
  -859
 -1558
  -362
  -897
   848
  -794
 -2029
   210
 -1041
  -509
   520
   751
   581
  1206
   319
  2364
  1046
  1010
   836
   285
   868
   947
   843
  1981
   711
  1311
   262
   620
  1836
  1518
   956
  1879
  1668
  1436
   632
  1162
  1129
  1185
  1489
  1380
   836
   146
   302
    87
 -1050
 -1622
 -1361
  -864
  -730
 -1005
  -469
  -387
  -850
 -1100
 -1616
   -62
  -525
  -379
  -209
  -714
 -1834
 -1419
  -806
 -1172
 -1019
  -573
    24
   128
  1551
   400
   618
   648
   495
   671
     0
   936
   440
  1352
   226
   814
  1111
   381
   876
   932
  1644
  1252
  1226
  1871
  1336
  1175
  1192
  -739
  -617
  -358
 -1750
 -1421
 -2711
  -806
  -492
  -925
 -1189
  -681
 -1415
 -1050
 -2736
    59
  -390
   365
  1937
  1007
  1566
   547
  1006
  1333
   684
  1104
  1281
  2084
  1032
  1751
  1267
   380
   374
  -585
  -575
 -1043
  -922
  -421
 -1307
   419
   261
  -525
   837
   364
   814
  2194
   733
   139
   723
   671
   280
   720
   173
  -620
  1150
   970
  1128
   629
   664
   783
   694
  -264
   937
   354
  -614
  -895
 -2088
 -1273
 -1223
 -1232
  -562
 -2391
  -731
  -832
  -148
  -549
  -469
  -898
  -586
  -542
  -731
   471
  1095
   692
  1140
   810
  1314
  1061
   158
   425
 -1045
   208
  -105
  -405
 -1466
   127
 -1205
  -629
  -892
   -12
   935
  -907
  -398
  -551
 -1431
  -610
 -1461
 -2011
 -1883
 -1319
 -1724
 -2346
  -975
 -1272
  -748
  -807
 -2101
 -1391
 -1606
  -426
 -1031
   -78
  -144
   568
   646
   252
  -136
  1358
   -95
  -728
 -1753
 -1016
  -948
  -858
 -1358
 -1279
  -950
 -1056
 -1711
  -904
  -652
 -1098
  -727
 -1430
  -727
  -655
 -1076
  -623
  -977
 -1075
  -980
  -576
  -556
 -1249
  -768
 -1633
  -682
 -1122
 -1233
  -536
  -350
 -1010
 -1773
 -1279
 -1411
 -1982
  -880
  -784
    92
   616
   232
  1432
  1497
   456
  1504
   380
   407
  -292
  -761
 -1252
 -1319
 -1635
    75
  -423
  -791
   420
  1151
  1364
   -47
   231
   622
   -57
   692
   950
   567
  2369
  1843
  1724
  1114
   347
   873
  -430
  -840
 -1025
 -2060
  -499
 -1001
  -540
    63
  -466
   501
  1372
    96
  1817
  1021
  1014
  1352
   292
   935
   780
   564
   870
  1206
   354
    70
   977
  -862
 -1386
 -1623
  -459
 -1710
 -1613
  -865
  -943
 -1703
  -461
 -1318
 -2283
  -975
 -1013
  -515
  -513
  -993
  -926
  -514
 -1299
 -1510
   -97
    12
   459
  1071
   854
  1739
  1766
  1047
   729
  -164
 -1358
   -34
 -1136
 -1758
 -1778
 -2099
  -134
   678
   841
   440
  1796
  1124
  1308
  1655
   658
   835
  -103
   137
 -1430
 -1332
 -1907
  -829
   274
  -878
   884
  -622
   357
  1047
   896
    99
   833
   791
  1187
  1366
  1117
   912
   772
  1215
   808
   448
  1343
  1676
  1483
  1747
  1483
  1355
    95
  -149
 -1065
  -921
  -329
 -1539
  -863
 -1758
 -1112
  -655
  -614
  -362
  -911
  -564
  -666
 -1271
  -710
  -945
 -1226
 -1472
 -1406
 -1467
 -1438
 -1528
  -136
  -663
   690
   307
  1483
  1413
   388
   479
   674
  -568
  1002
   816
  1617
  1967
  1568
  1174
  1086
  1201
   282
  -255
  -449
 -1713
  -198
    12
  -301
  -717
  -228
  -599
    76
  -190
  -674
  -393
  -615
   120
  -154
   434
  1592
  1989
  1448
   144
   560
   532
   930
  1260
   804
   931
  1025
  1163
  1469
   936
    70
  -338
  -887
  -982
   325
  -233
  -369
  -212
  -437
   113
   998
  1467
   135
   406
   793
  -183
  -410
 -1502
  -494
 -1846
 -1990
 -1497
  -919
   -66
  -364
 -1477
 -1518
 -1163
  -886
  -887
 -1143
  -185
   949
   956
  1445
   845
  1093
  1535
  1077
   598
  1334
   630
   847
  1720
   640
  1163
   925
   155
   278
  -467
  -944
  -940
  -844
  -305
    66
   201
   907
   102
  1003
  1333
  1528
  1594
   129
  1243
 -1023
 -1149
  -864
 -1115
 -1925
 -1848
   -32
 -1147
  -165
   462
  1797
   760
  1042
   471
   721
  1242
   431
  1296
  1022
  1620
  1004
   718
    75
   709
  1376
  1989
   187
   919
  2456
  1206
   530
   816
  1702
   880
  1408
   620
   786
  1798
  1947
   621
  1086
   794
   541
  2868
  1823
  1075
   441
   275
   -49
    25
  -899
  -992
 -1410
 -1265
  -239
   204
    24
  1219
   596
  1096
  1504
   849
   164
   -75
  -267
  -650
 -1081
  -629
 -1269
 -1804
 -1340
  -472
  -335
 -1033
  -331
  -796
  -112
 -1156
 -1186
  -869
 -1045
  -760
 -1486
  -964
 -1636
 -1177
  -454
 -1133
   365
   589
   970
  1805
   931
   567
  1350
   792
   766
   950
  1345
  1053
  1934
   686
   669
    -7
  -105
  -484
  -288
 -1789
 -1620
  -618
 -1660
  -811
 -1925
 -1345
    79
  -587
  -146
  -835
 -1383
  -620
  -260
  -653
   231
  -641
  -739
  -399
  -563
  -384
 -1104
 -1377
    61
  -171
  -597
  -574
  -321
  -461
  -668
  -917
 -1678
 -1593
 -1248
 -1233
 -1410
  -911
 -1471
 -1043
 -1297
 -1571
 -1231
 -1207
  -555
  -350
 -1445
 -1018
   163
 -1346
  -154
 -1041
    50
  -824
 -1417
 -1311
 -1304
 -1162
  -763
  -179
   108
  -715
   127
    91
   317
  1642
   478
  1366
   337
   908
   708
  1208
  1217
   748
  1662
  1296
   245
    11
 -1296
  -902
 -2211
 -1812
 -1229
  -961
 -1047
  -619
  -925
 -1809
  -336
  -906
  -746
  -976
  -431
   314
   174
  1385
  1013
  1747
  1389
  1714
   223
   -26
   638
  -468
  -791
  -850
  -865
  -733
  -402
  -707
  -867
  -154
 -1577
  -745
 -1520
 -1319
  -836
  -248
   731
   839
   919
  1251
  1607
  1425
   514
   617
    73
   149
   583
  1175
     7
   976
    80
  -369
  -540
 -1302
  -953
 -1433
 -1478
 -1687
  -443
   -31
  -157
   706
  1757
  1359
  1736
  1162
   279
  -381
    78
 -1319
 -1215
 -1629
 -1088
 -1318
  -742
  -449
   944
  1984
  1153
  1097
  1068
  1637
  1054
   818
  1075
  1746
   575
  1902
   870
   976
   810
   421
   641
   800
   422
   974
  1169
   639
   245
   614
   882
   555
  1335
   -52
  1443
   698
  1340
  1386
  1364
   557
  1453
   810
  1329
  1566
  1221
   938
   127
  1399
  1613
  1376
  1675
  1622
  -320
    -1
 -1062
  -802
 -1566
 -2099
 -2403
 -1775
  -735
   -81
   234
  -241
  1096
  1499
   593
   391
   255
   544
    92
  1030
  1533
  -585
  1404
   336
  1193
   815
   651
   727
  1799
   507
  1314
  1087
   586
  -396
    87
   271
  -854
  -846
 -1505
 -1281
  -983
  -588
  -868
  -622
 -1545
  -670
  -987
  -437
 -1004
   141
   369
   729
  1113
   699
  2673
  1493
   195
   102
  -975
  -629
  -942
  -313
 -1557
  -694
  -201
  -143
   299
   453
   963
   669
  -340
   324
  1162
  -649
   426
  -454
  -292
  -816
  -454
 -1122
  -539
  -524
  -785
  -313
  -362
  -760
   139
  -753
  -299
  -931
  -152
   494
   377
   221
  1258
   882
    33
  -485
  -996
 -1500
 -1353
 -1520
 -1824
 -1484
  -961
  -135
   614
   306
   806
  2446
  1576
  1125
   752
   233
   364
  -783
 -1158
 -1234
 -1412
   -55
 -1641
  -270
   311
  1296
   813
  2624
  1825
  2091
   356
  1574
   360
   505
  1026
  1272
   756
  1116
  1325
   601
    61
   219
  1348
   780
   607
   976
  1106
  -416
  -767
 -1339
 -1407
 -1591
 -1764
  -524
  -892
  -856
  -681
   221
  1272
   963
  1607
  1528
   917
   392
  1018
  1424
  1004
   808
  1363
  1179
   608
  -538
  -873
 -1488
  -627
   -36
  -130
  -351
 -1362
  -802
  -277
 -1558
  -798
  -691
 -1636
 -1481
  -404
   184
   426
   584
   442
  1244
  1334
  1143
   773
  -633
  -112
  -217
  -395
 -1283
 -1248
  -982
  -523
  -226
 -1274
 -1287
 -1654
 -1730
 -1149
  -716
  -401
   228
   284
   215
   877
  1272
   465
   884
   480
   448
  -936
  -905
  -513
   -90
   459
 -1504
  -729
  -257
  -818
 -1672
 -1931
 -2141
 -1189
  -668
 -1065
  -947
 -1019
  -872
  -848
 -1830
 -1250
 -2038
 -1599
   454
   617
   607
    20
   917
  1169
  1151
   148
   -83
  -844
  -593
  -207
 -1516
  -440
 -1277
   -72
 -1409
 -1572
  -842
 -1341
  -501
  -294
  -544
  -705
 -1416
   762
   747
   847
  1073
   441
   446
   -89
   540
  -249
    75
   776
  1317
  -818
  1080
  1222
   825
   418
  1538
  1829
  2700
  1746
   829
   937
  -170
   373
 -1766
 -1911
 -1491
 -1258
 -2198
    27
  -975
  -512
  -779
 -1055
  -897
  -291
  -701
  -289
 -1371
  -350
 -1535
  -678
  -487
  -367
    33
  -104
     4
   311
   372
  1726
   407
   635
   882
   859
  -349
  -828
 -1902
 -1617
 -2496
 -1903
 -1892
 -1211
  -728
  -368
   601
  2326
   858
   377
  1147
   471
  -597
  -386
  -550
  -929
 -1490
  -630
 -1069
   -91
   190
    77
  1376
   524
  1088
  1320
   704
  1338
   932
  1009
   265
  1615
   871
  1374
   433
   448
   792
   616
    25
 -1505
  -284
  -454
  -668
 -1280
 -1231
    -6
   327
 -1288
  -909
 -1042
  -302
  -579
  -618
 -1707
 -1113
  -906
 -1545
 -1432
 -1338
   -69
 -1162
   -94
   777
  1020
   782
  1354
  1196
   881
   803
  1330
  -208
   571
  1556
   419
  1143
   582
  1088
   841
  1926
   604
   906
   858
   273
  1060
  1414
   545
  1256
  1617
  2027
  1159
   545
   794
   798
   149
  -455
 -1483
 -1439
 -1580
 -1194
 -1061
  -902
   220
   135
  -607
 -1296
 -1305
  -446
   213
  -217
  -458
  -174
  1051
   850
   710
  -436
   957
   430
  1000
   109
   647
  -181
   398
   -80
   495
  1544
  -476
  1617
   956
  2382
   768
   503
   621
  1564
  1020
   755
   587
   423
   809
   232
    61
   987
  1692
   439
   686
   962
  1279
  1311
   424
   720
  1387
   510
   976
  -674
   623
   177
   279
   600
  1287
  1339
  1388
  1674
  1611
   653
  1500
   932
   610
  2245
  1503
  1940
  1307
   945
   852
   835
  1439
   713
  1607
  1443
  1210
  1498
  1631
  1314
  1110
   654
  1318
   949
   817
  1192
  1047
   708
 -1014
  -392
 -1629
  -863
 -1143
  -662
 -1028
  -493
  1274
   482
   573
  1194
   658
  1400
   641
   503
    30
 -1100
  -936
 -1771
 -1797
  -750
 -1355
  -870
 -1061
 -1960
  -893
 -1853
 -1370
  -756
  -346
  -162
  1075
   749
  1108
  1356
  1302
   -40
   937
   878
  1286
  1037
  1716
  1576
  1050
  1761
   714
  -496
  -682
  -765
  -854
 -1413
 -2090
  -684
 -1817
   -34
  -590
  -329
 -1029
 -1249
  -705
 -1196
   -44
  -241
  -165
   -87
  -761
 -1270
 -1176
 -1216
  -755
  -173
   -98
   512
   528
   233
   842
  1534
  1155
   606
   197
  1089
   404
   155
   -24
  -139
   664
   447
   532
   714
   223
   321
   148
   930
  -406
    89
 -1178
  -152
  -927
 -1065
    90
   254
 -1656
  -817
 -1092
 -1532
 -1280
 -1129
 -2292
 -1548
 -1962
 -1811
  -803
  -967
 -1213
 -1921
 -1797
 -1325
 -1163
  -302
  -122
 -1133
  -871
  -891
  -378
 -1494
   124
   410
  1132
  1444
  1719
   634
  1620
  1014
   778
  1226
   170
   584
   939
  1198
  1230
   381
   722
   261
   -93
 -1131
 -1022
 -1006
 -1320
 -1528
 -1045
   820
  -244
   881
   942
  1206
  1255
   875
   414
   504
   469
  -829
 -1196
 -2457
 -1433
  -338
 -1228
 -1393
   231
   887
   459
  2689
   578
   264
  1149
  1165
   572
  1333
   984
  1402
  1371
   267
   270
    13
 -1289
  -984
  -748
 -1805
 -1316
 -1168
  -628
 -1144
    18
  -657
  -999
  -999
  -493
  -853
 -1169
  -735
  -118
   864
  1409
  1030
  1868
  1078
   391
   251
   597
   712
  1699
  1425
  1512
   770
  1560
   332
   449
 -1768
 -1205
 -1618
  -512
  -264
  -835
  1140
  1094
   829
  1285
  2081
  1670
  1100
  1476
   625
  -149
  1330
  1340
  1295
   990
  1433
   709
   936
    40
   149
  -485
 -1255
 -1607
  -585
 -1020
  -370
   245
  1148
  1369
  1196
  1976
  1568
  1334
  1136
   519
  1506
   889
   729
  1191
  1210
   732
  1310
  1693
  1316
  1051
  1898
  1050
   970
   -69
  -425
   196
 -1691
 -1699
 -1950
 -1660
 -1124
 -1825
  -410
    93
   296
  1172
   389
   306
   524
  1658
  1194
  1984
  1745
   100
   147
  1257
   799
  -145
   -12
  1290
   363
  1181
  1523
  1064
   904
   -51
  -688
   113
  -766
 -1486
 -1100
  -953
 -1514
  -825
   156
   144
   933
  1130
   851
   545
   265
   348
   759
   508
  1422
   454
  1288
   605
  1629
   348
   192
  -528
  -589
 -1561
 -2128
 -1544
 -1779
  -877
  -429
  1014
   416
  1083
  1400
   417
   472
  1706
  1201
   713
   890
  -190
   693
   554
   445
  1334
  1349
   379
  1116
  1290
   736
  1690
   355
  1085
   215
  -459
   289
  -604
   -72
    24
 -1635
  -454
   565
  -234
  -143
  1106
   630
  1132
   259
  1056
  -245
 -1534
  -446
 -2416
 -1044
 -1617
 -1230
 -1101
 -1412
  -723
  -894
 -1801
 -1823
 -1441
 -2026
 -1072
 -1026
 -1011
  -996
  -981
