     0
     0
     0
     0
     0
     0
     0
    -3
    -4
    -5
    -8
    -8
    -8
    -7
    -7
    -8
    -9
   -10
    -9
    -5
    -6
    -4
    -4
    -4
    -6
    -3
    -5
   -12
   -12
   -11
   -13
   -13
   -12
   -13
   -22
   -24
   -23
   -28
   -24
   -37
   -57
   -95
  -159
  -221
  -280
  -316
  -360
  -445
  -506
  -560
  -636
  -747
  -828
  -894
  -976
 -1031
 -1086
 -1182
 -1233
 -1297
 -1325
 -1374
 -1415
 -1424
 -1422
 -1473
 -1514
 -1545
 -1566
 -1604
 -1632
 -1634
 -1679
 -1723
 -1786
 -1836
 -1835
 -1880
 -1921
 -1986
 -2032
 -2089
 -2113
 -2168
 -2214
 -2239
 -2263
 -2250
 -2262
 -2254
 -2222
 -2252
 -2244
 -2220
 -2221
 -2220
 -2250
 -2313
 -2357
 -2407
 -2440
 -2465
 -2464
 -2464
 -2463
 -2467
 -2496
 -2504
 -2504
 -2526
 -2526
 -2542
 -2533
 -2536
 -2550
 -2549
 -2553
 -2546
 -2552
 -2559
 -2559
 -2529
 -2513
 -2481
 -2479
 -2462
 -2459
 -2456
 -2446
 -2453
 -2439
 -2458
 -2474
 -2479
 -2497
 -2521
 -2525
 -2483
 -2504
 -2533
 -2515
 -2519
 -2518
 -2536
 -2534
 -2569
 -2563
 -2562
 -2615
 -2665
 -2665
 -2655
 -2683
 -2697
 -2716
 -2732
 -2723
 -2732
 -2744
 -2745
 -2733
 -2767
 -2774
 -2767
 -2784
 -2808
 -2806
 -2806
 -2809
 -2794
 -2833
 -2834
 -2853
 -2856
 -2840
 -2829
 -2794
 -2840
 -2866
 -2873
 -2886
 -2911
 -2912
 -2917
 -2927
 -2910
 -2876
 -2827
 -2812
 -2794
 -2790
 -2790
 -2823
 -2850
 -2865
 -2878
 -2882
 -2891
 -2878
 -2880
 -2871
 -2852
 -2882
 -2888
 -2911
 -2911
 -2918
 -2917
 -2924
 -2920
 -2897
 -2899
 -2905
 -2904
 -2900
 -2917
 -2911
 -2911
 -2918
 -2935
 -2957
 -2983
 -2981
 -2974
 -2992
 -2987
 -3011
 -3013
 -3017
 -3001
 -3003
 -3001
 -3018
 -3033
 -3081
 -3095
 -3125
 -3140
 -3143
 -3146
 -3140
 -3130
 -3132
 -3122
 -3108
 -3087
 -3085
 -3062
 -3048
 -3019
 -3000
 -3021
 -3009
 -3022
 -3023
 -3022
 -3024
 -3008
 -2982
 -2935
 -2940
 -2958
 -2952
 -2948
 -2932
 -2914
 -2904
 -2875
 -2853
 -2841
 -2840
 -2832
 -2826
 -2819
 -2781
 -2792
 -2799
 -2805
 -2811
 -2828
 -2873
 -2895
 -2930
 -2916
 -2907
 -2906
 -2908
 -2917
 -2903
 -2876
 -2882
 -2871
 -2863
 -2831
 -2832
 -2837
 -2839
 -2863
 -2893
 -2873
 -2870
 -2887
 -2893
 -2891
 -2883
 -2888
 -2839
 -2802
 -2787
 -2789
 -2803
 -2809
 -2832
 -2856
 -2843
 -2853
 -2881
 -2871
 -2869
 -2870
 -2890
 -2915
 -2893
 -2901
 -2907
 -2913
 -2913
 -2918
 -2923
 -2946
 -2988
 -3003
 -3022
 -3038
 -3049
 -3042
 -3025
 -3012
 -2998
 -2970
 -2975
 -2967
 -2970
 -2977
 -2978
 -2972
 -2979
 -2951
 -2945
 -2943
 -2939
 -2926
 -2926
 -2930
 -2972
 -2998
 -2987
 -2984
 -2988
 -2983
 -2957
 -2971
 -2986
 -2985
 -2961
 -2960
 -2971
 -3009
 -3042
 -3042
 -3051
 -3057
 -3088
 -3089
 -3091
 -3113
 -3098
 -3125
 -3105
 -3078
 -3055
 -3029
 -3015
 -3010
 -3018
 -3029
 -3022
 -3018
 -3018
 -3015
 -2999
 -2973
 -2994
 -2986
 -3026
 -3071
 -3102
 -3148
 -3138
 -3128
 -3155
 -3171
 -3195
 -3206
 -3195
 -3218
 -3222
 -3213
 -3220
 -3202
 -3188
 -3177
 -3172
 -3147
 -3116
 -3118
 -3118
 -3101
 -3090
 -3085
 -3066
 -3078
 -3074
 -3076
 -3096
 -3099
 -3100
 -3101
 -3125
 -3112
 -3126
 -3132
 -3123
 -3129
 -3152
 -3160
 -3153
 -3160
 -3164
 -3163
 -3148
 -3129
 -3137
 -3143
 -3142
 -3140
 -3138
 -3134
 -3130
 -3105
 -3085
 -3056
 -3028
 -2996
 -2985
 -2969
 -2943
 -2930
 -2908
 -2912
 -2898
 -2911
 -2927
 -2902
 -2921
 -2928
 -2936
 -2922
 -2922
 -2921
 -2894
 -2869
 -2844
 -2815
 -2775
 -2760
 -2748
 -2742
 -2747
 -2753
 -2758
 -2749
 -2735
 -2691
 -2690
 -2689
 -2678
 -2689
 -2658
 -2690
 -2704
 -2685
 -2694
 -2692
 -2674
 -2696
 -2735
 -2720
 -2719
 -2750
 -2747
 -2750
 -2750
 -2751
 -2742
 -2745
 -2704
 -2712
 -2697
 -2689
 -2683
 -2708
 -2713
 -2693
 -2681
 -2668
 -2652
 -2666
 -2663
 -2670
 -2669
 -2654
 -2624
 -2613
 -2618
 -2618
 -2619
 -2633
 -2614
 -2620
 -2656
 -2668
 -2688
 -2708
 -2730
 -2729
 -2714
 -2703
 -2706
 -2725
 -2728
 -2739
 -2738
 -2739
 -2746
 -2761
 -2770
 -2769
 -2777
 -2785
 -2807
 -2804
 -2835
 -2894
 -2905
 -2918
 -2939
 -2952
 -2961
 -2943
 -2956
 -2951
 -2956
 -2965
 -2964
 -2976
 -2972
 -2972
 -2981
 -2976
 -2955
 -2937
 -2940
 -2946
 -2944
 -2951
 -2948
 -2944
 -2954
 -2971
 -2978
 -2985
 -2991
 -2994
 -2994
 -3015
 -3039
 -3026
 -3045
 -3057
 -3057
 -3064
 -3049
 -3037
 -3053
 -3052
 -3075
 -3068
 -3066
 -3057
 -3050
 -3052
 -3031
 -3001
 -2994
 -3002
 -3001
 -3012
 -3003
 -3011
 -2963
 -2951
 -2912
 -2897
 -2892
 -2889
 -2894
 -2902
 -2927
 -2961
 -2964
 -2964
 -2965
 -2968
 -2996
 -2999
 -3014
 -3060
 -3067
 -3050
 -3050
 -3042
 -3035
 -3029
 -3017
 -3030
 -3027
 -3021
 -3007
 -3010
 -3001
 -2961
 -2951
 -2956
 -2943
 -2914
 -2913
 -2918
 -2921
 -2953
 -2997
 -3013
 -3018
 -3011
 -3000
 -3004
 -2989
 -2972
 -2965
 -2928
 -2912
 -2905
 -2891
 -2895
 -2894
 -2894
 -2880
 -2886
 -2846
 -2851
 -2851
 -2852
 -2846
 -2847
 -2836
 -2823
 -2826
 -2798
 -2797
 -2797
 -2819
 -2809
 -2807
 -2785
 -2763
 -2727
 -2723
 -2709
 -2682
 -2666
 -2679
 -2663
 -2659
 -2672
 -2680
 -2694
 -2685
 -2691
 -2682
 -2654
 -2644
 -2656
 -2654
 -2657
 -2669
 -2687
 -2704
 -2693
 -2702
 -2725
 -2731
 -2729
 -2730
 -2696
 -2705
 -2712
 -2701
 -2652
 -2639
 -2651
 -2654
 -2680
 -2685
 -2710
 -2738
 -2753
 -2756
 -2749
 -2758
 -2756
 -2765
 -2802
 -2810
 -2814
 -2818
 -2816
 -2816
 -2784
 -2783
 -2760
 -2796
 -2800
 -2803
 -2807
 -2782
 -2769
 -2793
 -2820
 -2817
 -2816
 -2827
 -2826
 -2816
 -2808
 -2822
 -2803
 -2788
 -2779
 -2779
 -2772
 -2747
 -2732
 -2715
 -2680
 -2689
 -2688
 -2686
 -2688
 -2687
 -2680
 -2682
 -2677
 -2646
 -2643
 -2635
 -2643
 -2649
 -2628
 -2605
 -2599
 -2602
 -2603
 -2599
 -2594
 -2626
 -2668
 -2672
 -2677
 -2713
 -2717
 -2718
 -2717
 -2723
 -2716
 -2711
 -2697
 -2684
 -2691
 -2699
 -2708
 -2696
 -2683
 -2664
 -2670
 -2673
 -2658
 -2660
 -2666
 -2662
 -2661
 -2648
 -2626
 -2616
 -2603
 -2602
 -2612
 -2598
 -2611
 -2634
 -2642
 -2643
 -2655
 -2657
 -2674
 -2693
 -2704
 -2696
 -2700
 -2685
 -2665
 -2654
 -2643
 -2655
 -2671
 -2695
 -2699
 -2727
 -2749
 -2751
 -2748
 -2745
 -2725
 -2710
 -2701
 -2697
 -2704
 -2700
 -2678
 -2692
 -2696
 -2721
 -2769
 -2786
 -2808
 -2807
 -2810
 -2803
 -2810
 -2828
 -2850
 -2860
 -2872
 -2872
 -2865
 -2868
 -2876
 -2887
 -2889
 -2879
 -2888
 -2888
 -2887
 -2887
 -2911
 -2914
 -2893
 -2915
 -2904
 -2879
 -2906
 -2920
 -2926
 -2890
 -2872
 -2886
 -2862
 -2861
 -2863
 -2877
 -2888
 -2902
 -2924
 -2934
 -2966
 -2950
 -2949
 -2929
 -2940
 -2936
 -2932
 -2943
 -2952
 -2957
 -2957
 -2952
 -2975
 -3002
 -3021
 -3023
 -3018
 -3020
 -3019
 -3007
 -3032
 -3053
 -3079
 -3087
 -3098
 -3095
 -3091
 -3085
 -3100
 -3081
 -3097
 -3095
 -3083
 -3083
 -3086
 -3104
 -3116
 -3119
 -3141
 -3144
 -3144
 -3165
 -3160
 -3162
 -3189
 -3204
 -3183
 -3186
 -3195
 -3198
 -3199
 -3194
 -3207
 -3219
 -3221
 -3243
 -3241
 -3225
 -3210
 -3207
 -3180
 -3189
 -3193
 -3185
 -3205
 -3192
 -3174
 -3162
 -3159
 -3143
 -3117
 -3099
 -3091
 -3069
 -3044
 -3034
 -3041
 -3045
 -3042
 -3019
 -3010
 -2994
 -2996
 -2991
 -2952
 -2928
 -2926
 -2892
 -2888
 -2891
 -2892
 -2894
 -2883
 -2849
 -2853
 -2808
 -2811
 -2823
 -2825
 -2823
 -2841
 -2858
 -2858
 -2851
 -2863
 -2869
 -2872
 -2864
 -2871
 -2868
 -2836
 -2827
 -2834
 -2829
 -2827
 -2833
 -2823
 -2835
 -2828
 -2851
 -2846
 -2868
 -2877
 -2860
 -2872
 -2904
 -2901
 -2920
 -2920
 -2913
 -2906
 -2897
 -2861
 -2852
 -2807
 -2782
 -2776
 -2775
 -2773
 -2780
 -2777
 -2728
 -2730
 -2749
 -2726
 -2717
 -2719
 -2727
 -2706
 -2692
 -2657
 -2663
 -2659
 -2653
 -2652
 -2648
 -2647
 -2662
 -2635
 -2619
 -2618
 -2611
 -2622
 -2630
 -2637
 -2643
 -2621
 -2645
 -2661
 -2660
 -2662
 -2669
 -2690
 -2672
 -2683
 -2690
 -2692
 -2706
 -2692
 -2678
 -2661
 -2644
 -2620
 -2626
 -2634
 -2637
 -2644
 -2650
 -2661
 -2703
 -2697
 -2685
 -2696
 -2695
 -2696
 -2720
 -2697
 -2716
 -2713
 -2730
 -2731
 -2731
 -2726
 -2720
 -2716
 -2719
 -2712
 -2703
 -2702
 -2707
 -2720
 -2711
 -2707
 -2720
 -2720
 -2731
 -2721
 -2718
 -2717
 -2708
 -2725
 -2704
 -2695
 -2688
 -2662
 -2661
 -2661
 -2661
 -2649
 -2664
 -2657
 -2671
 -2684
 -2679
 -2683
 -2689
 -2718
 -2751
 -2760
 -2757
 -2773
 -2773
 -2777
 -2788
 -2795
 -2810
 -2836
 -2864
 -2876
 -2872
 -2873
 -2869
 -2865
 -2882
 -2901
 -2906
 -2907
 -2904
 -2915
 -2920
 -2937
 -2938
 -2973
 -2981
 -2979
 -3005
 -3003
 -2991
 -3011
 -3022
 -3033
 -3037
 -3038
 -3052
 -3046
 -3061
 -3063
 -3050
 -3064
 -3059
 -3035
 -3015
 -3031
 -3035
 -3044
 -3037
 -3053
 -3067
 -3062
 -3063
 -3058
 -3058
 -3056
 -3034
 -3006
 -3010
 -2999
 -2993
 -2988
 -2973
 -2934
 -2918
 -2898
 -2900
 -2900
 -2898
 -2899
 -2899
 -2877
 -2828
 -2810
 -2775
 -2777
 -2772
 -2775
 -2768
 -2761
 -2751
 -2698
 -2708
 -2715
 -2715
 -2713
 -2718
 -2721
 -2731
 -2708
 -2707
 -2718
 -2707
 -2706
 -2705
 -2698
 -2720
 -2725
 -2716
 -2714
 -2714
 -2712
 -2718
 -2729
 -2744
 -2721
 -2715
 -2713
 -2705
 -2705
 -2729
 -2754
 -2746
 -2729
 -2741
 -2754
 -2746
 -2750
 -2746
 -2750
 -2729
 -2752
 -2742
 -2719
 -2724
 -2736
 -2746
 -2741
 -2729
 -2716
 -2717
 -2707
 -2683
 -2670
 -2671
 -2659
 -2639
 -2639
 -2651
 -2640
 -2638
 -2640
 -2643
 -2627
 -2643
 -2657
 -2664
 -2664
 -2663
 -2663
 -2673
 -2669
 -2649
 -2647
 -2665
 -2685
 -2688
 -2690
 -2698
 -2698
 -2678
 -2658
 -2670
 -2669
 -2673
 -2671
 -2679
 -2671
 -2659
 -2650
 -2661
 -2653
 -2656
 -2657
 -2666
 -2667
 -2650
 -2670
 -2680
 -2672
 -2680
 -2679
 -2670
 -2685
 -2667
 -2688
 -2717
 -2715
 -2696
 -2702
 -2674
 -2661
 -2689
 -2676
 -2676
 -2695
 -2698
 -2717
 -2723
 -2713
 -2725
 -2719
 -2712
 -2727
 -2740
 -2747
 -2766
 -2770
 -2783
 -2792
 -2822
 -2836
 -2833
 -2831
 -2830
 -2835
 -2874
 -2879
 -2851
 -2842
 -2842
 -2846
 -2861
 -2881
 -2846
 -2854
 -2861
 -2859
 -2858
 -2858
 -2862
 -2852
 -2830
 -2832
 -2851
 -2852
 -2810
 -2813
 -2774
 -2761
 -2756
 -2754
 -2748
 -2739
 -2735
 -2732
 -2732
 -2753
 -2756
 -2783
 -2809
 -2786
 -2780
 -2787
 -2803
 -2799
 -2781
 -2813
 -2807
 -2813
 -2808
 -2807
 -2816
 -2811
 -2786
 -2790
 -2784
 -2788
 -2791
 -2784
 -2762
 -2755
 -2783
 -2776
 -2773
 -2785
 -2781
 -2782
 -2773
 -2774
 -2801
 -2826
 -2830
 -2831
 -2836
 -2842
 -2837
 -2821
 -2803
 -2796
 -2809
 -2801
 -2774
 -2770
 -2780
 -2762
 -2749
 -2762
 -2761
 -2754
 -2753
 -2756
 -2759
 -2760
 -2757
 -2754
 -2779
 -2797
 -2795
 -2798
 -2749
 -2762
 -2765
 -2823
 -2802
 -2809
 -2813
 -2809
 -2805
 -2815
 -2813
 -2814
 -2811
 -2818
 -2803
 -2822
 -2813
 -2799
 -2800
 -2825
 -2826
 -2842
 -2851
 -2846
 -2832
 -2857
 -2839
 -2843
 -2851
 -2844
 -2844
 -2840
 -2847
 -2819
 -2816
 -2836
 -2830
 -2830
 -2827
 -2829
 -2818
 -2807
 -2775
 -2758
 -2772
 -2761
 -2759
 -2758
 -2757
 -2744
 -2738
 -2720
 -2715
 -2735
 -2754
 -2742
 -2740
 -2745
 -2741
 -2736
 -2749
 -2764
 -2776
 -2772
 -2764
 -2766
 -2749
 -2759
 -2740
 -2748
 -2741
 -2746
 -2740
 -2737
 -2711
 -2711
 -2716
 -2714
 -2714
 -2718
 -2732
 -2718
 -2761
 -2756
 -2765
 -2770
 -2770
 -2768
 -2782
 -2790
 -2795
 -2806
 -2832
 -2835
 -2835
 -2830
 -2837
 -2844
 -2878
 -2883
 -2892
 -2892
 -2882
 -2876
 -2879
 -2862
 -2854
 -2841
 -2838
 -2857
 -2839
 -2830
 -2840
 -2814
 -2790
 -2786
 -2800
 -2824
 -2814
 -2821
 -2813
 -2814
 -2802
 -2787
 -2784
 -2773
 -2768
 -2763
 -2737
 -2760
 -2768
 -2746
 -2752
 -2740
 -2715
 -2725
 -2724
 -2708
 -2706
 -2718
 -2733
 -2731
 -2727
 -2733
 -2731
 -2745
 -2719
 -2727
 -2710
 -2702
 -2702
 -2694
 -2675
 -2693
 -2681
 -2684
 -2692
 -2701
 -2694
 -2694
 -2702
 -2717
 -2744
 -2729
 -2695
 -2696
 -2698
 -2701
 -2702
 -2715
 -2723
 -2741
 -2737
 -2723
 -2722
 -2719
 -2721
 -2707
 -2705
 -2695
 -2688
 -2692
 -2698
 -2704
 -2720
 -2736
 -2726
 -2724
 -2731
 -2729
 -2731
 -2729
 -2730
 -2732
 -2737
 -2711
 -2718
 -2710
 -2708
 -2710
 -2711
 -2705
 -2687
 -2676
 -2673
 -2661
 -2660
 -2667
 -2687
 -2688
 -2662
 -2664
 -2639
 -2647
 -2648
 -2645
 -2657
 -2661
 -2685
 -2715
 -2714
 -2718
 -2705
 -2719
 -2720
 -2708
 -2691
 -2689
 -2671
 -2652
 -2643
 -2645
 -2653
 -2644
 -2645
 -2673
 -2672
 -2672
 -2652
 -2652
 -2656
 -2652
 -2647
 -2631
 -2614
 -2632
 -2614
 -2620
 -2637
 -2648
 -2645
 -2647
 -2665
 -2673
 -2672
 -2672
 -2674
 -2671
 -2648
 -2656
 -2645
 -2630
 -2630
 -2632
 -2645
 -2645
 -2648
 -2635
 -2631
 -2637
 -2647
 -2681
 -2683
 -2688
 -2695
 -2709
 -2724
 -2710
 -2713
 -2713
 -2710
 -2712
 -2713
 -2729
 -2730
 -2747
 -2744
 -2744
 -2758
 -2766
 -2785
 -2787
 -2790
 -2783
 -2781
 -2777
 -2787
 -2801
 -2798
 -2790
 -2785
 -2792
 -2797
 -2790
 -2792
 -2792
 -2810
 -2823
 -2838
 -2828
 -2827
 -2831
 -2840
 -2852
 -2865
 -2881
 -2885
 -2866
 -2861
 -2857
 -2877
 -2900
 -2900
 -2866
 -2865
 -2871
 -2866
 -2865
 -2871
 -2895
 -2924
 -2920
 -2916
 -2913
 -2914
 -2912
 -2911
 -2930
 -2925
 -2943
 -2938
 -2921
 -2921
 -2916
 -2927
 -2920
 -2928
 -2926
 -2921
 -2897
 -2865
 -2851
 -2845
 -2835
 -2842
 -2835
 -2828
 -2828
 -2831
 -2849
 -2851
 -2850
 -2860
 -2861
 -2869
 -2866
 -2884
 -2890
 -2880
 -2871
 -2875
 -2858
 -2852
 -2848
 -2847
 -2846
 -2842
 -2836
 -2812
 -2802
 -2794
 -2782
 -2782
 -2778
 -2784
 -2798
 -2801
 -2775
 -2780
 -2785
 -2788
 -2782
 -2771
 -2764
 -2741
 -2743
 -2746
 -2740
 -2740
 -2736
 -2742
 -2747
 -2739
 -2753
 -2756
 -2762
 -2768
 -2767
 -2764
 -2763
 -2769
 -2764
 -2764
 -2757
 -2754
 -2752
 -2753
 -2744
 -2757
 -2755
 -2764
 -2775
 -2764
 -2767
 -2771
 -2758
 -2745
 -2744
 -2765
 -2805
 -2830
 -2832
 -2829
 -2825
 -2846
 -2811
 -2810
 -2817
 -2810
 -2826
 -2835
 -2844
 -2837
 -2843
 -2849
 -2853
 -2853
 -2854
 -2865
 -2856
 -2861
 -2852
 -2841
 -2843
 -2845
 -2847
 -2834
 -2831
 -2813
 -2824
 -2830
 -2842
 -2835
 -2836
 -2860
 -2849
 -2852
 -2899
 -2894
 -2897
 -2899
 -2899
 -2910
 -2889
 -2894
 -2892
 -2926
 -2925
 -2922
 -2913
 -2918
 -2906
 -2905
 -2918
 -2910
 -2927
 -2923
 -2923
 -2921
 -2886
 -2870
 -2866
 -2842
 -2844
 -2841
 -2841
 -2859
 -2861
 -2867
 -2870
 -2900
 -2887
 -2884
 -2877
 -2881
 -2872
 -2873
 -2891
 -2909
 -2892
 -2882
 -2892
 -2894
 -2867
 -2879
 -2887
 -2887
 -2882
 -2882
 -2880
 -2883
 -2882
 -2876
 -2876
 -2858
 -2832
 -2848
 -2836
 -2830
 -2849
 -2838
 -2823
 -2810
 -2778
 -2763
 -2783
 -2801
 -2799
 -2796
 -2800
 -2797
 -2783
 -2786
 -2787
 -2786
 -2802
 -2794
 -2781
 -2784
 -2789
 -2788
 -2790
 -2778
 -2782
 -2760
 -2775
 -2772
 -2751
 -2743
 -2750
 -2762
 -2767
 -2772
 -2783
 -2783
 -2774
 -2764
 -2765
 -2761
 -2789
 -2775
 -2763
 -2760
 -2759
 -2744
 -2747
 -2750
 -2749
 -2757
 -2758
 -2755
 -2746
 -2750
 -2746
 -2745
 -2752
 -2753
 -2757
 -2747
 -2757
 -2757
 -2753
 -2749
 -2755
 -2751
 -2764
 -2769
 -2776
 -2775
 -2783
 -2794
 -2777
 -2777
 -2761
 -2755
 -2735
 -2735
 -2734
 -2744
 -2740
 -2738
 -2743
 -2735
 -2732
 -2730
 -2734
 -2734
 -2734
 -2728
 -2706
 -2701
 -2707
 -2712
 -2723
 -2737
 -2727
 -2723
 -2714
 -2728
 -2717
 -2715
 -2712
 -2713
 -2708
 -2716
 -2722
 -2699
 -2709
 -2706
 -2715
 -2713
 -2711
 -2701
 -2695
 -2704
 -2701
 -2700
 -2700
 -2711
 -2707
 -2716
 -2701
 -2678
 -2681
 -2682
 -2679
 -2678
 -2669
 -2680
 -2666
 -2687
 -2696
 -2681
 -2677
 -2662
 -2660
 -2636
 -2638
 -2642
 -2635
 -2637
 -2633
 -2638
 -2646
 -2650
 -2665
 -2648
 -2660
 -2657
 -2651
 -2651
 -2637
 -2650
 -2646
 -2642
 -2643
 -2650
 -2639
 -2622
 -2631
 -2633
 -2636
 -2632
 -2623
 -2629
 -2634
 -2624
 -2620
 -2618
 -2615
 -2623
 -2639
 -2645
 -2636
 -2636
 -2640
 -2643
 -2634
 -2627
 -2619
 -2617
 -2617
 -2618
 -2615
 -2633
 -2628
 -2640
 -2643
 -2642
 -2645
 -2651
 -2655
 -2672
 -2679
 -2692
 -2698
 -2706
 -2690
 -2702
 -2688
 -2697
 -2690
 -2697
 -2705
 -2703
 -2705
 -2692
 -2677
 -2668
 -2652
 -2652
 -2632
 -2622
 -2609
 -2606
 -2611
 -2625
 -2625
 -2644
 -2667
 -2651
 -2660
 -2664
 -2642
 -2638
 -2649
 -2668
 -2652
 -2647
 -2622
 -2639
 -2633
 -2606
 -2616
 -2600
 -2618
 -2614
 -2612
 -2614
 -2620
 -2637
 -2625
 -2627
 -2633
 -2623
 -2612
 -2620
 -2619
 -2622
 -2632
 -2639
 -2659
 -2658
 -2663
 -2661
 -2673
 -2648
 -2653
 -2643
 -2639
 -2631
 -2628
 -2633
 -2639
 -2645
 -2653
 -2669
 -2673
 -2674
 -2668
 -2685
 -2660
 -2656
 -2658
 -2670
 -2672
 -2672
 -2679
 -2699
 -2707
 -2718
 -2706
 -2706
 -2717
 -2728
 -2734
 -2737
 -2747
 -2771
 -2762
 -2744
 -2740
 -2740
 -2737
 -2740
 -2722
 -2738
 -2740
 -2720
 -2727
 -2734
 -2736
 -2738
 -2735
 -2718
 -2691
 -2692
 -2683
 -2683
 -2686
 -2692
 -2675
 -2686
 -2681
 -2688
 -2665
 -2648
 -2649
 -2651
 -2650
 -2647
 -2631
 -2625
 -2630
 -2628
 -2627
 -2614
 -2615
 -2626
 -2648
 -2625
 -2622
 -2634
 -2632
 -2618
 -2622
 -2622
 -2616
 -2630
 -2617
 -2621
 -2621
 -2627
 -2625
 -2643
 -2651
 -2634
 -2637
 -2641
 -2641
 -2636
 -2620
 -2634
 -2676
 -2666
 -2662
 -2667
 -2664
 -2663
 -2659
 -2676
 -2668
 -2673
 -2661
 -2663
 -2659
 -2650
 -2651
 -2655
 -2646
 -2660
 -2675
 -2673
 -2672
 -2674
 -2664
 -2660
 -2670
 -2668
 -2682
 -2679
 -2683
 -2699
 -2689
 -2690
 -2701
 -2705
 -2710
 -2722
 -2727
 -2730
 -2744
 -2740
 -2739
 -2736
 -2734
 -2735
 -2735
 -2741
 -2739
 -2753
 -2728
 -2734
 -2733
 -2732
 -2732
 -2730
 -2734
 -2763
 -2756
 -2761
 -2752
 -2752
 -2753
 -2752
 -2758
 -2764
 -2754
 -2751
 -2738
 -2735
 -2735
 -2736
 -2735
 -2730
 -2742
 -2747
 -2736
 -2727
 -2725
 -2755
 -2748
 -2759
 -2755
 -2735
 -2732
 -2750
 -2762
 -2754
 -2749
 -2738
 -2737
 -2731
 -2739
 -2737
 -2724
 -2715
 -2693
 -2677
 -2674
 -2687
 -2690
 -2692
 -2693
 -2693
 -2695
 -2699
 -2708
 -2696
 -2698
 -2706
 -2708
 -2705
 -2704
 -2695
 -2693
 -2695
 -2685
 -2711
 -2710
 -2703
 -2698
 -2688
 -2674
 -2672
 -2681
 -2683
 -2685
 -2683
 -2697
 -2730
 -2750
 -2753
 -2754
 -2763
 -2770
 -2775
 -2761
 -2774
 -2784
 -2765
 -2745
 -2771
 -2784
 -2783
 -2801
 -2793
 -2790
 -2794
 -2796
 -2796
 -2796
 -2795
 -2808
 -2810
 -2813
 -2814
 -2810
 -2809
 -2815
 -2820
 -2799
 -2785
 -2780
 -2785
 -2785
 -2776
 -2779
 -2780
 -2785
 -2804
 -2795
 -2786
 -2781
 -2777
 -2762
 -2767
 -2766
 -2771
 -2772
 -2774
 -2771
 -2761
 -2763
 -2759
 -2753
 -2756
 -2742
 -2746
 -2751
 -2733
 -2725
 -2715
 -2720
 -2729
 -2736
 -2741
 -2729
 -2730
 -2732
 -2736
 -2732
 -2748
 -2767
 -2758
 -2756
 -2759
 -2763
 -2765
 -2756
 -2768
 -2782
 -2798
 -2803
 -2801
 -2798
 -2792
 -2796
 -2783
 -2762
 -2766
 -2750
 -2746
 -2760
 -2763
 -2755
 -2762
 -2754
 -2760
 -2748
 -2733
 -2725
 -2723
 -2727
 -2727
 -2718
 -2725
 -2704
 -2703
 -2697
 -2700
 -2704
 -2708
 -2692
 -2688
 -2689
 -2685
 -2687
 -2674
 -2677
 -2670
 -2700
 -2712
 -2714
 -2713
 -2713
 -2710
 -2687
 -2668
 -2676
 -2681
 -2691
 -2693
 -2691
 -2682
 -2693
 -2692
 -2670
 -2654
 -2665
 -2668
 -2671
 -2676
 -2668
 -2668
 -2652
 -2657
 -2650
 -2639
 -2654
 -2641
 -2647
 -2657
 -2664
 -2678
 -2686
 -2669
 -2661
 -2652
 -2656
 -2648
 -2660
 -2648
 -2656
 -2668
 -2672
 -2677
 -2702
 -2687
 -2680
 -2662
 -2660
 -2659
 -2657
 -2656
 -2659
 -2645
 -2644
 -2626
 -2629
 -2627
 -2632
 -2637
 -2629
 -2617
 -2598
 -2609
 -2613
 -2615
 -2618
 -2617
 -2622
 -2601
 -2611
 -2610
 -2620
 -2623
 -2625
 -2624
 -2618
 -2611
 -2603
 -2613
 -2615
 -2615
 -2605
 -2603
 -2614
 -2601
 -2620
 -2616
 -2621
 -2636
 -2644
 -2630
 -2643
 -2642
 -2632
 -2624
 -2627
 -2640
 -2641
 -2645
 -2633
 -2627
 -2636
 -2651
 -2639
 -2637
 -2640
 -2640
 -2639
 -2620
 -2629
 -2632
 -2635
 -2639
 -2647
 -2642
 -2634
 -2621
 -2629
 -2642
 -2654
 -2654
 -2654
 -2654
 -2646
 -2646
 -2643
 -2660
 -2653
 -2646
 -2656
 -2653
 -2657
 -2650
 -2659
 -2657
 -2669
 -2671
 -2672
 -2676
 -2673
 -2661
 -2676
 -2691
 -2693
 -2693
 -2694
 -2707
 -2703
 -2692
 -2705
 -2691
 -2693
 -2693
 -2693
 -2693
 -2702
 -2705
 -2708
 -2701
 -2705
 -2706
 -2705
 -2708
 -2696
 -2693
 -2701
 -2712
 -2703
 -2706
 -2708
 -2694
 -2700
 -2693
 -2688
 -2691
 -2694
 -2694
 -2692
 -2690
 -2695
 -2687
 -2691
 -2701
 -2698
 -2683
 -2690
 -2682
 -2667
 -2688
 -2684
 -2684
 -2692
 -2689
 -2692
 -2696
 -2685
 -2695
 -2696
 -2689
 -2677
 -2669
 -2653
 -2650
 -2660
 -2672
 -2674
 -2655
 -2639
 -2636
 -2637
 -2636
 -2654
 -2650
 -2653
 -2656
 -2653
 -2658
 -2653
 -2657
 -2652
 -2652
 -2657
 -2655
 -2653
 -2650
 -2648
 -2650
 -2641
 -2656
 -2650
 -2664
 -2636
 -2627
 -2641
 -2633
 -2639
 -2651
 -2654
 -2651
 -2656
 -2648
 -2658
 -2667
 -2668
 -2665
 -2675
 -2681
 -2689
 -2688
 -2687
 -2684
 -2682
 -2713
 -2725
 -2735
 -2737
 -2734
 -2734
 -2739
 -2736
 -2738
 -2732
 -2731
 -2744
 -2744
 -2746
 -2748
 -2748
 -2728
 -2743
 -2751
 -2713
 -2717
 -2710
 -2719
 -2715
 -2730
 -2720
 -2724
 -2729
 -2732
 -2730
 -2730
 -2725
 -2736
 -2739
 -2744
 -2738
 -2739
 -2736
 -2735
 -2734
 -2733
 -2733
 -2741
 -2743
 -2731
 -2731
 -2717
 -2721
 -2717
 -2717
 -2741
 -2747
 -2747
 -2746
 -2753
 -2747
 -2753
 -2746
 -2737
 -2734
 -2707
 -2704
 -2704
 -2687
 -2694
 -2690
 -2692
 -2685
 -2698
 -2722
 -2713
 -2724
 -2720
 -2726
 -2706
 -2704
 -2722
 -2726
 -2720
 -2717
 -2695
 -2695
 -2694
 -2690
 -2692
 -2693
 -2700
 -2700
 -2694
 -2701
 -2698
 -2699
 -2701
 -2703
 -2699
 -2694
 -2686
 -2682
 -2682
 -2677
 -2678
 -2679
 -2671
 -2678
 -2675
 -2663
 -2662
 -2679
 -2676
 -2673
 -2681
 -2681
 -2658
 -2655
 -2646
 -2670
 -2661
 -2664
 -2668
 -2666
 -2664
 -2657
 -2686
 -2673
 -2672
 -2673
 -2687
 -2692
 -2691
 -2698
 -2672
 -2669
 -2670
 -2677
 -2664
 -2663
 -2665
 -2656
 -2666
 -2670
 -2665
 -2667
 -2662
 -2680
 -2668
 -2669
 -2676
 -2669
 -2668
 -2668
 -2660
 -2647
 -2637
 -2629
 -2618
 -2618
 -2643
 -2637
 -2648
 -2652
 -2671
 -2647
 -2649
 -2643
 -2653
 -2654
 -2640
 -2634
 -2624
 -2612
 -2610
 -2612
 -2609
 -2619
 -2625
 -2615
 -2620
 -2631
 -2646
 -2659
 -2656
 -2658
 -2656
 -2645
 -2651
 -2648
 -2667
 -2670
 -2671
 -2675
 -2681
 -2695
 -2687
 -2690
 -2682
 -2679
 -2678
 -2669
 -2671
 -2673
 -2675
 -2682
 -2684
 -2692
 -2692
 -2678
 -2675
 -2663
 -2669
 -2679
 -2683
 -2676
 -2674
 -2655
 -2645
 -2632
 -2645
 -2633
 -2625
 -2623
 -2622
 -2623
 -2630
 -2622
 -2644
 -2663
 -2667
 -2672
 -2674
 -2681
 -2677
 -2679
 -2653
 -2660
 -2661
 -2650
 -2646
 -2647
 -2645
 -2641
 -2617
 -2606
 -2605
 -2607
 -2606
 -2605
 -2603
 -2616
 -2611
 -2616
 -2634
 -2621
 -2636
 -2634
 -2644
 -2649
 -2664
 -2662
 -2645
 -2649
 -2651
 -2653
 -2657
 -2650
 -2655
 -2628
 -2647
 -2627
 -2640
 -2640
 -2648
 -2645
 -2644
 -2659
 -2671
 -2667
 -2668
 -2675
 -2675
 -2680
 -2692
 -2717
 -2721
 -2723
 -2725
 -2729
 -2723
 -2744
 -2751
 -2734
 -2725
 -2725
 -2723
 -2725
 -2725
 -2745
 -2743
 -2750
 -2751
 -2741
 -2740
 -2735
 -2737
 -2736
 -2723
 -2722
 -2708
 -2711
 -2713
 -2708
 -2711
 -2711
 -2699
 -2691
 -2687
 -2696
 -2696
 -2685
 -2682
 -2681
 -2687
 -2686
 -2697
 -2696
 -2693
 -2696
 -2695
 -2696
 -2707
 -2714
 -2712
 -2716
 -2717
 -2717
 -2715
 -2723
 -2714
 -2740
 -2742
 -2739
 -2733
 -2738
 -2729
 -2732
 -2749
 -2753
 -2752
 -2749
 -2753
 -2755
 -2776
 -2770
 -2758
 -2750
 -2732
 -2722
 -2715
 -2736
 -2743
 -2718
 -2734
 -2739
 -2751
 -2744
 -2739
 -2744
 -2743
 -2730
 -2733
 -2743
 -2738
 -2732
 -2734
 -2739
 -2750
 -2754
 -2761
 -2753
 -2745
 -2738
 -2736
 -2740
 -2738
 -2733
 -2729
 -2724
 -2723
 -2734
 -2728
 -2732
 -2729
 -2726
 -2733
 -2730
 -2735
 -2728
 -2726
 -2727
 -2732
 -2723
 -2724
 -2722
 -2697
 -2685
 -2686
 -2688
 -2696
 -2686
 -2673
 -2674
 -2672
 -2672
 -2671
 -2676
 -2669
 -2662
 -2670
 -2667
 -2655
 -2642
 -2647
 -2642
 -2656
 -2642
 -2654
 -2653
 -2653
 -2661
 -2657
 -2653
 -2657
 -2648
 -2650
 -2648
 -2647
 -2665
 -2657
 -2665
 -2692
 -2692
 -2679
 -2674
 -2679
 -2675
 -2673
 -2675
 -2669
 -2666
 -2680
 -2677
 -2676
 -2681
 -2683
 -2685
 -2681
 -2686
 -2687
 -2692
 -2702
 -2695
 -2678
 -2697
 -2700
 -2706
 -2717
 -2724
 -2721
 -2724
 -2729
 -2726
 -2736
 -2737
 -2735
 -2742
 -2736
 -2733
 -2725
 -2718
 -2716
 -2709
 -2706
 -2698
 -2694
 -2692
 -2689
 -2686
 -2686
 -2686
 -2700
 -2693
 -2687
 -2686
 -2687
 -2684
 -2677
 -2674
 -2644
 -2632
 -2644
 -2656
 -2650
 -2651
 -2657
 -2643
 -2633
 -2631
 -2645
 -2647
 -2645
 -2645
 -2638
 -2642
 -2648
 -2670
 -2671
 -2684
 -2677
 -2684
 -2670
 -2661
 -2673
 -2692
 -2678
 -2680
 -2677
 -2680
 -2686
 -2683
 -2681
 -2675
 -2684
 -2683
 -2685
 -2684
 -2676
 -2685
 -2689
 -2688
 -2691
 -2701
 -2702
 -2705
 -2706
 -2708
 -2710
 -2719
 -2711
 -2708
 -2727
 -2731
 -2733
 -2740
 -2720
 -2729
 -2732
 -2728
 -2727
 -2724
 -2719
 -2708
 -2716
 -2715
 -2721
 -2715
 -2709
 -2716
 -2711
 -2729
 -2723
 -2738
 -2748
 -2760
 -2768
 -2774
 -2773
 -2766
 -2786
 -2793
 -2785
 -2776
 -2773
 -2773
 -2770
 -2760
 -2772
 -2776
 -2783
 -2773
 -2767
 -2766
 -2758
 -2758
 -2747
 -2743
 -2750
 -2746
 -2753
 -2753
 -2751
 -2754
 -2748
 -2754
 -2754
 -2765
 -2759
 -2758
 -2745
 -2762
 -2759
 -2748
 -2746
 -2741
 -2741
 -2743
 -2737
 -2736
 -2726
 -2722
 -2728
 -2728
 -2729
 -2727
 -2728
 -2731
 -2739
 -2755
 -2773
 -2762
 -2763
 -2757
 -2767
 -2762
 -2755
 -2769
 -2762
 -2774
 -2768
 -2757
 -2751
 -2759
 -2750
 -2750
 -2744
 -2731
 -2734
 -2737
 -2738
 -2749
 -2738
 -2727
 -2719
 -2711
 -2707
 -2704
 -2715
 -2725
 -2732
 -2725
 -2736
 -2737
 -2738
 -2738
 -2741
 -2745
 -2753
 -2750
 -2748
 -2753
 -2752
 -2745
 -2741
 -2733
 -2723
 -2737
 -2732
 -2731
 -2728
 -2724
 -2735
 -2723
 -2712
 -2705
 -2686
 -2679
 -2682
 -2680
 -2684
 -2682
 -2686
 -2677
 -2678
 -2679
 -2688
 -2692
 -2675
 -2668
 -2668
 -2649
 -2658
 -2668
 -2657
 -2667
 -2668
 -2669
 -2671
 -2677
 -2686
 -2696
 -2696
 -2695
 -2696
 -2694
 -2687
 -2700
 -2694
 -2696
 -2694
 -2692
 -2702
 -2704
 -2694
 -2683
 -2679
 -2682
 -2683
 -2684
 -2679
 -2679
 -2683
 -2691
 -2686
 -2685
 -2688
 -2680
 -2681
 -2674
 -2662
 -2647
 -2654
 -2656
 -2656
 -2657
 -2665
 -2663
 -2661
 -2656
 -2663
 -2674
 -2679
 -2680
 -2681
 -2678
 -2677
 -2691
 -2700
 -2695
 -2695
 -2690
 -2685
 -2688
 -2699
 -2701
 -2702
 -2701
 -2693
 -2697
 -2702
 -2693
 -2701
 -2704
 -2695
 -2700
 -2690
 -2699
 -2685
 -2693
 -2700
 -2695
 -2695
 -2690
 -2697
 -2704
 -2689
 -2679
 -2671
 -2642
 -2647
 -2641
 -2642
 -2641
 -2641
 -2626
 -2613
 -2622
 -2605
 -2614
 -2611
 -2613
 -2611
 -2616
 -2624
 -2630
 -2641
 -2636
 -2638
 -2639
 -2639
 -2636
 -2633
 -2621
 -2637
 -2632
 -2633
 -2633
 -2640
 -2644
 -2649
 -2624
 -2618
 -2614
 -2615
 -2614
 -2609
 -2605
 -2630
 -2636
 -2640
 -2637
 -2631
 -2625
 -2626
 -2620
 -2616
 -2622
 -2637
 -2643
 -2641
 -2659
 -2671
 -2674
 -2686
 -2686
 -2695
 -2695
 -2696
 -2699
 -2705
 -2707
 -2701
 -2708
 -2727
 -2717
 -2721
 -2728
 -2728
 -2721
 -2741
 -2733
 -2727
 -2719
 -2723
 -2733
 -2718
 -2708
 -2699
 -2707
 -2705
 -2705
 -2712
 -2724
 -2730
 -2733
 -2735
 -2733
 -2744
 -2751
 -2753
 -2756
 -2753
 -2755
 -2734
 -2753
 -2755
 -2757
 -2756
 -2756
 -2754
 -2754
 -2762
 -2769
 -2763
 -2766
 -2766
 -2764
 -2755
 -2762
 -2740
 -2762
 -2769
 -2773
 -2772
 -2772
 -2782
 -2781
 -2778
 -2767
 -2798
 -2792
 -2797
 -2787
 -2782
 -2773
 -2761
 -2755
 -2756
 -2757
 -2758
 -2759
 -2763
 -2744
 -2730
 -2735
 -2736
 -2717
 -2719
 -2706
 -2696
 -2689
 -2689
 -2679
 -2674
 -2684
 -2689
 -2693
 -2693
 -2700
 -2716
 -2723
 -2747
 -2745
 -2745
 -2743
 -2753
 -2755
 -2754
 -2769
 -2779
 -2785
 -2794
 -2790
 -2790
 -2794
 -2799
 -2789
 -2786
 -2787
 -2788
 -2789
 -2789
 -2783
 -2791
 -2766
 -2780
 -2777
 -2779
 -2779
 -2787
 -2789
 -2794
 -2806
 -2812
 -2806
 -2814
 -2814
 -2802
 -2793
 -2804
 -2803
 -2783
 -2791
 -2801
 -2808
 -2807
 -2807
 -2790
 -2792
 -2782
 -2769
 -2768
 -2767
 -2777
 -2786
 -2756
 -2761
 -2761
 -2755
 -2755
 -2752
 -2743
 -2760
 -2764
 -2766
 -2770
 -2778
 -2778
 -2779
 -2774
 -2765
 -2768
 -2762
 -2759
 -2743
 -2725
 -2722
 -2702
 -2712
 -2725
 -2725
 -2726
 -2726
 -2723
 -2737
 -2735
 -2747
 -2754
 -2749
 -2750
 -2753
 -2767
 -2767
 -2773
 -2781
 -2784
 -2792
 -2802
 -2807
 -2808
 -2813
 -2814
 -2809
 -2802
 -2805
 -2822
 -2827
 -2831
 -2841
 -2844
 -2836
 -2831
 -2816
 -2818
 -2817
 -2820
 -2818
 -2804
 -2796
 -2790
 -2779
 -2763
 -2760
 -2777
 -2774
 -2784
 -2786
 -2785
 -2792
 -2788
 -2801
 -2796
 -2800
 -2796
 -2808
 -2810
 -2790
 -2781
 -2775
 -2770
 -2755
 -2765
 -2755
 -2753
 -2756
 -2752
 -2731
 -2728
 -2732
 -2731
 -2732
 -2732
 -2701
 -2688
 -2700
 -2700
 -2697
 -2703
 -2696
 -2695
 -2691
 -2695
 -2690
 -2684
 -2694
 -2704
 -2710
 -2715
 -2720
 -2718
 -2731
 -2739
 -2744
 -2745
 -2737
 -2746
 -2739
 -2746
 -2734
 -2744
 -2738
 -2748
 -2749
 -2742
 -2748
 -2754
 -2761
 -2754
 -2759
 -2769
 -2771
 -2778
 -2759
 -2759
 -2748
 -2753
 -2764
 -2770
 -2786
 -2802
 -2815
 -2823
 -2821
 -2824
 -2823
 -2811
 -2820
 -2822
 -2816
 -2813
 -2814
 -2815
 -2817
 -2821
 -2824
 -2824
 -2821
 -2830
 -2829
 -2825
 -2826
 -2836
 -2841
 -2838
 -2825
 -2832
 -2839
 -2847
 -2859
 -2841
 -2837
 -2808
 -2800
 -2798
 -2777
 -2769
 -2778
 -2764
 -2748
 -2742
 -2729
 -2720
 -2700
 -2704
 -2703
 -2710
 -2700
 -2697
 -2703
 -2706
 -2708
 -2709
 -2706
 -2705
 -2705
 -2706
 -2709
 -2708
 -2716
 -2718
 -2708
 -2718
 -2721
 -2736
 -2735
 -2725
 -2732
 -2731
 -2737
 -2746
 -2756
 -2764
 -2764
 -2762
 -2762
 -2767
 -2775
 -2770
 -2786
 -2792
 -2790
 -2795
 -2802
 -2803
 -2804
 -2810
 -2810
 -2809
 -2795
 -2789
 -2797
 -2800
 -2803
 -2802
 -2803
 -2794
 -2782
 -2772
 -2768
 -2762
 -2757
 -2759
 -2731
 -2737
 -2737
 -2732
 -2728
 -2718
 -2713
 -2706
 -2687
 -2685
 -2690
 -2679
 -2667
 -2666
 -2662
 -2667
 -2657
 -2663
 -2671
 -2672
 -2672
 -2673
 -2671
 -2673
 -2669
 -2665
 -2663
 -2657
 -2652
 -2650
 -2650
 -2658
 -2660
 -2653
 -2662
 -2675
 -2675
 -2676
 -2669
 -2664
 -2661
 -2657
 -2661
 -2658
 -2655
 -2656
 -2658
 -2652
 -2662
 -2656
 -2662
 -2660
 -2661
 -2662
 -2666
 -2669
 -2673
 -2663
 -2670
 -2667
 -2664
 -2657
 -2664
 -2655
 -2646
 -2651
 -2651
 -2650
 -2654
 -2659
 -2659
 -2669
 -2669
 -2678
 -2680
 -2679
 -2691
 -2692
 -2695
 -2692
 -2695
 -2685
 -2678
 -2670
 -2650
 -2661
 -2659
 -2656
 -2668
 -2678
 -2683
 -2687
 -2687
 -2687
 -2682
 -2684
 -2675
 -2644
 -2622
 -2612
 -2601
 -2595
 -2573
 -2567
 -2578
 -2567
 -2579
 -2575
 -2571
 -2568
 -2576
 -2579
 -2586
 -2594
 -2606
 -2625
 -2624
 -2621
 -2618
 -2611
 -2600
 -2596
 -2597
 -2608
 -2609
 -2610
 -2605
 -2593
 -2584
 -2574
 -2564
 -2578
 -2583
 -2584
 -2587
 -2585
 -2595
 -2599
 -2599
 -2598
 -2602
 -2602
 -2600
 -2602
 -2608
 -2608
 -2622
 -2617
 -2619
 -2622
 -2623
 -2629
 -2643
 -2660
 -2670
 -2680
 -2680
 -2677
 -2677
 -2678
 -2678
 -2698
 -2683
 -2692
 -2684
 -2688
 -2689
 -2688
 -2675
 -2672
 -2664
 -2656
 -2647
 -2650
 -2651
 -2650
 -2665
 -2678
 -2660
 -2674
 -2675
 -2677
 -2679
 -2678
 -2677
 -2683
 -2692
 -2671
 -2671
 -2669
 -2666
 -2666
 -2667
 -2686
 -2687
 -2690
 -2697
 -2697
 -2699
 -2696
 -2681
 -2684
 -2688
 -2705
 -2711
 -2713
 -2714
 -2715
 -2716
 -2720
 -2732
 -2726
 -2723
 -2720
 -2722
 -2720
 -2713
 -2729
 -2732
 -2740
 -2744
 -2752
 -2746
 -2743
 -2726
 -2719
 -2713
 -2715
 -2714
 -2707
 -2705
 -2706
 -2730
 -2715
 -2718
 -2708
 -2715
 -2709
 -2710
 -2707
 -2696
 -2708
 -2723
 -2723
 -2729
 -2729
 -2731
 -2729
 -2724
 -2702
 -2701
 -2682
 -2679
 -2678
 -2678
 -2675
 -2681
 -2666
 -2664
 -2659
 -2655
 -2652
 -2650
 -2637
 -2645
 -2658
 -2651
 -2668
 -2673
 -2674
 -2676
 -2682
 -2690
 -2686
 -2688
 -2693
 -2692
 -2694
 -2695
 -2692
 -2678
 -2679
 -2685
 -2689
 -2689
 -2690
 -2690
 -2690
 -2682
 -2665
 -2676
 -2686
 -2684
 -2681
 -2681
 -2685
 -2687
 -2669
 -2674
 -2679
 -2659
 -2660
 -2662
 -2676
 -2678
 -2669
 -2672
 -2678
 -2676
 -2676
 -2677
 -2671
 -2675
 -2677
 -2660
 -2668
 -2666
 -2675
 -2676
 -2675
 -2680
 -2676
 -2682
 -2691
 -2687
 -2692
 -2683
 -2693
 -2698
 -2701
 -2699
 -2712
 -2723
 -2725
 -2726
 -2729
 -2740
 -2753
 -2771
 -2781
 -2787
 -2789
 -2786
 -2796
 -2792
 -2804
 -2819
 -2836
 -2850
 -2848
 -2849
 -2846
 -2849
 -2845
 -2848
 -2860
 -2857
 -2848
 -2849
 -2852
 -2863
 -2862
 -2857
 -2860
 -2866
 -2877
 -2881
 -2880
 -2866
 -2853
 -2840
 -2820
 -2817
 -2817
 -2805
 -2800
 -2793
 -2788
 -2784
 -2782
 -2785
 -2783
 -2765
 -2763
 -2761
 -2756
 -2745
 -2733
 -2736
 -2738
 -2739
 -2742
 -2740
 -2738
 -2711
 -2712
 -2703
 -2702
 -2686
 -2682
 -2680
 -2674
 -2680
 -2679
 -2690
 -2686
 -2685
 -2688
 -2686
 -2684
 -2692
 -2695
 -2702
 -2704
 -2705
 -2705
 -2693
 -2679
 -2692
 -2683
 -2676
 -2675
 -2672
 -2665
 -2676
 -2669
 -2678
 -2675
 -2677
 -2677
 -2677
 -2672
 -2661
 -2664
 -2667
 -2670
 -2662
 -2647
 -2633
 -2609
 -2591
 -2588
 -2594
 -2591
 -2589
 -2577
 -2575
 -2579
 -2585
 -2581
 -2574
 -2572
 -2563
 -2557
 -2558
 -2545
 -2551
 -2555
 -2542
 -2529
 -2526
 -2526
 -2526
 -2532
 -2533
 -2532
 -2543
 -2524
 -2513
 -2499
 -2499
 -2513
 -2510
 -2526
 -2521
 -2529
 -2538
 -2561
 -2564
 -2565
 -2567
 -2564
 -2549
 -2524
 -2526
 -2530
 -2529
 -2532
 -2534
 -2544
 -2544
 -2555
 -2559
 -2560
 -2561
 -2564
 -2562
 -2572
 -2583
 -2596
 -2592
 -2592
 -2596
 -2594
 -2580
 -2593
 -2606
 -2603
 -2614
 -2617
 -2625
 -2631
 -2635
 -2633
 -2647
 -2644
 -2645
 -2647
 -2650
 -2657
 -2652
 -2648
 -2655
 -2671
 -2682
 -2684
 -2684
 -2681
 -2678
 -2682
 -2688
 -2679
 -2676
 -2660
 -2659
 -2674
 -2666
 -2663
 -2665
 -2666
 -2656
 -2648
 -2644
 -2644
 -2647
 -2651
 -2644
 -2634
 -2626
 -2625
 -2615
 -2621
 -2613
 -2624
 -2626
 -2625
 -2628
 -2620
 -2619
 -2615
 -2611
 -2592
 -2588
 -2590
 -2587
 -2589
 -2587
 -2574
 -2564
 -2548
 -2549
 -2563
 -2562
 -2557
 -2550
 -2549
 -2543
 -2533
 -2533
 -2521
 -2526
 -2526
 -2525
 -2532
 -2524
 -2504
 -2501
 -2509
 -2513
 -2516
 -2517
 -2522
 -2537
 -2546
 -2551
 -2557
 -2572
 -2578
 -2578
 -2564
 -2566
 -2576
 -2566
 -2561
 -2553
 -2553
 -2555
 -2543
 -2559
 -2557
 -2574
 -2566
 -2572
 -2573
 -2570
 -2565
 -2571
 -2573
 -2552
 -2557
 -2556
 -2564
 -2550
 -2566
 -2577
 -2565
 -2574
 -2573
 -2572
 -2570
 -2583
 -2584
 -2588
 -2599
 -2607
 -2617
 -2616
 -2611
 -2608
 -2616
 -2611
 -2592
 -2600
 -2590
 -2591
 -2587
 -2586
 -2592
 -2599
 -2610
 -2624
 -2620
 -2615
 -2619
 -2619
 -2624
 -2626
 -2631
 -2634
 -2638
 -2637
 -2635
 -2620
 -2619
 -2625
 -2643
 -2646
 -2639
 -2641
 -2640
 -2638
 -2639
 -2638
 -2641
 -2645
 -2654
 -2654
 -2654
 -2652
 -2655
 -2660
 -2663
 -2660
 -2665
 -2666
 -2658
 -2664
 -2663
 -2654
 -2659
 -2647
 -2644
 -2643
 -2643
 -2643
 -2643
 -2634
 -2633
 -2628
 -2641
 -2634
 -2641
 -2632
 -2637
 -2636
 -2636
 -2628
 -2627
 -2624
 -2637
 -2633
 -2644
 -2632
 -2620
 -2632
 -2621
 -2626
 -2621
 -2622
 -2620
 -2601
 -2590
 -2574
 -2570
 -2568
 -2565
 -2570
 -2578
 -2595
 -2602
 -2600
 -2596
 -2604
 -2606
 -2606
 -2598
 -2581
 -2580
 -2556
 -2560
 -2560
 -2557
 -2556
 -2561
 -2573
 -2579
 -2582
 -2600
 -2597
 -2600
 -2607
 -2614
 -2612
 -2602
 -2598
 -2600
 -2598
 -2595
 -2596
 -2602
 -2606
 -2618
 -2635
 -2647
 -2653
 -2653
 -2652
 -2650
 -2636
 -2624
 -2632
 -2625
 -2621
 -2630
 -2633
 -2642
 -2645
 -2659
 -2677
 -2675
 -2674
 -2674
 -2674
 -2669
 -2686
 -2675
 -2681
 -2673
 -2680
 -2681
 -2674
 -2663
 -2655
 -2630
 -2626
 -2616
 -2620
 -2621
 -2621
 -2620
 -2619
 -2620
 -2611
 -2606
 -2597
 -2595
 -2597
 -2606
 -2616
 -2612
 -2617
 -2620
 -2613
 -2614
 -2615
 -2624
 -2631
 -2629
 -2635
 -2642
 -2658
 -2671
 -2672
 -2672
 -2685
 -2682
 -2692
 -2690
 -2699
 -2700
 -2707
 -2709
 -2713
 -2718
 -2713
 -2728
 -2727
 -2727
 -2723
 -2702
 -2705
 -2693
 -2682
 -2677
 -2675
 -2674
 -2673
 -2661
 -2661
 -2670
 -2647
 -2646
 -2643
 -2649
 -2651
 -2662
 -2665
 -2684
 -2695
 -2700
 -2698
 -2698
 -2697
 -2693
 -2700
 -2696
 -2702
 -2713
 -2711
 -2716
 -2716
 -2719
 -2726
 -2726
 -2718
 -2725
 -2721
 -2720
 -2717
 -2710
 -2702
 -2699
 -2684
 -2676
 -2667
 -2668
 -2670
 -2669
 -2666
 -2647
 -2630
 -2628
 -2633
 -2634
 -2632
 -2628
 -2613
 -2615
 -2597
 -2592
 -2598
 -2598
 -2600
 -2604
 -2614
 -2614
 -2620
 -2627
 -2634
 -2633
 -2626
 -2611
 -2598
 -2573
 -2582
 -2585
 -2587
 -2591
 -2591
 -2598
 -2585
 -2585
 -2577
 -2575
 -2572
 -2564
 -2554
 -2558
 -2550
 -2544
 -2539
 -2531
 -2529
 -2536
 -2532
 -2521
 -2519
 -2503
 -2495
 -2496
 -2484
 -2481
 -2483
 -2473
 -2462
 -2466
 -2471
 -2475
 -2463
 -2461
 -2462
 -2458
 -2470
 -2483
 -2489
 -2491
 -2502
 -2503
 -2504
 -2506
 -2508
 -2515
 -2519
 -2528
 -2531
 -2534
 -2543
 -2537
 -2530
 -2536
 -2530
 -2533
 -2524
 -2525
 -2522
 -2516
 -2523
 -2503
 -2493
 -2484
 -2484
 -2481
 -2484
 -2489
 -2500
 -2506
 -2520
 -2508
 -2507
 -2508
 -2509
 -2514
 -2514
 -2530
 -2538
 -2531
 -2531
 -2535
 -2532
 -2532
 -2527
 -2514
 -2510
 -2511
 -2507
 -2508
 -2497
 -2494
 -2499
 -2489
 -2486
 -2476
 -2479
 -2475
 -2475
 -2480
 -2480
 -2492
 -2507
 -2512
 -2515
 -2511
 -2513
 -2511
 -2499
 -2489
 -2471
 -2478
 -2467
 -2469
 -2464
 -2476
 -2473
 -2480
 -2478
 -2477
 -2481
 -2479
 -2483
 -2486
 -2473
 -2474
 -2481
 -2500
 -2497
 -2495
 -2502
 -2500
 -2509
 -2517
 -2512
 -2522
 -2533
 -2539
 -2544
 -2544
 -2546
 -2550
 -2561
 -2574
 -2575
 -2574
 -2585
 -2592
 -2599
 -2614
 -2623
 -2628
 -2632
 -2623
 -2617
 -2608
 -2610
 -2616
 -2616
 -2610
 -2604
 -2604
 -2614
 -2624
 -2614
 -2617
 -2631
 -2641
 -2639
 -2645
 -2653
 -2657
 -2669
 -2683
 -2672
 -2670
 -2670
 -2671
 -2673
 -2676
 -2672
 -2669
 -2678
 -2677
 -2679
 -2684
 -2686
 -2703
 -2707
 -2710
 -2724
 -2735
 -2736
 -2734
 -2733
 -2732
 -2734
 -2725
 -2733
 -2726
 -2725
 -2726
 -2725
 -2719
 -2702
 -2708
 -2688
 -2684
 -2679
 -2678
 -2674
 -2675
 -2689
 -2693
 -2694
 -2696
 -2695
 -2696
 -2693
 -2688
 -2678
 -2670
 -2663
 -2643
 -2628
 -2619
 -2622
 -2627
 -2627
 -2642
 -2646
 -2652
 -2661
 -2659
 -2662
 -2667
 -2674
 -2674
 -2682
 -2675
 -2675
 -2676
 -2675
 -2666
 -2659
 -2667
 -2644
 -2642
 -2643
 -2634
 -2626
 -2637
 -2653
 -2658
 -2652
 -2659
 -2657
 -2650
 -2649
 -2635
 -2622
 -2612
 -2596
 -2583
 -2581
 -2577
 -2588
 -2593
 -2598
 -2607
 -2604
 -2616
 -2628
 -2621
 -2618
 -2621
 -2611
 -2603
 -2592
 -2589
 -2588
 -2590
 -2591
 -2591
 -2593
 -2603
 -2604
 -2614
 -2613
 -2617
 -2620
 -2624
 -2632
 -2625
 -2631
 -2634
 -2629
 -2631
 -2633
 -2635
 -2644
 -2632
 -2626
 -2610
 -2606
 -2605
 -2602
 -2607
 -2617
 -2627
 -2623
 -2624
 -2618
 -2615
 -2619
 -2611
 -2604
 -2594
 -2598
 -2571
 -2573
 -2575
 -2577
 -2576
 -2573
 -2560
 -2548
 -2554
 -2545
 -2528
 -2522
 -2518
 -2524
 -2534
 -2529
 -2528
 -2536
 -2533
 -2525
 -2519
 -2527
 -2525
 -2525
 -2530
 -2531
 -2524
 -2525
 -2537
 -2537
 -2539
 -2554
 -2556
 -2563
 -2564
 -2568
 -2566
 -2574
 -2599
 -2601
 -2614
 -2614
 -2621
 -2621
 -2616
 -2612
 -2603
 -2586
 -2590
 -2593
 -2599
 -2598
 -2609
 -2598
 -2610
 -2615
 -2615
 -2617
 -2620
 -2618
 -2615
 -2617
 -2600
 -2592
 -2585
 -2579
 -2573
 -2572
 -2564
 -2563
 -2549
 -2542
 -2551
 -2548
 -2547
 -2545
 -2548
 -2532
 -2544
 -2547
 -2532
 -2527
 -2528
 -2521
 -2514
 -2502
 -2501
 -2494
 -2493
 -2496
 -2499
 -2513
 -2523
 -2537
 -2556
 -2554
 -2563
 -2563
 -2566
 -2565
 -2562
 -2556
 -2529
 -2518
 -2518
 -2518
 -2521
 -2523
 -2524
 -2518
 -2515
 -2519
 -2519
 -2523
 -2507
 -2516
 -2525
 -2536
 -2541
 -2537
 -2553
 -2564
 -2563
 -2557
 -2545
 -2530
 -2509
 -2504
 -2496
 -2487
 -2496
 -2488
 -2492
 -2482
 -2488
 -2463
 -2456
 -2462
 -2459
 -2461
 -2454
 -2446
 -2418
 -2409
 -2398
 -2388
 -2390
 -2394
 -2391
 -2393
 -2396
 -2392
 -2401
 -2392
 -2390
 -2377
 -2364
 -2363
 -2383
 -2374
 -2378
 -2368
 -2369
 -2370
 -2376
 -2384
 -2397
 -2402
 -2406
 -2414
 -2425
 -2430
 -2428
 -2413
 -2434
 -2438
 -2444
 -2436
 -2436
 -2436
 -2435
 -2437
 -2435
 -2425
 -2427
 -2430
 -2431
 -2433
 -2438
 -2447
 -2464
 -2474
 -2496
 -2498
 -2501
 -2503
 -2511
 -2518
 -2517
 -2523
 -2529
 -2530
 -2538
 -2552
 -2558
 -2563
 -2570
 -2561
 -2567
 -2572
 -2562
 -2566
 -2562
 -2571
 -2569
 -2558
 -2549
 -2546
 -2537
 -2525
 -2518
 -2502
 -2505
 -2504
 -2512
 -2502
 -2496
 -2499
 -2504
 -2511
 -2515
 -2527
 -2525
 -2527
 -2528
 -2528
 -2536
 -2535
 -2534
 -2512
 -2511
 -2502
 -2501
 -2504
 -2508
 -2514
 -2508
 -2519
 -2539
 -2551
 -2555
 -2565
 -2572
 -2574
 -2583
 -2589
 -2597
 -2589
 -2592
 -2596
 -2584
 -2589
 -2591
 -2581
 -2573
 -2572
 -2566
 -2562
 -2568
 -2576
 -2591
 -2602
 -2604
 -2601
 -2596
 -2589
 -2588
 -2580
 -2575
 -2576
 -2567
 -2556
 -2558
 -2559
 -2556
 -2557
 -2563
 -2574
 -2577
 -2581
 -2575
 -2584
 -2564
 -2565
 -2555
 -2543
 -2536
 -2534
 -2536
 -2537
 -2540
 -2555
 -2559
 -2571
 -2577
 -2572
 -2572
 -2570
 -2574
 -2586
 -2594
 -2602
 -2610
 -2624
 -2632
 -2625
 -2606
 -2574
 -2574
 -2560
 -2549
 -2542
 -2536
 -2546
 -2543
 -2541
 -2535
 -2536
 -2538
 -2541
 -2550
 -2544
 -2546
 -2541
 -2539
 -2545
 -2532
 -2523
 -2524
 -2521
 -2528
 -2537
 -2534
 -2532
 -2542
 -2544
 -2545
 -2549
 -2555
 -2559
 -2580
 -2590
 -2587
 -2591
 -2590
 -2590
 -2594
 -2577
 -2560
 -2545
 -2538
 -2539
 -2537
 -2544
 -2539
 -2545
 -2550
 -2552
 -2550
 -2543
 -2531
 -2526
 -2529
 -2535
 -2533
 -2519
 -2516
 -2512
 -2513
 -2513
 -2517
 -2522
 -2544
 -2556
 -2569
 -2570
 -2575
 -2572
 -2570
 -2564
 -2554
 -2553
 -2550
 -2548
 -2557
 -2546
 -2547
 -2557
 -2564
 -2570
 -2571
 -2572
 -2572
 -2573
 -2569
 -2568
 -2580
 -2580
 -2582
 -2584
 -2588
 -2588
 -2592
 -2598
 -2608
 -2625
 -2622
 -2619
 -2619
 -2620
 -2619
 -2606
 -2598
 -2589
 -2579
 -2584
 -2578
 -2570
 -2567
 -2555
 -2546
 -2545
 -2549
 -2547
 -2550
 -2544
 -2547
 -2542
 -2532
 -2523
 -2514
 -2511
 -2510
 -2513
 -2518
 -2527
 -2528
 -2532
 -2546
 -2551
 -2553
 -2554
 -2550
 -2542
 -2525
 -2516
 -2504
 -2498
 -2492
 -2493
 -2502
 -2509
 -2522
 -2545
 -2553
 -2561
 -2563
 -2561
 -2566
 -2578
 -2589
 -2580
 -2587
 -2584
 -2585
 -2586
 -2577
 -2574
 -2566
 -2554
 -2553
 -2542
 -2543
 -2544
 -2547
 -2556
 -2563
 -2572
 -2576
 -2585
 -2596
 -2593
 -2594
 -2596
 -2597
 -2603
 -2603
 -2604
 -2605
 -2606
 -2608
 -2593
 -2571
 -2564
 -2551
 -2539
 -2541
 -2540
 -2540
 -2539
 -2525
 -2533
 -2531
 -2522
 -2522
 -2529
 -2532
 -2543
 -2554
 -2554
 -2549
 -2552
 -2553
 -2554
 -2551
 -2548
 -2549
 -2559
 -2550
 -2549
 -2546
 -2546
 -2548
 -2558
 -2567
 -2567
 -2570
 -2566
 -2566
 -2566
 -2556
 -2549
 -2534
 -2527
 -2526
 -2528
 -2526
 -2529
 -2534
 -2535
 -2525
 -2519
 -2517
 -2500
 -2509
 -2523
 -2527
 -2532
 -2537
 -2531
 -2547
 -2550
 -2550
 -2550
 -2542
 -2544
 -2551
 -2563
 -2569
 -2573
 -2577
 -2570
 -2572
 -2556
 -2535
 -2518
 -2513
 -2516
 -2523
 -2523
 -2527
 -2530
 -2538
 -2560
 -2553
 -2559
 -2557
 -2556
 -2566
 -2576
 -2583
 -2582
 -2590
 -2592
 -2597
 -2595
 -2590
 -2606
 -2613
 -2619
 -2623
 -2625
 -2622
 -2624
 -2628
 -2632
 -2639
 -2667
 -2682
 -2681
 -2683
 -2682
 -2684
 -2675
 -2688
 -2702
 -2702
 -2703
 -2704
 -2704
 -2701
 -2705
 -2706
 -2717
 -2733
 -2732
 -2744
 -2743
 -2739
 -2740
 -2732
 -2747
 -2748
 -2754
 -2755
 -2755
 -2754
 -2752
 -2739
 -2725
 -2713
 -2710
 -2697
 -2692
 -2693
 -2713
 -2719
 -2733
 -2732
 -2736
 -2741
 -2745
 -2741
 -2742
 -2742
 -2737
 -2743
 -2750
 -2749
 -2750
 -2754
 -2758
 -2758
 -2761
 -2751
 -2759
 -2750
 -2742
 -2734
 -2718
 -2719
 -2704
 -2696
 -2684
 -2684
 -2684
 -2680
 -2664
 -2659
 -2626
 -2622
 -2619
 -2629
 -2636
 -2625
 -2622
 -2612
 -2601
 -2593
 -2595
 -2594
 -2594
 -2592
 -2603
 -2585
 -2578
 -2565
 -2546
 -2553
 -2558
 -2558
 -2565
 -2570
 -2577
 -2590
 -2594
 -2586
 -2590
 -2575
 -2578
 -2567
 -2548
 -2533
 -2528
 -2528
 -2528
 -2526
 -2527
 -2522
 -2527
 -2535
 -2538
 -2538
 -2540
 -2528
 -2513
 -2513
 -2513
 -2505
 -2503
 -2504
 -2504
 -2500
 -2486
 -2479
 -2487
 -2475
 -2474
 -2475
 -2476
 -2488
 -2498
 -2507
 -2512
 -2520
 -2529
 -2538
 -2545
 -2546
 -2548
 -2550
 -2564
 -2571
 -2575
 -2575
 -2575
 -2560
 -2546
 -2541
 -2526
 -2519
 -2518
 -2517
 -2497
 -2487
 -2476
 -2480
 -2482
 -2476
 -2473
 -2481
 -2483
 -2495
 -2497
 -2504
 -2513
 -2528
 -2520
 -2531
 -2524
 -2516
 -2509
 -2503
 -2494
 -2494
 -2491
 -2492
 -2492
 -2493
 -2489
 -2481
 -2466
 -2458
 -2457
 -2454
 -2456
 -2467
 -2480
 -2493
 -2525
 -2530
 -2532
 -2529
 -2525
 -2515
 -2518
 -2516
 -2509
 -2508
 -2497
 -2493
 -2494
 -2496
 -2503
 -2522
 -2541
 -2547
 -2541
 -2543
 -2552
 -2554
 -2557
 -2551
 -2552
 -2545
 -2533
 -2530
 -2524
 -2512
 -2518
 -2514
 -2515
 -2518
 -2509
 -2509
 -2509
 -2512
 -2514
 -2531
 -2559
 -2576
 -2575
 -2576
 -2578
 -2583
 -2587
 -2592
 -2579
 -2573
 -2577
 -2578
 -2579
 -2579
 -2568
 -2569
 -2552
 -2540
 -2524
 -2523
 -2512
 -2516
 -2518
 -2510
 -2496
 -2485
 -2488
 -2488
 -2488
 -2502
 -2508
 -2517
 -2520
 -2521
 -2522
 -2524
 -2525
 -2522
 -2532
 -2528
 -2521
 -2519
 -2518
 -2515
 -2518
 -2522
 -2528
 -2533
 -2541
 -2548
 -2551
 -2551
 -2552
 -2549
 -2560
 -2579
 -2593
 -2604
 -2611
 -2612
 -2613
 -2611
 -2614
 -2614
 -2629
 -2622
 -2625
 -2630
 -2639
 -2636
 -2627
 -2613
 -2619
 -2610
 -2607
 -2592
 -2587
 -2587
 -2587
 -2592
 -2579
 -2571
 -2569
 -2566
 -2567
 -2569
 -2554
 -2548
 -2551
 -2536
 -2525
 -2522
 -2522
 -2524
 -2532
 -2537
 -2546
 -2553
 -2573
 -2569
 -2560
 -2557
 -2550
 -2540
 -2521
 -2511
 -2505
 -2514
 -2526
 -2525
 -2529
 -2539
 -2541
 -2541
 -2543
 -2554
 -2553
 -2540
 -2539
 -2530
 -2531
 -2525
 -2518
 -2516
 -2493
 -2497
 -2502
 -2494
 -2486
 -2473
 -2466
 -2468
 -2464
 -2468
 -2474
 -2489
 -2504
 -2518
 -2522
 -2525
 -2526
 -2521
 -2506
 -2487
 -2481
 -2480
 -2468
 -2468
 -2469
 -2476
 -2487
 -2509
 -2518
 -2529
 -2533
 -2541
 -2529
 -2530
 -2531
 -2521
 -2518
 -2519
 -2527
 -2537
 -2541
 -2542
 -2553
 -2559
 -2567
 -2574
 -2568
 -2567
 -2574
 -2569
 -2554
 -2534
 -2530
 -2505
 -2502
 -2495
 -2497
 -2497
 -2497
 -2510
 -2511
 -2516
 -2523
 -2529
 -2543
 -2538
 -2548
 -2548
 -2548
 -2562
 -2570
 -2577
 -2583
 -2581
 -2585
 -2593
 -2604
 -2614
 -2604
 -2611
 -2604
 -2595
 -2584
 -2566
 -2558
 -2553
 -2552
 -2544
 -2536
 -2514
 -2516
 -2506
 -2508
 -2513
 -2505
 -2501
 -2490
 -2484
 -2477
 -2473
 -2462
 -2446
 -2440
 -2439
 -2438
 -2438
 -2441
 -2437
 -2422
 -2426
 -2416
 -2414
 -2422
 -2418
 -2423
 -2432
 -2442
 -2450
 -2467
 -2461
 -2476
 -2485
 -2488
 -2501
 -2498
 -2510
 -2516
 -2518
 -2518
 -2516
 -2502
 -2483
 -2468
 -2455
 -2445
 -2439
 -2448
 -2461
 -2470
 -2476
 -2472
 -2484
 -2486
 -2485
 -2484
 -2487
 -2479
 -2470
 -2466
 -2457
 -2455
 -2454
 -2454
 -2451
 -2442
 -2438
 -2437
 -2442
 -2441
 -2445
 -2441
 -2432
 -2420
 -2417
 -2417
 -2408
 -2406
 -2406
 -2406
 -2399
 -2381
 -2372
 -2352
 -2346
 -2346
 -2344
 -2346
 -2352
 -2375
 -2381
 -2386
 -2395
 -2404
 -2404
 -2411
 -2418
 -2427
 -2441
 -2459
 -2462
 -2469
 -2471
 -2471
 -2475
 -2474
 -2474
 -2464
 -2460
 -2451
 -2443
 -2444
 -2442
 -2453
 -2451
 -2447
 -2443
 -2438
 -2434
 -2435
 -2444
 -2456
 -2476
 -2487
 -2483
 -2493
 -2495
 -2494
 -2485
 -2471
 -2475
 -2472
 -2468
 -2458
 -2458
 -2458
 -2460
 -2472
 -2486
 -2501
 -2512
 -2523
 -2521
 -2515
 -2505
 -2495
 -2481
 -2456
 -2461
 -2461
 -2461
 -2460
 -2462
 -2458
 -2466
 -2492
 -2503
 -2516
 -2520
 -2523
 -2521
 -2539
 -2551
 -2558
 -2570
 -2584
 -2581
 -2583
 -2588
 -2587
 -2602
 -2609
 -2610
 -2615
 -2618
 -2621
 -2611
 -2602
 -2592
 -2570
 -2557
 -2550
 -2549
 -2545
 -2534
 -2526
 -2516
 -2498
 -2487
 -2482
 -2483
 -2486
 -2484
 -2500
 -2506
 -2512
 -2524
 -2525
 -2525
 -2521
 -2522
 -2505
 -2507
 -2519
 -2514
 -2512
 -2512
 -2509
 -2508
 -2503
 -2496
 -2490
 -2474
 -2466
 -2468
 -2468
 -2457
 -2446
 -2449
 -2455
 -2446
 -2448
 -2447
 -2448
 -2451
 -2458
 -2469
 -2478
 -2488
 -2489
 -2491
 -2493
 -2494
 -2501
 -2508
 -2523
 -2530
 -2537
 -2539
 -2549
 -2559
 -2568
 -2568
 -2573
 -2580
 -2582
 -2583
 -2581
 -2578
 -2562
 -2562
 -2555
 -2554
 -2549
 -2552
 -2554
 -2555
 -2544
 -2533
 -2517
 -2507
 -2506
 -2504
 -2498
 -2490
 -2486
 -2470
 -2463
 -2448
 -2457
 -2449
 -2448
 -2447
 -2434
 -2434
 -2427
 -2433
 -2421
 -2421
 -2427
 -2417
 -2401
 -2398
 -2391
 -2396
 -2389
 -2393
 -2398
 -2406
 -2419
 -2432
 -2435
 -2446
 -2446
 -2448
 -2450
 -2451
 -2469
 -2478
 -2490
 -2509
 -2515
 -2517
 -2515
 -2519
 -2535
 -2548
 -2560
 -2562
 -2564
 -2565
 -2562
 -2558
 -2552
 -2553
 -2534
 -2530
 -2528
 -2529
 -2529
 -2525
 -2515
 -2507
 -2499
 -2491
 -2484
 -2482
 -2487
 -2487
 -2501
 -2510
 -2517
 -2534
 -2549
 -2555
 -2552
 -2564
 -2566
 -2571
 -2573
 -2560
 -2557
 -2557
 -2560
 -2568
 -2571
 -2573
 -2573
 -2581
 -2585
 -2587
 -2584
 -2578
 -2567
 -2554
 -2540
 -2532
 -2521
 -2513
 -2510
 -2516
 -2510
 -2499
 -2491
 -2469
 -2460
 -2462
 -2455
 -2458
 -2457
 -2451
 -2453
 -2438
 -2427
 -2426
 -2427
 -2418
 -2437
 -2456
 -2470
 -2483
 -2491
 -2493
 -2490
 -2488
 -2497
 -2484
 -2485
 -2471
 -2471
 -2468
 -2469
 -2468
 -2476
 -2497
 -2512
 -2512
 -2517
 -2517
 -2520
 -2527
 -2525
 -2538
 -2547
 -2555
 -2556
 -2556
 -2559
 -2569
 -2574
 -2591
 -2599
 -2607
 -2607
 -2609
 -2610
 -2618
 -2623
 -2626
 -2623
 -2638
 -2635
 -2643
 -2641
 -2645
 -2656
 -2667
 -2672
 -2685
 -2686
 -2684
 -2681
 -2671
 -2655
 -2641
 -2627
 -2624
 -2621
 -2620
 -2617
 -2622
 -2630
 -2627
 -2637
 -2643
 -2643
 -2643
 -2641
 -2639
 -2642
 -2643
 -2660
 -2666
 -2664
 -2669
 -2671
 -2687
 -2697
 -2701
 -2697
 -2694
 -2690
 -2691
 -2680
 -2675
 -2666
 -2651
 -2643
 -2622
 -2611
 -2608
 -2599
 -2594
 -2599
 -2570
 -2551
 -2555
 -2543
 -2543
 -2544
 -2555
 -2570
 -2581
 -2603
 -2602
 -2606
 -2604
 -2606
 -2613
 -2622
 -2637
 -2659
 -2662
 -2663
 -2663
 -2663
 -2665
 -2670
 -2665
 -2675
 -2676
 -2682
 -2678
 -2677
 -2668
 -2654
 -2637
 -2638
 -2629
 -2630
 -2630
 -2631
 -2629
 -2622
 -2605
 -2586
 -2565
 -2557
 -2558
 -2564
 -2571
 -2568
 -2575
 -2586
 -2584
 -2579
 -2583
 -2586
 -2592
 -2588
 -2596
 -2613
 -2616
 -2616
 -2617
 -2616
 -2620
 -2618
 -2621
 -2627
 -2630
 -2641
 -2649
 -2641
 -2629
 -2617
 -2599
 -2591
 -2589
 -2591
 -2578
 -2575
 -2574
 -2563
 -2549
 -2535
 -2513
 -2509
 -2507
 -2507
 -2502
 -2502
 -2498
 -2487
 -2481
 -2480
 -2482
 -2482
 -2485
 -2477
 -2462
 -2445
 -2425
 -2420
 -2417
 -2419
 -2426
 -2441
 -2463
 -2463
 -2472
 -2478
 -2479
 -2478
 -2492
 -2496
 -2500
 -2501
 -2522
 -2524
 -2523
 -2522
 -2523
 -2526
 -2538
 -2536
 -2543
 -2544
 -2545
 -2552
 -2558
 -2573
 -2576
 -2582
 -2588
 -2596
 -2595
 -2598
 -2607
 -2619
 -2630
 -2639
 -2650
 -2655
 -2662
 -2662
 -2668
 -2676
 -2672
 -2686
 -2690
 -2690
 -2691
 -2690
 -2685
 -2673
 -2664
 -2654
 -2641
 -2642
 -2639
 -2641
 -2647
 -2649
 -2644
 -2646
 -2641
 -2637
 -2643
 -2640
 -2646
 -2637
 -2639
 -2644
 -2648
 -2652
 -2652
 -2654
 -2654
 -2650
 -2654
 -2658
 -2651
 -2655
 -2650
 -2655
 -2650
 -2641
 -2630
 -2626
 -2618
 -2613
 -2614
 -2617
 -2625
 -2637
 -2644
 -2638
 -2642
 -2636
 -2643
 -2639
 -2641
 -2626
 -2604
 -2592
 -2587
 -2582
 -2577
 -2570
 -2562
 -2554
 -2535
 -2517
 -2507
 -2500
 -2497
 -2500
 -2504
 -2508
 -2523
 -2526
 -2530
 -2537
 -2540
 -2545
 -2548
 -2556
 -2569
 -2570
 -2579
 -2585
 -2588
 -2586
 -2579
 -2571
 -2554
 -2547
 -2543
 -2543
 -2545
 -2546
 -2546
 -2521
 -2505
 -2492
 -2489
 -2475
 -2473
 -2478
 -2487
 -2491
 -2503
 -2506
 -2504
 -2506
 -2506
 -2503
 -2502
 -2504
 -2491
 -2470
 -2476
 -2473
 -2471
 -2469
 -2463
 -2456
 -2452
 -2456
 -2452
 -2448
 -2448
 -2447
 -2446
 -2427
 -2430
 -2423
 -2417
 -2420
 -2420
 -2422
 -2426
 -2446
 -2455
 -2469
 -2480
 -2477
 -2478
 -2478
 -2488
 -2502
 -2512
 -2515
 -2526
 -2534
 -2545
 -2543
 -2547
 -2552
 -2566
 -2576
 -2588
 -2593
 -2595
 -2596
 -2598
 -2606
 -2627
 -2629
 -2634
 -2643
 -2652
 -2657
 -2658
 -2658
 -2669
 -2680
 -2688
 -2689
 -2693
 -2702
 -2713
 -2720
 -2711
 -2718
 -2727
 -2727
 -2728
 -2729
 -2730
 -2742
 -2758
 -2754
 -2756
 -2761
 -2765
 -2775
 -2770
 -2772
 -2778
 -2761
 -2761
 -2757
 -2756
 -2760
 -2761
 -2776
 -2780
 -2789
 -2791
 -2784
 -2783
 -2783
 -2782
 -2786
 -2787
 -2794
 -2799
 -2805
 -2806
 -2801
 -2799
 -2791
 -2782
 -2765
 -2742
 -2732
 -2718
 -2710
 -2710
 -2707
 -2713
 -2713
 -2717
 -2717
 -2715
 -2714
 -2714
 -2721
 -2720
 -2723
 -2728
 -2732
 -2734
 -2731
 -2725
 -2701
 -2701
 -2686
 -2667
 -2671
 -2670
 -2670
 -2679
 -2686
 -2689
 -2697
 -2700
 -2702
 -2704
 -2701
 -2701
 -2696
 -2683
 -2687
 -2670
 -2652
 -2644
 -2631
 -2630
 -2613
 -2620
 -2608
 -2596
 -2595
 -2583
 -2567
 -2570
 -2560
 -2550
 -2543
 -2545
 -2544
 -2541
 -2538
 -2548
 -2552
 -2558
 -2559
 -2561
 -2561
 -2566
 -2577
 -2587
 -2595
 -2609
 -2610
 -2615
 -2621
 -2629
 -2615
 -2612
 -2610
 -2610
 -2595
 -2578
 -2567
 -2554
 -2539
 -2529
 -2507
 -2503
 -2497
 -2486
 -2484
 -2488
 -2475
 -2486
 -2502
 -2520
 -2528
 -2541
 -2541
 -2543
 -2541
 -2549
 -2565
 -2564
 -2588
 -2598
 -2600
 -2602
 -2597
 -2593
 -2577
 -2561
 -2542
 -2539
 -2552
 -2549
 -2550
 -2557
 -2569
 -2587
 -2608
 -2615
 -2621
 -2623
 -2621
 -2617
 -2597
 -2581
 -2564
 -2549
 -2545
 -2526
 -2513
 -2493
 -2498
 -2478
 -2461
 -2445
 -2441
 -2439
 -2442
 -2444
 -2466
 -2476
 -2482
 -2487
 -2487
 -2483
 -2479
 -2481
 -2476
 -2475
 -2469
 -2453
 -2437
 -2438
 -2438
 -2442
 -2457
 -2471
 -2496
 -2497
 -2503
 -2503
 -2504
 -2500
 -2494
 -2480
 -2485
 -2478
 -2478
 -2476
 -2477
 -2481
 -2481
 -2492
 -2509
 -2530
 -2528
 -2537
 -2533
 -2523
 -2502
 -2503
 -2486
 -2474
 -2470
 -2467
 -2467
 -2473
 -2463
 -2442
 -2438
 -2432
 -2432
 -2433
 -2432
 -2429
 -2416
 -2405
 -2395
 -2389
 -2391
 -2385
 -2374
 -2376
 -2383
 -2396
 -2404
 -2415
 -2426
 -2429
 -2434
 -2437
 -2431
 -2424
 -2422
 -2415
 -2403
 -2405
 -2405
 -2415
 -2430
 -2451
 -2458
 -2476
 -2483
 -2483
 -2485
 -2491
 -2488
 -2493
 -2506
 -2515
 -2520
 -2525
 -2532
 -2535
 -2538
 -2555
 -2558
 -2559
 -2563
 -2552
 -2557
 -2545
 -2524
 -2517
 -2511
 -2498
 -2491
 -2479
 -2476
 -2467
 -2461
 -2460
 -2448
 -2437
 -2429
 -2409
 -2401
 -2397
 -2392
 -2390
 -2388
 -2374
 -2368
 -2370
 -2370
 -2366
 -2358
 -2356
 -2348
 -2337
 -2336
 -2333
 -2329
 -2328
 -2328
 -2332
 -2321
 -2318
 -2313
 -2315
 -2314
 -2316
 -2303
 -2312
 -2297
 -2283
 -2282
 -2283
 -2282
 -2279
 -2283
 -2280
 -2277
 -2258
 -2264
 -2264
 -2264
 -2275
 -2298
 -2314
 -2325
 -2335
 -2333
 -2333
 -2330
 -2323
 -2322
 -2319
 -2315
 -2317
 -2320
 -2334
 -2339
 -2346
 -2359
 -2365
 -2378
 -2391
 -2396
 -2397
 -2401
 -2396
 -2386
 -2387
 -2384
 -2375
 -2370
 -2372
 -2371
 -2375
 -2380
 -2380
 -2363
 -2358
 -2344
 -2341
 -2341
 -2344
 -2359
 -2373
 -2391
 -2408
 -2411
 -2411
 -2410
 -2422
 -2429
 -2438
 -2449
 -2460
 -2461
 -2459
 -2459
 -2453
 -2461
 -2446
 -2424
 -2419
 -2396
 -2392
 -2394
 -2401
 -2408
 -2421
 -2428
 -2435
 -2443
 -2444
 -2445
 -2447
 -2444
 -2451
 -2464
 -2468
 -2471
 -2473
 -2464
 -2458
 -2443
 -2436
 -2424
 -2412
 -2401
 -2400
 -2403
 -2409
 -2415
 -2433
 -2444
 -2450
 -2454
 -2455
 -2455
 -2450
 -2460
 -2469
 -2484
 -2489
 -2490
 -2486
 -2481
 -2483
 -2469
 -2455
 -2451
 -2437
 -2426
 -2427
 -2418
 -2412
 -2410
 -2401
 -2396
 -2386
 -2382
 -2381
 -2381
 -2389
 -2401
 -2413
 -2425
 -2433
 -2439
 -2448
 -2452
 -2464
 -2478
 -2482
 -2489
 -2505
 -2512
 -2515
 -2514
 -2504
 -2495
 -2490
 -2490
 -2481
 -2469
 -2466
 -2459
 -2464
 -2466
 -2455
 -2441
 -2432
 -2423
 -2420
 -2412
 -2403
 -2410
 -2403
 -2405
 -2397
 -2388
 -2388
 -2389
 -2386
 -2375
 -2368
 -2344
 -2345
 -2346
 -2336
 -2338
 -2350
 -2363
 -2375
 -2383
 -2390
 -2395
 -2397
 -2403
 -2400
 -2391
 -2373
 -2369
 -2357
 -2355
 -2353
 -2354
 -2356
 -2354
 -2349
 -2328
 -2316
 -2309
 -2311
 -2313
 -2324
 -2324
 -2342
 -2358
 -2373
 -2383
 -2382
 -2384
 -2384
 -2402
 -2412
 -2429
 -2443
 -2446
 -2442
 -2440
 -2435
 -2431
 -2420
 -2410
 -2403
 -2388
 -2377
 -2375
 -2365
 -2369
 -2377
 -2375
 -2366
 -2359
 -2349
 -2340
 -2333
 -2319
 -2313
 -2319
 -2319
 -2315
 -2314
 -2316
 -2310
 -2295
 -2274
 -2269
 -2256
 -2260
 -2261
 -2261
 -2254
 -2251
 -2248
 -2255
 -2254
 -2257
 -2260
 -2260
 -2259
 -2258
 -2255
 -2247
 -2243
 -2244
 -2255
 -2261
 -2275
 -2277
 -2295
 -2307
 -2316
 -2326
 -2327
 -2326
 -2328
 -2344
 -2358
 -2376
 -2389
 -2400
 -2405
 -2408
 -2414
 -2429
 -2438
 -2445
 -2460
 -2468
 -2467
 -2459
 -2456
 -2450
 -2433
 -2413
 -2404
 -2402
 -2404
 -2403
 -2407
 -2401
 -2403
 -2398
 -2395
 -2394
 -2386
 -2388
 -2383
 -2372
 -2368
 -2368
 -2368
 -2367
 -2359
 -2362
 -2365
 -2383
 -2399
 -2414
 -2424
 -2430
 -2432
 -2431
 -2430
 -2410
 -2397
 -2381
 -2382
 -2384
 -2383
 -2382
 -2373
 -2373
 -2360
 -2353
 -2345
 -2346
 -2340
 -2325
 -2329
 -2313
 -2305
 -2307
 -2303
 -2303
 -2303
 -2304
 -2314
 -2315
 -2325
 -2342
 -2353
 -2357
 -2366
 -2365
 -2369
 -2369
 -2360
 -2354
 -2350
 -2349
 -2337
 -2347
 -2351
 -2361
 -2369
 -2380
 -2380
 -2383
 -2386
 -2384
 -2383
 -2386
 -2392
 -2388
 -2385
 -2375
 -2377
 -2376
 -2359
 -2360
 -2357
 -2331
 -2322
 -2322
 -2323
 -2317
 -2328
 -2342
 -2345
 -2354
 -2366
 -2369
 -2371
 -2372
 -2376
 -2382
 -2401
 -2420
 -2430
 -2432
 -2433
 -2430
 -2424
 -2421
 -2406
 -2404
 -2409
 -2404
 -2404
 -2406
 -2413
 -2420
 -2435
 -2453
 -2462
 -2478
 -2482
 -2485
 -2491
 -2500
 -2506
 -2518
 -2526
 -2533
 -2539
 -2539
 -2553
 -2556
 -2562
 -2566
 -2577
 -2585
 -2586
 -2586
 -2577
 -2573
 -2553
 -2535
 -2529
 -2517
 -2510
 -2509
 -2504
 -2499
 -2489
 -2484
 -2481
 -2472
 -2472
 -2474
 -2485
 -2507
 -2523
 -2536
 -2543
 -2543
 -2542
 -2543
 -2542
 -2550
 -2562
 -2581
 -2573
 -2578
 -2578
 -2578
 -2579
 -2590
 -2601
 -2608
 -2615
 -2622
 -2623
 -2626
 -2630
 -2633
 -2643
 -2644
 -2648
 -2654
 -2655
 -2651
 -2641
 -2627
 -2626
 -2616
 -2606
 -2586
 -2583
 -2573
 -2563
 -2561
 -2557
 -2554
 -2545
 -2535
 -2530
 -2528
 -2527
 -2535
 -2544
 -2559
 -2570
 -2564
 -2563
 -2563
 -2560
 -2548
 -2535
 -2526
 -2518
 -2522
 -2521
 -2523
 -2519
 -2516
 -2501
 -2490
 -2482
 -2480
 -2475
 -2471
 -2472
 -2476
 -2482
 -2492
 -2501
 -2508
 -2507
 -2506
 -2514
 -2517
 -2533
 -2560
 -2567
 -2568
 -2569
 -2572
 -2577
 -2586
 -2591
 -2604
 -2606
 -2604
 -2599
 -2596
 -2590
 -2581
 -2566
 -2562
 -2552
 -2544
 -2538
 -2539
 -2542
 -2552
 -2563
 -2571
 -2582
 -2587
 -2590
 -2599
 -2606
 -2618
 -2620
 -2629
 -2636
 -2641
 -2643
 -2644
 -2646
 -2657
 -2653
 -2656
 -2662
 -2666
 -2664
 -2664
 -2664
 -2673
 -2682
 -2681
 -2690
 -2694
 -2696
 -2694
 -2677
 -2663
 -2653
 -2651
 -2647
 -2636
 -2636
 -2635
 -2617
 -2613
 -2589
 -2567
 -2571
 -2577
 -2574
 -2573
 -2576
 -2570
 -2566
 -2554
 -2557
 -2546
 -2551
 -2552
 -2556
 -2561
 -2563
 -2574
 -2589
 -2590
 -2581
 -2575
 -2567
 -2575
 -2569
 -2561
 -2541
 -2537
 -2539
 -2538
 -2536
 -2519
 -2514
 -2516
 -2502
 -2497
 -2494
 -2496
 -2502
 -2515
 -2533
 -2547
 -2554
 -2559
 -2558
 -2558
 -2560
 -2561
 -2568
 -2572
 -2580
 -2583
 -2592
 -2599
 -2600
 -2597
 -2602
 -2608
 -2604
 -2610
 -2617
 -2627
 -2646
 -2658
 -2664
 -2665
 -2676
 -2683
 -2690
 -2692
 -2701
 -2692
 -2690
 -2691
 -2696
 -2699
 -2696
 -2684
 -2685
 -2654
 -2635
 -2624
 -2608
 -2591
 -2596
 -2598
 -2598
 -2593
 -2599
 -2604
 -2615
 -2617
 -2615
 -2615
 -2622
 -2614
 -2624
 -2623
 -2623
 -2624
 -2626
 -2622
 -2617
 -2606
 -2600
 -2589
 -2575
 -2569
 -2563
 -2564
 -2571
 -2577
 -2577
 -2583
 -2589
 -2593
 -2595
 -2594
 -2585
 -2567
 -2567
 -2541
 -2524
 -2507
 -2504
 -2502
 -2503
 -2486
 -2468
 -2467
 -2457
 -2440
 -2438
 -2441
 -2445
 -2453
 -2455
 -2472
 -2481
 -2481
 -2480
 -2478
 -2480
 -2497
 -2502
 -2518
 -2519
 -2531
 -2532
 -2530
 -2532
 -2527
 -2509
 -2489
 -2479
 -2472
 -2464
 -2457
 -2451
 -2446
 -2433
 -2421
 -2412
 -2402
 -2403
 -2403
 -2414
 -2425
 -2439
 -2459
 -2469
 -2474
 -2475
 -2472
 -2479
 -2495
 -2504
 -2512
 -2512
 -2514
 -2519
 -2531
 -2538
 -2543
 -2548
 -2555
 -2570
 -2576
 -2580
 -2581
 -2570
 -2571
 -2565
 -2532
 -2520
 -2517
 -2516
 -2519
 -2524
 -2537
 -2562
 -2571
 -2577
 -2582
 -2583
 -2579
 -2587
 -2599
 -2603
 -2623
 -2627
 -2621
 -2625
 -2620
 -2613
 -2600
 -2581
 -2557
 -2538
 -2533
 -2535
 -2539
 -2546
 -2562
 -2569
 -2579
 -2581
 -2586
 -2589
 -2593
 -2593
 -2600
 -2609
 -2625
 -2632
 -2635
 -2636
 -2635
 -2631
 -2625
 -2603
 -2582
 -2574
 -2564
 -2562
 -2561
 -2566
 -2581
 -2583
 -2591
 -2594
 -2600
 -2601
 -2602
 -2596
 -2596
 -2580
 -2550
 -2534
 -2523
 -2509
 -2501
 -2497
 -2487
 -2480
 -2469
 -2465
 -2460
 -2459
 -2458
 -2459
 -2445
 -2441
 -2418
 -2401
 -2394
 -2394
 -2391
 -2392
 -2391
 -2385
 -2385
 -2377
 -2382
 -2377
 -2371
 -2372
 -2369
 -2379
 -2363
 -2366
 -2362
 -2360
 -2362
 -2364
 -2370
 -2390
 -2413
 -2412
 -2414
 -2416
 -2417
 -2425
 -2428
 -2446
 -2462
 -2472
 -2485
 -2487
 -2492
 -2495
 -2507
 -2512
 -2520
 -2530
 -2536
 -2538
 -2537
 -2542
 -2531
 -2524
 -2517
 -2502
 -2495
 -2494
 -2496
 -2502
 -2520
 -2532
 -2538
 -2544
 -2550
 -2550
 -2552
 -2553
 -2562
 -2583
 -2577
 -2590
 -2598
 -2603
 -2603
 -2618
 -2625
 -2628
 -2640
 -2651
 -2658
 -2659
 -2659
 -2653
 -2630
 -2607
 -2583
 -2563
 -2556
 -2551
 -2550
 -2541
 -2516
 -2491
 -2478
 -2476
 -2466
 -2450
 -2444
 -2440
 -2438
 -2440
 -2425
 -2412
 -2403
 -2400
 -2403
 -2413
 -2428
 -2439
 -2453
 -2466
 -2472
 -2470
 -2472
 -2472
 -2465
 -2449
 -2430
 -2422
 -2415
 -2415
 -2415
 -2399
 -2389
 -2368
 -2359
 -2348
 -2348
 -2349
 -2350
 -2354
 -2363
 -2380
 -2396
 -2412
 -2415
 -2416
 -2418
 -2423
 -2437
 -2450
 -2455
 -2464
 -2471
 -2471
 -2470
 -2465
 -2456
 -2440
 -2413
 -2401
 -2398
 -2396
 -2397
 -2399
 -2413
 -2423
 -2439
 -2448
 -2450
 -2448
 -2445
 -2434
 -2422
 -2414
 -2408
 -2400
 -2394
 -2387
 -2378
 -2371
 -2372
 -2360
 -2344
 -2335
 -2337
 -2337
 -2337
 -2338
 -2330
 -2321
 -2320
 -2317
 -2306
 -2306
 -2307
 -2311
 -2328
 -2344
 -2348
 -2367
 -2377
 -2378
 -2379
 -2389
 -2393
 -2417
 -2429
 -2437
 -2446
 -2448
 -2455
 -2449
 -2444
 -2426
 -2401
 -2383
 -2379
 -2378
 -2380
 -2389
 -2401
 -2402
 -2419
 -2431
 -2439
 -2455
 -2452
 -2456
 -2466
 -2478
 -2495
 -2496
 -2501
 -2502
 -2499
 -2493
 -2483
 -2482
 -2462
 -2436
 -2431
 -2432
 -2431
 -2420
 -2413
 -2410
 -2402
 -2399
 -2400
 -2399
 -2399
 -2383
 -2360
 -2344
 -2333
 -2332
 -2331
 -2329
 -2332
 -2342
 -2356
 -2365
 -2376
 -2391
 -2401
 -2402
 -2398
 -2395
 -2384
 -2376
 -2367
 -2352
 -2349
 -2341
 -2339
 -2329
 -2334
 -2333
 -2323
 -2310
 -2309
 -2303
 -2300
 -2287
 -2281
 -2288
 -2278
 -2282
 -2278
 -2277
 -2287
 -2291
 -2296
 -2307
 -2309
 -2319
 -2330
 -2333
 -2332
 -2325
 -2312
 -2301
 -2293
 -2285
 -2277
 -2278
 -2265
 -2260
 -2252
 -2240
 -2243
 -2233
 -2232
 -2222
 -2216
 -2206
 -2198
 -2189
 -2195
 -2194
 -2187
 -2178
 -2178
 -2183
 -2181
 -2185
 -2187
 -2186
 -2183
 -2184
 -2185
 -2203
 -2211
 -2231
 -2237
 -2244
 -2252
 -2262
 -2277
 -2290
 -2297
 -2308
 -2310
 -2318
 -2332
 -2336
 -2340
 -2349
 -2356
 -2376
 -2394
 -2405
 -2413
 -2414
 -2416
 -2417
 -2429
 -2443
 -2453
 -2461
 -2472
 -2478
 -2473
 -2471
 -2469
 -2467
 -2466
 -2466
 -2455
 -2446
 -2445
 -2433
 -2422
 -2409
 -2400
 -2393
 -2387
 -2387
 -2386
 -2386
 -2374
 -2366
 -2358
 -2345
 -2343
 -2341
 -2343
 -2351
 -2361
 -2375
 -2403
 -2416
 -2423
 -2424
 -2418
 -2416
 -2413
 -2404
 -2393
 -2380
 -2379
 -2377
 -2378
 -2383
 -2392
 -2410
 -2427
 -2443
 -2444
 -2446
 -2445
 -2441
 -2448
 -2430
 -2413
 -2389
 -2388
 -2382
 -2379
 -2387
 -2396
 -2410
 -2413
 -2432
 -2433
 -2438
 -2436
 -2433
 -2423
 -2417
 -2407
 -2395
 -2388
 -2390
 -2391
 -2401
 -2415
 -2432
 -2449
 -2456
 -2463
 -2469
 -2462
 -2462
 -2453
 -2428
 -2423
 -2419
 -2403
 -2400
 -2402
 -2407
 -2407
 -2424
 -2439
 -2441
 -2444
 -2445
 -2444
 -2452
 -2460
 -2478
 -2491
 -2497
 -2505
 -2509
 -2519
 -2520
 -2516
 -2522
 -2527
 -2532
 -2541
 -2541
 -2541
 -2537
 -2526
 -2505
 -2492
 -2486
 -2483
 -2477
 -2484
 -2471
 -2461
 -2457
 -2435
 -2421
 -2419
 -2419
 -2417
 -2415
 -2413
 -2412
 -2404
 -2402
 -2402
 -2401
 -2402
 -2406
 -2418
 -2434
 -2442
 -2452
 -2461
 -2465
 -2470
 -2470
 -2459
 -2444
 -2424
 -2408
 -2411
 -2412
 -2420
 -2432
 -2449
 -2468
 -2479
 -2479
 -2485
 -2486
 -2486
 -2489
 -2499
 -2514
 -2520
 -2533
 -2538
 -2538
 -2539
 -2525
 -2514
 -2490
 -2475
 -2465
 -2463
 -2451
 -2450
 -2434
 -2421
 -2422
 -2412
 -2399
 -2392
 -2386
 -2384
 -2398
 -2405
 -2420
 -2428
 -2441
 -2451
 -2452
 -2450
 -2431
 -2421
 -2414
 -2403
 -2399
 -2389
 -2386
 -2387
 -2386
 -2369
 -2368
 -2359
 -2345
 -2344
 -2345
 -2347
 -2356
 -2364
 -2380
 -2396
 -2405
 -2407
 -2409
 -2409
 -2411
 -2421
 -2435
 -2448
 -2458
 -2468
 -2469
 -2467
 -2469
 -2453
 -2428
 -2419
 -2414
 -2412
 -2402
 -2397
 -2388
 -2383
 -2364
 -2353
 -2346
 -2348
 -2346
 -2346
 -2348
 -2343
 -2337
 -2330
 -2324
 -2320
 -2319
 -2321
 -2321
 -2339
 -2351
 -2365
 -2372
 -2367
 -2369
 -2358
 -2344
 -2333
 -2329
 -2317
 -2310
 -2310
 -2310
 -2312
 -2303
 -2307
 -2301
 -2295
 -2291
 -2278
 -2274
 -2278
 -2282
 -2274
 -2265
 -2266
 -2256
 -2249
 -2250
 -2250
 -2252
 -2242
 -2228
 -2225
 -2224
 -2224
 -2225
 -2223
 -2228
 -2240
 -2254
 -2263
 -2278
 -2290
 -2299
 -2296
 -2293
 -2293
 -2284
 -2286
 -2286
 -2283
 -2283
 -2284
 -2292
 -2304
 -2319
 -2326
 -2341
 -2349
 -2356
 -2352
 -2343
 -2338
 -2315
 -2288
 -2283
 -2278
 -2285
 -2288
 -2300
 -2315
 -2323
 -2331
 -2346
 -2348
 -2348
 -2351
 -2349
 -2328
 -2321
 -2309
 -2302
 -2290
 -2292
 -2304
 -2314
 -2321
 -2333
 -2339
 -2343
 -2356
 -2361
 -2369
 -2389
 -2394
 -2404
 -2409
 -2415
 -2420
 -2430
 -2442
 -2461
 -2469
 -2483
 -2492
 -2497
 -2505
 -2507
 -2503
 -2502
 -2493
 -2468
 -2458
 -2451
 -2441
 -2425
 -2413
 -2404
 -2397
 -2385
 -2377
 -2364
 -2359
 -2359
 -2363
 -2371
 -2377
 -2387
 -2388
 -2390
 -2397
 -2399
 -2408
 -2410
 -2417
 -2424
 -2428
 -2432
 -2434
 -2437
 -2435
 -2430
 -2418
 -2415
 -2400
 -2397
 -2392
 -2392
 -2398
 -2403
 -2415
 -2428
 -2441
 -2451
 -2455
 -2458
 -2442
 -2430
 -2421
 -2415
 -2397
 -2380
 -2372
 -2370
 -2371
 -2368
 -2346
 -2321
 -2308
 -2306
 -2300
 -2301
 -2303
 -2303
 -2294
 -2273
 -2272
 -2264
 -2263
 -2263
 -2263
 -2265
 -2254
 -2227
 -2215
 -2218
 -2220
 -2222
 -2227
 -2239
 -2260
 -2277
 -2296
 -2303
 -2309
 -2310
 -2309
 -2318
 -2326
 -2339
 -2356
 -2365
 -2378
 -2388
 -2396
 -2404
 -2419
 -2435
 -2440
 -2454
 -2458
 -2457
 -2459
 -2452
 -2435
 -2421
 -2413
 -2395
 -2386
 -2376
 -2376
 -2387
 -2403
 -2410
 -2424
 -2454
 -2465
 -2482
 -2486
 -2498
 -2504
 -2507
 -2512
 -2523
 -2530
 -2530
 -2530
 -2533
 -2542
 -2557
 -2572
 -2571
 -2577
 -2580
 -2573
 -2565
 -2555
 -2533
 -2529
 -2505
 -2499
 -2487
 -2471
 -2459
 -2457
 -2450
 -2434
 -2420
 -2416
 -2418
 -2408
 -2408
 -2397
 -2391
 -2373
 -2360
 -2361
 -2360
 -2361
 -2358
 -2347
 -2341
 -2329
 -2324
 -2325
 -2324
 -2320
 -2314
 -2307
 -2304
 -2294
 -2282
 -2280
 -2278
 -2279
 -2287
 -2272
 -2253
 -2251
 -2232
 -2227
 -2227
 -2229
 -2225
 -2220
 -2224
 -2199
 -2193
 -2179
 -2169
 -2167
 -2170
 -2171
 -2159
 -2157
 -2147
 -2142
 -2142
 -2142
 -2147
 -2147
 -2144
 -2147
 -2140
 -2128
 -2135
 -2143
 -2144
 -2143
 -2150
 -2147
 -2138
 -2139
 -2130
 -2125
 -2121
 -2130
 -2131
 -2127
 -2126
 -2128
 -2130
 -2129
 -2132
 -2125
 -2115
 -2116
 -2118
 -2116
 -2112
 -2114
 -2112
 -2106
 -2107
 -2116
 -2115
 -2114
 -2107
 -2104
 -2105
 -2114
 -2111
 -2113
 -2109
 -2108
 -2114
 -2126
 -2133
 -2150
 -2165
 -2179
 -2195
 -2209
 -2220
 -2226
 -2222
 -2205
 -2200
 -2198
 -2190
 -2185
 -2189
 -2208
 -2221
 -2236
 -2246
 -2259
 -2274
 -2278
 -2288
 -2283
 -2284
 -2277
 -2264
 -2260
 -2263
 -2266
 -2266
 -2273
 -2283
 -2295
 -2298
 -2307
 -2316
 -2321
 -2319
 -2319
 -2324
 -2334
 -2344
 -2354
 -2360
 -2367
 -2370
 -2372
 -2366
 -2354
 -2351
 -2340
 -2340
 -2332
 -2332
 -2333
 -2345
 -2355
 -2368
 -2381
 -2389
 -2401
 -2419
 -2426
 -2435
 -2446
 -2454
 -2466
 -2482
 -2491
 -2488
 -2494
 -2509
 -2515
 -2524
 -2536
 -2544
 -2541
 -2548
 -2548
 -2538
 -2530
 -2527
 -2513
 -2506
 -2494
 -2482
 -2468
 -2461
 -2449
 -2437
 -2420
 -2414
 -2405
 -2411
 -2414
 -2411
 -2422
 -2432
 -2440
 -2452
 -2459
 -2457
 -2466
 -2470
 -2483
 -2491
 -2508
 -2521
 -2524
 -2519
 -2519
 -2517
 -2504
 -2493
 -2475
 -2460
 -2454
 -2451
 -2450
 -2452
 -2465
 -2480
 -2487
 -2498
 -2503
 -2499
 -2499
 -2495
 -2492
 -2480
 -2471
 -2462
 -2450
 -2448
 -2449
 -2444
 -2433
 -2430
 -2414
 -2398
 -2388
 -2388
 -2389
 -2385
 -2378
 -2359
 -2354
 -2347
 -2344
 -2343
 -2344
 -2354
 -2367
 -2386
 -2398
 -2411
 -2413
 -2415
 -2417
 -2419
 -2428
 -2434
 -2450
 -2467
 -2475
 -2476
 -2468
 -2467
 -2457
 -2452
 -2450
 -2435
 -2429
 -2424
 -2426
 -2434
 -2447
 -2455
 -2457
 -2463
 -2470
 -2475
 -2471
 -2463
 -2455
 -2445
 -2438
 -2418
 -2412
 -2411
 -2397
 -2387
 -2374
 -2363
 -2349
 -2346
 -2346
 -2345
 -2347
 -2346
 -2341
 -2329
 -2319
 -2308
 -2304
 -2307
 -2310
 -2313
 -2336
 -2345
 -2355
 -2367
 -2377
 -2379
 -2374
 -2373
 -2369
 -2359
 -2351
 -2338
 -2334
 -2333
 -2331
 -2338
 -2340
 -2361
 -2372
 -2381
 -2390
 -2395
 -2394
 -2384
 -2380
 -2367
 -2352
 -2346
 -2343
 -2343
 -2345
 -2349
 -2360
 -2363
 -2381
 -2388
 -2393
 -2411
 -2412
 -2415
 -2427
 -2439
 -2444
 -2452
 -2454
 -2456
 -2458
 -2452
 -2446
 -2432
 -2427
 -2419
 -2415
 -2414
 -2418
 -2428
 -2434
 -2444
 -2462
 -2473
 -2482
 -2494
 -2504
 -2511
 -2519
 -2533
 -2537
 -2537
 -2540
 -2540
 -2541
 -2547
 -2559
 -2568
 -2568
 -2578
 -2584
 -2592
 -2597
 -2599
 -2600
 -2600
 -2609
 -2619
 -2614
 -2613
 -2606
 -2600
 -2576
 -2562
 -2543
 -2541
 -2536
 -2534
 -2536
 -2545
 -2554
 -2559
 -2571
 -2581
 -2590
 -2595
 -2595
 -2600
 -2606
 -2610
 -2608
 -2612
 -2611
 -2616
 -2621
 -2628
 -2623
 -2621
 -2627
 -2633
 -2644
 -2643
 -2644
 -2647
 -2651
 -2657
 -2669
 -2676
 -2682
 -2682
 -2679
 -2665
 -2654
 -2628
 -2615
 -2598
 -2592
 -2592
 -2591
 -2586
 -2578
 -2562
 -2542
 -2536
 -2530
 -2529
 -2532
 -2541
 -2555
 -2563
 -2568
 -2573
 -2572
 -2581
 -2587
 -2594
 -2597
 -2603
 -2614
 -2630
 -2638
 -2639
 -2640
 -2645
 -2647
 -2644
 -2662
 -2671
 -2675
 -2676
 -2677
 -2688
 -2694
 -2706
 -2711
 -2714
 -2713
 -2714
 -2717
 -2717
 -2719
 -2718
 -2723
 -2728
 -2729
 -2736
 -2744
 -2745
 -2747
 -2750
 -2765
 -2768
 -2771
 -2772
 -2772
 -2770
 -2774
 -2773
 -2785
 -2782
 -2784
 -2785
 -2786
 -2789
 -2794
 -2798
 -2800
 -2798
 -2801
 -2802
 -2801
 -2808
 -2809
 -2809
 -2814
 -2825
 -2834
 -2832
 -2832
 -2830
 -2821
 -2816
 -2815
 -2813
 -2817
 -2818
 -2819
 -2818
 -2813
 -2810
 -2805
 -2805
 -2810
 -2810
 -2803
 -2795
 -2770
 -2742
 -2718
 -2692
 -2680
 -2669
 -2659
 -2645
 -2631
 -2619
 -2596
 -2583
 -2578
 -2565
 -2565
 -2549
 -2533
 -2517
 -2483
 -2476
 -2478
 -2474
 -2474
 -2479
 -2487
 -2508
 -2520
 -2525
 -2529
 -2529
 -2530
 -2533
 -2548
 -2561
 -2568
 -2574
 -2580
 -2576
 -2568
 -2557
 -2549
 -2532
 -2518
 -2519
 -2511
 -2508
 -2510
 -2520
 -2529
 -2547
 -2560
 -2558
 -2559
 -2562
 -2556
 -2547
 -2534
 -2533
 -2533
 -2523
 -2516
 -2516
 -2519
 -2521
 -2531
 -2549
 -2558
 -2567
 -2572
 -2574
 -2575
 -2573
 -2575
 -2587
 -2592
 -2587
 -2589
 -2595
 -2596
 -2603
 -2610
 -2619
 -2629
 -2631
 -2636
 -2645
 -2641
 -2631
 -2614
 -2596
 -2577
 -2571
 -2570
 -2565
 -2566
 -2580
 -2586
 -2589
 -2603
 -2615
 -2613
 -2620
 -2624
 -2607
 -2592
 -2575
 -2571
 -2551
 -2545
 -2546
 -2546
 -2545
 -2533
 -2513
 -2500
 -2492
 -2494
 -2493
 -2492
 -2488
 -2478
 -2459
 -2439
 -2430
 -2421
 -2422
 -2425
 -2426
 -2430
 -2442
 -2461
 -2469
 -2477
 -2481
 -2476
 -2474
 -2470
 -2458
 -2441
 -2428
 -2420
 -2419
 -2422
 -2426
 -2439
 -2452
 -2470
 -2486
 -2495
 -2501
 -2509
 -2513
 -2520
 -2537
 -2545
 -2556
 -2558
 -2567
 -2567
 -2573
 -2587
 -2596
 -2604
 -2609
 -2609
 -2610
 -2611
 -2615
 -2620
 -2633
 -2645
 -2648
 -2649
 -2650
 -2649
 -2652
 -2661
 -2669
 -2682
 -2686
 -2691
 -2692
 -2693
 -2693
 -2696
 -2707
 -2715
 -2723
 -2729
 -2727
 -2720
 -2714
 -2697
 -2682
 -2672
 -2656
 -2651
 -2650
 -2650
 -2644
 -2631
 -2609
 -2579
 -2567
 -2565
 -2565
 -2563
 -2559
 -2543
 -2528
 -2518
 -2506
 -2494
 -2493
 -2493
 -2502
 -2516
 -2515
 -2524
 -2534
 -2536
 -2537
 -2539
 -2540
 -2544
 -2558
 -2568
 -2578
 -2590
 -2592
 -2584
 -2580
 -2550
 -2534
 -2514
 -2505
 -2499
 -2499
 -2495
 -2487
 -2475
 -2469
 -2458
 -2447
 -2448
 -2428
 -2429
 -2421
 -2413
 -2407
 -2401
 -2391
 -2379
 -2375
 -2373
 -2381
 -2379
 -2360
 -2351
 -2347
 -2344
 -2344
 -2343
 -2344
 -2338
 -2337
 -2326
 -2324
 -2325
 -2320
 -2316
 -2316
 -2315
 -2312
 -2312
 -2310
 -2310
 -2307
 -2307
 -2310
 -2307
 -2297
 -2303
 -2296
 -2300
 -2297
 -2297
 -2293
 -2287
 -2273
 -2266
 -2270
 -2268
 -2269
 -2270
 -2271
 -2247
 -2236
 -2229
 -2225
 -2218
 -2217
 -2223
 -2238
 -2254
 -2266
 -2288
 -2307
 -2320
 -2331
 -2329
 -2326
 -2323
 -2316
 -2309
 -2302
 -2298
 -2308
 -2312
 -2324
 -2337
 -2349
 -2369
 -2390
 -2392
 -2396
 -2401
 -2405
 -2419
 -2433
 -2436
 -2444
 -2446
 -2450
 -2450
 -2456
 -2464
 -2486
 -2499
 -2509
 -2505
 -2507
 -2507
 -2508
 -2518
 -2530
 -2537
 -2538
 -2544
 -2546
 -2550
 -2548
 -2555
 -2567
 -2583
 -2584
 -2589
 -2590
 -2587
 -2583
 -2560
 -2552
 -2536
 -2520
 -2518
 -2517
 -2515
 -2504
 -2483
 -2470
 -2458
 -2454
 -2454
 -2457
 -2450
 -2453
 -2460
 -2472
 -2483
 -2491
 -2498
 -2503
 -2513
 -2521
 -2536
 -2531
 -2538
 -2543
 -2546
 -2547
 -2547
 -2548
 -2555
 -2579
 -2591
 -2607
 -2609
 -2610
 -2611
 -2605
 -2589
 -2576
 -2550
 -2529
 -2532
 -2526
 -2517
 -2505
 -2498
 -2483
 -2470
 -2457
 -2444
 -2453
 -2454
 -2461
 -2464
 -2484
 -2485
 -2496
 -2506
 -2512
 -2502
 -2497
 -2488
 -2469
 -2454
 -2440
 -2435
 -2434
 -2436
 -2437
 -2446
 -2455
 -2460
 -2466
 -2471
 -2470
 -2467
 -2468
 -2459
 -2443
 -2437
 -2420
 -2409
 -2403
 -2395
 -2383
 -2374
 -2373
 -2357
 -2354
 -2349
 -2347
 -2346
 -2339
 -2328
 -2321
 -2311
 -2297
 -2294
 -2298
 -2305
 -2301
 -2300
 -2294
 -2294
 -2275
 -2275
 -2276
 -2287
 -2293
 -2300
 -2313
 -2331
 -2338
 -2345
 -2345
 -2346
 -2338
 -2326
 -2311
 -2299
 -2302
 -2302
 -2300
 -2304
 -2313
 -2321
 -2335
 -2338
 -2353
 -2362
 -2363
 -2363
 -2372
 -2383
 -2398
 -2409
 -2415
 -2429
 -2435
 -2446
 -2457
 -2470
 -2482
 -2495
 -2502
 -2514
 -2517
 -2527
 -2523
 -2529
 -2542
 -2542
 -2552
 -2559
 -2559
 -2551
 -2552
 -2540
 -2537
 -2510
 -2503
 -2497
 -2496
 -2496
 -2501
 -2511
 -2525
 -2542
 -2554
 -2559
 -2558
 -2556
 -2548
 -2532
 -2513
 -2478
 -2454
 -2450
 -2450
 -2453
 -2462
 -2474
 -2488
 -2504
 -2515
 -2516
 -2519
 -2517
 -2507
 -2492
 -2483
 -2478
 -2467
 -2465
 -2461
 -2461
 -2467
 -2478
 -2485
 -2487
 -2490
 -2497
 -2502
 -2505
 -2519
 -2529
 -2534
 -2551
 -2560
 -2563
 -2564
 -2567
 -2576
 -2581
 -2593
 -2595
 -2601
 -2611
 -2613
 -2622
 -2626
 -2639
 -2645
 -2653
 -2657
 -2660
 -2663
 -2663
 -2656
 -2642
 -2622
 -2596
 -2583
 -2577
 -2574
 -2573
 -2567
 -2562
 -2546
 -2520
 -2502
 -2489
 -2486
 -2476
 -2473
 -2470
 -2455
 -2448
 -2426
 -2429
 -2421
 -2425
 -2443
 -2453
 -2466
 -2472
 -2480
 -2491
 -2495
 -2510
 -2519
 -2532
 -2541
 -2557
 -2569
 -2575
 -2577
 -2577
 -2579
 -2585
 -2593
 -2600
 -2611
 -2609
 -2609
 -2609
 -2613
 -2616
 -2621
 -2642
 -2648
 -2651
 -2650
 -2656
 -2663
 -2671
 -2670
 -2665
 -2674
 -2678
 -2687
 -2693
 -2699
 -2709
 -2711
 -2711
 -2717
 -2723
 -2719
 -2706
 -2688
 -2676
 -2657
 -2638
 -2638
 -2626
 -2623
 -2623
 -2626
 -2631
 -2633
 -2643
 -2651
 -2654
 -2656
 -2657
 -2662
 -2666
 -2675
 -2681
 -2694
 -2698
 -2699
 -2699
 -2707
 -2704
 -2708
 -2712
 -2722
 -2720
 -2727
 -2731
 -2738
 -2741
 -2739
 -2745
 -2753
 -2757
 -2760
 -2758
 -2747
 -2729
 -2709
 -2704
 -2688
 -2664
 -2663
 -2652
 -2644
 -2632
 -2612
 -2603
 -2581
 -2576
 -2566
 -2564
 -2567
 -2570
 -2579
 -2585
 -2586
 -2595
 -2594
 -2591
 -2576
 -2571
 -2562
 -2557
 -2547
 -2535
 -2533
 -2523
 -2503
 -2499
 -2494
 -2487
 -2481
 -2470
 -2466
 -2468
 -2475
 -2485
 -2499
 -2512
 -2526
 -2533
 -2535
 -2548
 -2556
 -2576
 -2583
 -2594
 -2606
 -2609
 -2610
 -2609
 -2597
 -2580
 -2561
 -2540
 -2533
 -2526
 -2527
 -2533
 -2534
 -2543
 -2554
 -2562
 -2577
 -2578
 -2587
 -2585
 -2579
 -2566
 -2555
 -2542
 -2539
 -2534
 -2529
 -2531
 -2541
 -2551
 -2557
 -2563
 -2566
 -2567
 -2569
 -2566
 -2558
 -2533
 -2516
 -2499
 -2489
 -2483
 -2478
 -2480
 -2486
 -2497
 -2515
 -2524
 -2537
 -2539
 -2539
 -2539
 -2545
 -2554
 -2554
 -2570
 -2580
 -2587
 -2594
 -2598
 -2607
 -2613
 -2620
 -2625
 -2634
 -2635
 -2638
 -2649
 -2638
 -2627
 -2621
 -2619
 -2607
 -2588
 -2581
 -2577
 -2562
 -2553
 -2536
 -2515
 -2511
 -2504
 -2502
 -2493
 -2479
 -2469
 -2461
 -2453
 -2445
 -2442
 -2441
 -2440
 -2433
 -2425
 -2406
 -2392
 -2376
 -2371
 -2365
 -2374
 -2374
 -2381
 -2404
 -2420
 -2434
 -2434
 -2434
 -2436
 -2439
 -2451
 -2467
 -2479
 -2496
 -2502
 -2504
 -2504
 -2505
 -2515
 -2529
 -2547
 -2556
 -2556
 -2558
 -2558
 -2556
 -2565
 -2578
 -2589
 -2592
 -2595
 -2596
 -2593
 -2582
 -2577
 -2553
 -2545
 -2539
 -2525
 -2522
 -2514
 -2497
 -2485
 -2462
 -2451
 -2442
 -2444
 -2443
 -2447
 -2451
 -2458
 -2472
 -2477
 -2488
 -2497
 -2504
 -2514
 -2518
 -2521
 -2527
 -2530
 -2535
 -2543
 -2546
 -2544
 -2537
 -2529
 -2519
 -2507
 -2487
 -2488
 -2484
 -2489
 -2492
 -2502
 -2518
 -2523
 -2534
 -2542
 -2541
 -2543
 -2537
 -2526
 -2508
 -2490
 -2480
 -2470
 -2467
 -2467
 -2462
 -2456
 -2437
 -2425
 -2423
 -2418
 -2404
 -2406
 -2404
 -2405
 -2400
 -2387
 -2384
 -2382
 -2380
 -2377
 -2381
 -2396
 -2416
 -2428
 -2431
 -2441
 -2448
 -2455
 -2467
 -2473
 -2480
 -2492
 -2500
 -2508
 -2510
 -2510
 -2514
 -2524
 -2542
 -2546
 -2552
 -2555
 -2555
 -2554
 -2557
 -2570
 -2583
 -2586
 -2590
 -2594
 -2592
 -2591
 -2583
 -2573
 -2555
 -2538
 -2525
 -2522
 -2516
 -2506
 -2495
 -2478
 -2464
 -2458
 -2456
 -2442
 -2441
 -2450
 -2457
 -2474
 -2479
 -2494
 -2499
 -2509
 -2513
 -2523
 -2531
 -2537
 -2552
 -2557
 -2568
 -2575
 -2576
 -2574
 -2577
 -2583
 -2597
 -2605
 -2605
 -2603
 -2601
 -2599
 -2596
 -2591
 -2579
 -2570
 -2558
 -2556
 -2554
 -2554
 -2548
 -2543
 -2528
 -2521
 -2507
 -2506
 -2503
 -2501
 -2507
 -2519
 -2531
 -2538
 -2543
 -2547
 -2553
 -2559
 -2567
 -2579
 -2598
 -2606
 -2614
 -2617
 -2616
 -2613
 -2607
 -2602
 -2590
 -2566
 -2555
 -2550
 -2548
 -2539
 -2531
 -2516
 -2509
 -2498
 -2487
 -2479
 -2479
 -2480
 -2488
 -2493
 -2520
 -2537
 -2547
 -2555
 -2557
 -2553
 -2558
 -2542
 -2528
 -2511
 -2498
 -2493
 -2492
 -2492
 -2508
 -2515
 -2526
 -2540
 -2552
 -2555
 -2553
 -2549
 -2542
 -2532
 -2530
 -2520
 -2498
 -2489
 -2483
 -2479
 -2468
 -2464
 -2461
 -2457
 -2458
 -2450
 -2445
 -2447
 -2453
 -2468
 -2481
 -2499
 -2508
 -2509
 -2513
 -2514
 -2516
 -2525
 -2539
 -2548
 -2553
 -2564
 -2567
 -2563
 -2558
 -2543
 -2531
 -2516
 -2511
 -2506
 -2505
 -2505
 -2502
 -2496
 -2476
 -2464
 -2460
 -2440
 -2435
 -2426
 -2420
 -2421
 -2411
 -2408
 -2394
 -2386
 -2377
 -2379
 -2378
 -2380
 -2376
 -2362
 -2362
 -2361
 -2359
 -2347
 -2330
 -2327
 -2322
 -2314
 -2305
 -2304
 -2304
 -2306
 -2313
 -2330
 -2348
 -2363
 -2374
 -2384
 -2393
 -2407
 -2416
 -2428
 -2443
 -2454
 -2464
 -2473
 -2478
 -2489
 -2498
 -2499
 -2510
 -2513
 -2527
 -2530
 -2539
 -2544
 -2555
 -2566
 -2577
 -2587
 -2590
 -2593
 -2595
 -2596
 -2595
 -2597
 -2618
 -2623
 -2637
 -2641
 -2648
 -2655
 -2664
 -2681
 -2691
 -2707
 -2716
 -2718
 -2720
 -2709
 -2700
 -2679
 -2657
 -2640
 -2638
 -2626
 -2623
 -2625
 -2635
 -2639
 -2646
 -2657
 -2670
 -2671
 -2672
 -2671
 -2657
 -2650
 -2632
 -2611
 -2602
 -2597
 -2590
 -2588
 -2596
 -2600
 -2611
 -2618
 -2622
 -2625
 -2626
 -2627
 -2629
 -2611
 -2605
 -2576
 -2565
 -2555
 -2554
 -2560
 -2568
 -2577
 -2588
 -2602
 -2616
 -2623
 -2627
 -2631
 -2637
 -2643
 -2652
 -2655
 -2663
 -2669
 -2671
 -2667
 -2656
 -2648
 -2635
 -2621
 -2612
 -2604
 -2601
 -2603
 -2598
 -2574
 -2552
 -2532
 -2515
 -2508
 -2511
 -2511
 -2522
 -2535
 -2550
 -2563
 -2574
 -2579
 -2585
 -2581
 -2565
 -2556
 -2551
 -2541
 -2525
 -2517
 -2515
 -2517
 -2527
 -2535
 -2556
 -2565
 -2574
 -2581
 -2582
 -2580
 -2574
 -2565
 -2552
 -2538
 -2532
 -2528
 -2523
 -2526
 -2531
 -2547
 -2546
 -2555
 -2563
 -2571
 -2574
 -2575
 -2570
 -2552
 -2543
 -2535
 -2518
 -2509
 -2501
 -2497
 -2485
 -2477
 -2470
 -2458
 -2446
 -2447
 -2450
 -2457
 -2464
 -2481
 -2500
 -2520
 -2534
 -2541
 -2542
 -2543
 -2542
 -2554
 -2569
 -2578
 -2588
 -2590
 -2594
 -2594
 -2602
 -2613
 -2610
 -2620
 -2623
 -2630
 -2631
 -2630
 -2629
 -2617
 -2608
 -2601
 -2584
 -2579
 -2582
 -2583
 -2582
 -2566
 -2551
 -2532
 -2518
 -2513
 -2512
 -2514
 -2520
 -2534
 -2544
 -2552
 -2562
 -2573
 -2573
 -2570
 -2561
 -2557
 -2544
 -2515
 -2497
 -2492
 -2494
 -2491
 -2485
 -2480
 -2483
 -2458
 -2446
 -2444
 -2443
 -2444
 -2443
 -2441
 -2431
 -2434
 -2429
 -2426
 -2427
 -2425
 -2423
 -2416
 -2396
 -2390
 -2376
 -2372
 -2368
 -2362
 -2355
 -2349
 -2344
 -2349
 -2345
 -2346
 -2345
 -2346
 -2344
 -2339
 -2338
 -2321
 -2316
 -2318
 -2322
 -2332
 -2350
 -2365
 -2387
 -2406
 -2420
 -2426
 -2427
 -2428
 -2430
 -2441
 -2468
 -2481
 -2491
 -2494
 -2495
 -2499
 -2482
 -2475
 -2468
 -2459
 -2454
 -2444
 -2444
 -2443
 -2458
 -2466
 -2491
 -2504
 -2521
 -2526
 -2544
 -2548
 -2554
 -2565
 -2576
 -2585
 -2593
 -2599
 -2607
 -2609
 -2612
 -2626
 -2633
 -2638
 -2645
 -2653
 -2643
 -2637
 -2627
 -2615
 -2590
 -2581
 -2568
 -2561
 -2560
 -2561
 -2559
 -2550
 -2533
 -2522
 -2507
 -2501
 -2502
 -2503
 -2511
 -2523
 -2532
 -2544
 -2556
 -2564
 -2565
 -2567
 -2576
 -2582
 -2583
 -2588
 -2595
 -2602
 -2603
 -2599
 -2593
 -2585
 -2577
 -2563
 -2550
 -2541
 -2547
 -2552
 -2561
 -2565
 -2578
 -2590
 -2603
 -2606
 -2605
 -2609
 -2601
 -2598
 -2588
 -2578
 -2571
 -2566
 -2565
 -2567
 -2577
 -2588
 -2608
 -2621
 -2628
 -2629
 -2629
 -2631
 -2633
 -2640
 -2650
 -2655
 -2660
 -2664
 -2666
 -2667
 -2672
 -2678
 -2681
 -2678
 -2686
 -2692
 -2693
 -2691
 -2677
 -2656
 -2635
 -2626
 -2613
 -2602
 -2601
 -2589
 -2582
 -2574
 -2559
 -2543
 -2522
 -2514
 -2515
 -2513
 -2505
 -2493
 -2486
 -2479
 -2467
 -2465
 -2462
 -2459
 -2460
 -2450
 -2433
 -2418
 -2407
 -2404
 -2393
 -2379
 -2374
 -2363
 -2355
 -2351
 -2344
 -2343
 -2344
 -2343
 -2341
 -2331
 -2323
 -2322
 -2317
 -2315
 -2308
 -2307
 -2308
 -2304
 -2288
 -2296
 -2290
 -2282
 -2279
 -2281
 -2289
 -2309
 -2337
 -2360
 -2370
 -2377
 -2376
 -2376
 -2385
 -2403
 -2421
 -2435
 -2453
 -2455
 -2455
 -2454
 -2454
 -2449
 -2437
 -2439
 -2428
 -2422
 -2414
 -2415
 -2408
 -2396
 -2388
 -2385
 -2387
 -2389
 -2389
 -2389
 -2388
 -2375
 -2358
 -2355
 -2352
 -2350
 -2351
 -2357
 -2372
 -2387
 -2413
 -2434
 -2451
 -2458
 -2461
 -2461
 -2468
 -2484
 -2494
 -2500
 -2516
 -2522
 -2519
 -2510
 -2507
 -2503
 -2489
 -2475
 -2451
 -2452
 -2454
 -2459
 -2470
 -2476
 -2486
 -2501
 -2509
 -2518
 -2521
 -2520
 -2515
 -2499
 -2487
 -2471
 -2470
 -2468
 -2466
 -2469
 -2474
 -2462
 -2444
 -2434
 -2429
 -2417
 -2408
 -2413
 -2407
 -2390
 -2379
 -2365
 -2365
 -2363
 -2361
 -2364
 -2372
 -2385
 -2404
 -2424
 -2434
 -2436
 -2436
 -2436
 -2442
 -2449
 -2456
 -2469
 -2476
 -2481
 -2489
 -2501
 -2506
 -2512
 -2526
 -2530
 -2539
 -2543
 -2554
 -2561
 -2575
 -2580
 -2586
 -2596
 -2601
 -2610
 -2615
 -2612
 -2607
 -2595
 -2567
 -2551
 -2546
 -2547
 -2546
 -2546
 -2545
 -2534
 -2519
 -2513
 -2503
 -2488
 -2482
 -2481
 -2480
 -2477
 -2466
 -2447
 -2446
 -2446
 -2445
 -2446
 -2446
 -2431
 -2415
 -2403
 -2405
 -2401
 -2399
 -2396
 -2390
 -2385
 -2385
 -2386
 -2371
 -2368
 -2359
 -2353
 -2363
 -2373
 -2399
 -2412
 -2417
 -2420
 -2424
 -2421
 -2421
 -2416
 -2404
 -2398
 -2394
 -2390
 -2386
 -2373
 -2367
 -2359
 -2352
 -2343
 -2333
 -2327
 -2317
 -2311
 -2303
 -2293
 -2297
 -2291
 -2279
 -2282
 -2282
 -2284
 -2292
 -2306
 -2323
 -2343
 -2350
 -2365
 -2372
 -2383
 -2402
 -2413
 -2425
 -2438
 -2450
 -2457
 -2464
 -2479
 -2488
 -2506
 -2521
 -2540
 -2546
 -2555
 -2557
 -2553
 -2545
 -2537
 -2525
 -2517
 -2510
 -2499
 -2486
 -2492
 -2493
 -2509
 -2516
 -2526
 -2533
 -2538
 -2543
 -2535
 -2531
 -2519
 -2505
 -2493
 -2487
 -2481
 -2476
 -2477
 -2486
 -2498
 -2511
 -2531
 -2543
 -2551
 -2553
 -2547
 -2537
 -2527
 -2510
 -2486
 -2479
 -2475
 -2476
 -2475
 -2461
 -2452
 -2441
 -2429
 -2427
 -2424
 -2424
 -2426
 -2433
 -2447
 -2464
 -2475
 -2489
 -2493
 -2493
 -2496
 -2503
 -2515
 -2532
 -2550
 -2559
 -2570
 -2571
 -2574
 -2579
 -2589
 -2601
 -2610
 -2618
 -2621
 -2627
 -2628
 -2632
 -2640
 -2658
 -2673
 -2681
 -2687
 -2689
 -2688
 -2692
 -2695
 -2698
 -2706
 -2714
 -2722
 -2729
 -2730
 -2738
 -2744
 -2748
 -2751
 -2750
 -2760
 -2766
 -2770
 -2774
 -2777
 -2777
 -2779
 -2791
 -2788
 -2788
 -2790
 -2792
 -2801
 -2808
 -2806
 -2809
 -2817
 -2818
 -2815
 -2808
 -2800
 -2783
 -2762
 -2747
 -2732
 -2720
 -2712
 -2704
 -2686
 -2665
 -2647
 -2634
 -2631
 -2629
 -2630
 -2636
 -2644
 -2654
 -2655
 -2666
 -2665
 -2661
 -2652
 -2641
 -2623
 -2614
 -2605
 -2604
 -2601
 -2596
 -2598
 -2584
 -2566
 -2564
 -2548
 -2547
 -2541
 -2541
 -2542
 -2548
 -2549
 -2557
 -2565
 -2577
 -2591
 -2585
 -2584
 -2572
 -2557
 -2543
 -2529
 -2528
 -2524
 -2522
 -2524
 -2519
 -2509
 -2490
 -2481
 -2481
 -2470
 -2459
 -2460
 -2469
 -2477
 -2503
 -2509
 -2516
 -2520
 -2522
 -2521
 -2510
 -2504
 -2489
 -2470
 -2467
 -2460
 -2455
 -2462
 -2472
 -2477
 -2493
 -2508
 -2520
 -2524
 -2527
 -2528
 -2520
 -2510
 -2496
 -2491
 -2486
 -2476
 -2474
 -2475
 -2468
 -2457
 -2438
 -2409
 -2405
 -2397
 -2394
 -2396
 -2398
 -2414
 -2431
 -2448
 -2456
 -2467
 -2469
 -2468
 -2454
 -2441
 -2425
 -2415
 -2413
 -2409
 -2417
 -2427
 -2433
 -2443
 -2460
 -2474
 -2484
 -2495
 -2504
 -2508
 -2517
 -2529
 -2535
 -2546
 -2554
 -2560
 -2562
 -2562
 -2559
 -2566
 -2581
 -2596
 -2600
 -2608
 -2613
 -2608
 -2597
 -2584
 -2578
 -2555
 -2545
 -2536
 -2531
 -2532
 -2522
 -2516
 -2502
 -2484
 -2474
 -2462
 -2451
 -2439
 -2426
 -2418
 -2405
 -2399
 -2397
 -2396
 -2401
 -2397
 -2410
 -2426
 -2446
 -2465
 -2473
 -2483
 -2485
 -2486
 -2489
 -2503
 -2508
 -2514
 -2521
 -2536
 -2545
 -2557
 -2571
 -2577
 -2575
 -2586
 -2594
 -2594
 -2595
 -2596
 -2604
 -2593
 -2576
 -2557
 -2542
 -2544
 -2544
 -2544
 -2536
 -2528
 -2509
 -2499
 -2482
 -2480
 -2486
 -2490
 -2498
 -2506
 -2516
 -2520
 -2522
 -2521
 -2527
 -2533
 -2543
 -2545
 -2555
 -2564
 -2577
 -2577
 -2583
 -2581
 -2575
 -2557
 -2538
 -2522
 -2507
 -2503
 -2502
 -2501
 -2499
 -2490
 -2471
 -2469
 -2465
 -2451
 -2443
 -2447
 -2452
 -2454
 -2447
 -2435
 -2426
 -2408
 -2394
 -2390
 -2380
 -2362
 -2357
 -2336
 -2324
 -2315
 -2315
 -2314
 -2311
 -2306
 -2303
 -2299
 -2286
 -2284
 -2285
 -2287
 -2288
 -2282
 -2274
 -2264
 -2244
 -2234
 -2237
 -2251
 -2257
 -2275
 -2287
 -2307
 -2317
 -2327
 -2340
 -2347
 -2355
 -2372
 -2388
 -2402
 -2417
 -2430
 -2436
 -2442
 -2448
