 16384
 16384
 16383
 16375
 16376
 16374
 16371
 16371
 16371
 16370
 16364
 16360
 16360
 16357
 16353
 16354
 16354
 16352
 16348
 16342
 16339
 16340
 16339
 16339
 16337
 16334
 16333
 16333
 16330
 16328
 16328
 16329
 16324
 16322
 16313
 16307
 16305
 16304
 16302
 16295
 16289
 16286
 16269
 16260
 16280
 16277
 16283
 16270
 16284
 16326
 16344
 16385
 16409
 16409
 16458
 16461
 16468
 16513
 16516
 16536
 16561
 16576
 16590
 16590
 16572
 16530
 16532
 16537
 16513
 16494
 16484
 16475
 16488
 16509
 16521
 16554
 16563
 16563
 16571
 16601
 16645
 16666
 16684
 16696
 16745
 16743
 16733
 16722
 16733
 16699
 16665
 16659
 16627
 16603
 16596
 16594
 16594
 16579
 16629
 16647
 16669
 16694
 16692
 16691
 16673
 16674
 16662
 16676
 16657
 16651
 16651
 16633
 16634
 16599
 16601
 16585
 16596
 16562
 16537
 16514
 16521
 16483
 16441
 16385
 16379
 16362
 16361
 16355
 16334
 16314
 16287
 16293
 16319
 16306
 16314
 16318
 16314
 16265
 16283
 16296
 16286
 16284
 16270
 16273
 16277
 16298
 16276
 16293
 16291
 16310
 16318
 16336
 16349
 16353
 16376
 16381
 16397
 16403
 16375
 16367
 16346
 16329
 16327
 16316
 16313
 16320
 16316
 16309
 16274
 16241
 16275
 16259
 16254
 16262
 16245
 16242
 16216
 16242
 16280
 16290
 16308
 16315
 16340
 16336
 16339
 16294
 16274
 16235
 16220
 16188
 16181
 16181
 16191
 16222
 16233
 16260
 16247
 16249
 16248
 16235
 16255
 16259
 16274
 16260
 16258
 16271
 16267
 16264
 16270
 16267
 16240
 16243
 16222
 16200
 16211
 16211
 16214
 16206
 16235
 16241
 16257
 16267
 16268
 16254
 16248
 16231
 16239
 16236
 16240
 16225
 16228
 16232
 16242
 16256
 16277
 16299
 16290
 16303
 16306
 16308
 16324
 16310
 16322
 16325
 16313
 16285
 16290
 16260
 16266
 16248
 16198
 16210
 16167
 16149
 16151
 16149
 16152
 16144
 16104
 16043
 16032
 16026
 16023
 16019
 15984
 15989
 15936
 15904
 15849
 15836
 15838
 15838
 15845
 15855
 15877
 15914
 15921
 15945
 15947
 15970
 15984
 15999
 16042
 16056
 16058
 16068
 16070
 16057
 16043
 16019
 15995
 15982
 15964
 15943
 15943
 15945
 15931
 15932
 15935
 15928
 15924
 15906
 15921
 15914
 15872
 15847
 15817
 15754
 15744
 15746
 15759
 15783
 15781
 15825
 15856
 15828
 15839
 15838
 15839
 15841
 15844
 15850
 15839
 15864
 15878
 15882
 15891
 15899
 15896
 15903
 15889
 15913
 15910
 15931
 15930
 15923
 15899
 15863
 15814
 15776
 15753
 15709
 15708
 15707
 15705
 15700
 15690
 15645
 15629
 15619
 15614
 15614
 15630
 15617
 15653
 15667
 15660
 15668
 15678
 15699
 15704
 15721
 15755
 15772
 15762
 15755
 15765
 15781
 15804
 15827
 15848
 15851
 15877
 15888
 15882
 15871
 15849
 15835
 15783
 15761
 15722
 15727
 15733
 15717
 15696
 15687
 15669
 15650
 15670
 15640
 15644
 15658
 15655
 15654
 15654
 15675
 15670
 15687
 15704
 15722
 15742
 15747
 15763
 15784
 15761
 15775
 15762
 15762
 15747
 15724
 15675
 15658
 15657
 15630
 15613
 15589
 15575
 15559
 15527
 15505
 15499
 15497
 15505
 15510
 15522
 15540
 15518
 15543
 15546
 15576
 15565
 15590
 15602
 15609
 15617
 15643
 15648
 15667
 15672
 15671
 15654
 15620
 15582
 15599
 15587
 15589
 15586
 15582
 15587
 15571
 15539
 15518
 15482
 15437
 15429
 15371
 15361
 15338
 15293
 15306
 15292
 15292
 15290
 15245
 15234
 15246
 15261
 15242
 15232
 15237
 15215
 15207
 15186
 15172
 15131
 15109
 15078
 15080
 15073
 15071
 15062
 15059
 15023
 14990
 14980
 14972
 14979
 14978
 15004
 15042
 15059
 15069
 15086
 15091
 15079
 15098
 15101
 15119
 15132
 15151
 15152
 15156
 15155
 15150
 15144
 15131
 15074
 15060
 15023
 15010
 14995
 14978
 14958
 14953
 14969
 14936
 14939
 14947
 14947
 14941
 14944
 14928
 14905
 14917
 14895
 14888
 14887
 14882
 14883
 14908
 14918
 14927
 14939
 14955
 14945
 14942
 14917
 14926
 14928
 14913
 14905
 14913
 14910
 14916
 14901
 14928
 14946
 14953
 14968
 14991
 15011
 15003
 15021
 15032
 15049
 15071
 15081
 15111
 15099
 15085
 15083
 15080
 15094
 15079
 15079
 15081
 15071
 15058
 15051
 15045
 15023
 15000
 15008
 15004
 15000
 15001
 15007
 15024
 15058
 15089
 15094
 15088
 15084
 15085
 15102
 15119
 15154
 15171
 15177
 15186
 15180
 15172
 15173
 15195
 15182
 15200
 15201
 15205
 15205
 15195
 15166
 15145
 15133
 15098
 15096
 15104
 15107
 15108
 15067
 15046
 15026
 14998
 14968
 14963
 14945
 14942
 14939
 14980
 15001
 15012
 15028
 15038
 15023
 15023
 15023
 15011
 15038
 15085
 15086
 15082
 15081
 15078
 15061
 15040
 15017
 15015
 14983
 14976
 14955
 14941
 14921
 14883
 14873
 14893
 14882
 14866
 14858
 14857
 14854
 14871
 14901
 14897
 14925
 14935
 14944
 14957
 14951
 14894
 14879
 14826
 14789
 14775
 14777
 14782
 14767
 14760
 14760
 14752
 14718
 14727
 14726
 14716
 14705
 14708
 14712
 14690
 14698
 14658
 14624
 14621
 14625
 14623
 14599
 14567
 14571
 14539
 14534
 14531
 14513
 14473
 14492
 14426
 14411
 14419
 14418
 14408
 14411
 14401
 14380
 14329
 14318
 14334
 14298
 14300
 14321
 14354
 14389
 14405
 14424
 14439
 14450
 14446
 14434
 14402
 14416
 14410
 14421
 14366
 14365
 14366
 14357
 14380
 14399
 14433
 14457
 14470
 14473
 14467
 14468
 14490
 14506
 14517
 14532
 14542
 14543
 14526
 14529
 14508
 14485
 14470
 14460
 14450
 14445
 14453
 14449
 14454
 14479
 14511
 14508
 14524
 14522
 14521
 14514
 14498
 14492
 14473
 14457
 14456
 14456
 14453
 14424
 14404
 14391
 14374
 14373
 14366
 14365
 14363
 14378
 14372
 14370
 14343
 14320
 14306
 14295
 14299
 14283
 14258
 14263
 14260
 14221
 14227
 14228
 14227
 14240
 14264
 14283
 14285
 14282
 14283
 14282
 14276
 14259
 14232
 14190
 14183
 14152
 14147
 14154
 14173
 14158
 14160
 14102
 14076
 14098
 14072
 14071
 14074
 14066
 14043
 14040
 14024
 14021
 14007
 14023
 14041
 14054
 14047
 14065
 14089
 14110
 14109
 14119
 14125
 14126
 14117
 14085
 14086
 14056
 14020
 14004
 14013
 14020
 14051
 14070
 14086
 14092
 14102
 14102
 14090
 14102
 14072
 14048
 14036
 14042
 14033
 14029
 14021
 14026
 14019
 14055
 14062
 14077
 14078
 14078
 14074
 14068
 14098
 14134
 14146
 14137
 14150
 14152
 14156
 14158
 14157
 14163
 14199
 14212
 14223
 14224
 14225
 14219
 14218
 14243
 14260
 14271
 14266
 14253
 14272
 14291
 14295
 14264
 14255
 14251
 14228
 14239
 14231
 14229
 14262
 14269
 14289
 14304
 14303
 14307
 14279
 14287
 14285
 14298
 14298
 14307
 14313
 14314
 14315
 14312
 14324
 14333
 14351
 14349
 14355
 14355
 14355
 14353
 14363
 14377
 14360
 14346
 14345
 14343
 14337
 14339
 14320
 14270
 14282
 14293
 14279
 14279
 14280
 14267
 14279
 14286
 14293
 14300
 14284
 14281
 14284
 14278
 14296
 14309
 14330
 14342
 14347
 14349
 14350
 14355
 14354
 14365
 14368
 14365
 14372
 14347
 14313
 14312
 14304
 14300
 14298
 14303
 14323
 14325
 14290
 14251
 14207
 14139
 14124
 14104
 14080
 14054
 14041
 14031
 14048
 13999
 13996
 13976
 13973
 13967
 13986
 13962
 13931
 13916
 13904
 13861
 13858
 13860
 13861
 13862
 13821
 13795
 13794
 13762
 13752
 13734
 13746
 13728
 13763
 13753
 13772
 13796
 13796
 13799
 13801
 13794
 13774
 13763
 13714
 13683
 13669
 13661
 13655
 13661
 13677
 13713
 13698
 13702
 13728
 13741
 13750
 13768
 13764
 13794
 13802
 13795
 13809
 13799
 13794
 13777
 13748
 13710
 13640
 13610
 13591
 13588
 13586
 13587
 13562
 13530
 13522
 13508
 13474
 13461
 13459
 13455
 13436
 13417
 13388
 13391
 13372
 13368
 13364
 13353
 13364
 13360
 13338
 13340
 13347
 13338
 13340
 13333
 13353
 13361
 13370
 13397
 13397
 13395
 13395
 13405
 13396
 13403
 13395
 13409
 13406
 13417
 13400
 13381
 13367
 13328
 13300
 13287
 13268
 13265
 13268
 13281
 13286
 13311
 13331
 13332
 13353
 13352
 13352
 13355
 13363
 13380
 13371
 13359
 13358
 13354
 13344
 13340
 13310
 13290
 13301
 13289
 13277
 13281
 13299
 13291
 13289
 13302
 13300
 13300
 13297
 13283
 13286
 13255
 13273
 13260
 13247
 13237
 13212
 13206
 13202
 13198
 13223
 13238
 13243
 13253
 13249
 13239
 13238
 13247
 13270
 13303
 13319
 13333
 13333
 13331
 13322
 13325
 13323
 13345
 13366
 13389
 13402
 13399
 13398
 13403
 13390
 13407
 13409
 13431
 13429
 13428
 13416
 13430
 13445
 13443
 13476
 13508
 13496
 13482
 13490
 13505
 13498
 13501
 13484
 13502
 13512
 13505
 13481
 13487
 13493
 13482
 13472
 13453
 13442
 13443
 13448
 13458
 13461
 13456
 13458
 13472
 13468
 13468
 13460
 13474
 13455
 13422
 13405
 13406
 13400
 13407
 13397
 13391
 13371
 13335
 13274
 13265
 13266
 13263
 13261
 13261
 13236
 13180
 13148
 13120
 13113
 13102
 13104
 13101
 13117
 13099
 13075
 13062
 13063
 13061
 13064
 13071
 13088
 13087
 13106
 13109
 13115
 13107
 13111
 13120
 13114
 13105
 13118
 13129
 13126
 13119
 13109
 13107
 13108
 13108
 13074
 13053
 13024
 13014
 13006
 13014
 13032
 13034
 13049
 13038
 13051
 13048
 13052
 13038
 13033
 13001
 13024
 13026
 13009
 13003
 12979
 12978
 12977
 12970
 12947
 12953
 12918
 12904
 12890
 12876
 12849
 12829
 12832
 12828
 12820
 12818
 12820
 12823
 12831
 12819
 12852
 12859
 12864
 12865
 12861
 12864
 12862
 12825
 12826
 12826
 12848
 12849
 12853
 12848
 12806
 12789
 12780
 12782
 12785
 12785
 12780
 12781
 12767
 12746
 12727
 12719
 12711
 12709
 12711
 12716
 12721
 12735
 12724
 12751
 12750
 12751
 12763
 12767
 12796
 12794
 12797
 12814
 12814
 12827
 12830
 12819
 12813
 12806
 12804
 12815
 12809
 12820
 12832
 12838
 12845
 12857
 12871
 12842
 12846
 12849
 12847
 12865
 12861
 12882
 12885
 12877
 12875
 12871
 12867
 12861
 12872
 12864
 12869
 12869
 12858
 12858
 12856
 12855
 12863
 12875
 12898
 12907
 12915
 12914
 12911
 12911
 12900
 12868
 12859
 12844
 12851
 12818
 12802
 12762
 12749
 12755
 12723
 12722
 12705
 12690
 12689
 12690
 12699
 12719
 12731
 12728
 12722
 12722
 12725
 12737
 12739
 12730
 12727
 12725
 12727
 12728
 12726
 12734
 12741
 12718
 12723
 12705
 12666
 12682
 12670
 12643
 12655
 12686
 12662
 12669
 12671
 12664
 12662
 12667
 12674
 12686
 12707
 12704
 12708
 12709
 12712
 12711
 12683
 12684
 12638
 12639
 12636
 12575
 12567
 12568
 12521
 12515
 12475
 12476
 12463
 12460
 12459
 12474
 12485
 12495
 12466
 12480
 12487
 12485
 12471
 12436
 12448
 12452
 12465
 12468
 12465
 12466
 12458
 12462
 12428
 12421
 12383
 12382
 12389
 12357
 12379
 12378
 12383
 12394
 12408
 12408
 12422
 12431
 12418
 12418
 12427
 12427
 12431
 12439
 12438
 12445
 12445
 12448
 12435
 12430
 12441
 12437
 12436
 12438
 12441
 12428
 12404
 12376
 12342
 12328
 12315
 12311
 12311
 12301
 12294
 12283
 12288
 12269
 12266
 12281
 12288
 12320
 12307
 12321
 12340
 12350
 12361
 12365
 12353
 12365
 12357
 12345
 12343
 12328
 12329
 12325
 12319
 12316
 12307
 12267
 12268
 12250
 12244
 12237
 12239
 12241
 12236
 12228
 12231
 12249
 12249
 12246
 12242
 12243
 12239
 12215
 12220
 12223
 12227
 12227
 12221
 12218
 12230
 12250
 12255
 12253
 12263
 12253
 12240
 12266
 12249
 12257
 12246
 12228
 12249
 12242
 12247
 12249
 12230
 12226
 12222
 12226
 12219
 12218
 12207
 12204
 12195
 12168
 12166
 12163
 12132
 12121
 12120
 12119
 12148
 12156
 12136
 12154
 12159
 12157
 12183
 12181
 12183
 12187
 12191
 12210
 12216
 12215
 12220
 12227
 12217
 12192
 12203
 12167
 12145
 12146
 12145
 12150
 12157
 12163
 12176
 12185
 12183
 12182
 12180
 12183
 12178
 12181
 12166
 12124
 12114
 12107
 12108
 12117
 12136
 12130
 12133
 12136
 12133
 12134
 12121
 12103
 12087
 12093
 12087
 12069
 12079
 12075
 12079
 12073
 12060
 12065
 12068
 12075
 12074
 12075
 12074
 12071
 12062
 12075
 12065
 12042
 12029
 12027
 12025
 12025
 12030
 12011
 12011
 12000
 12001
 12001
 11998
 11994
 12026
 12040
 12053
 12048
 12058
 12048
 12048
 12044
 12066
 12092
 12082
 12073
 12070
 12068
 12069
 12074
 12059
 12056
 12060
 12045
 12039
 12027
 12005
 11997
 12008
 12006
 12010
 12016
 12024
 12003
 12013
 12029
 12005
 11986
 11990
 11974
 11983
 11974
 11965
 11972
 11964
 11929
 11948
 11958
 11959
 11959
 11959
 11960
 11940
 11923
 11932
 11909
 11891
 11888
 11888
 11904
 11909
 11931
 11929
 11928
 11919
 11922
 11915
 11922
 11929
 11939
 11946
 11966
 11953
 11954
 11953
 11950
 11953
 11971
 12007
 12020
 12018
 12019
 12021
 12023
 12031
 12043
 12051
 12057
 12051
 12051
 12047
 12050
 12058
 12060
 12062
 12074
 12071
 12053
 12051
 12057
 12036
 12068
 12078
 12085
 12078
 12079
 12081
 12082
 12077
 12082
 12086
 12091
 12082
 12078
 12072
 12087
 12072
 12083
 12087
 12090
 12073
 12067
 12067
 12058
 12046
 12039
 12014
 12023
 12025
 12025
 12017
 12012
 12010
 11992
 11994
 11972
 11928
 11926
 11934
 11934
 11934
 11947
 11929
 11958
 11947
 11928
 11924
 11908
 11884
 11883
 11870
 11859
 11864
 11848
 11860
 11842
 11853
 11863
 11850
 11839
 11847
 11845
 11852
 11830
 11814
 11808
 11805
 11799
 11791
 11784
 11781
 11773
 11769
 11764
 11729
 11734
 11716
 11713
 11706
 11710
 11723
 11752
 11749
 11763
 11778
 11776
 11776
 11763
 11768
 11755
 11712
 11710
 11706
 11705
 11696
 11692
 11709
 11708
 11734
 11731
 11728
 11727
 11722
 11700
 11659
 11654
 11648
 11626
 11626
 11622
 11621
 11610
 11588
 11609
 11602
 11599
 11614
 11606
 11626
 11616
 11618
 11606
 11618
 11633
 11658
 11667
 11676
 11667
 11659
 11664
 11640
 11645
 11641
 11648
 11653
 11657
 11663
 11668
 11675
 11682
 11683
 11683
 11683
 11677
 11683
 11677
 11675
 11678
 11682
 11682
 11683
 11665
 11648
 11639
 11620
 11637
 11623
 11622
 11608
 11611
 11627
 11602
 11608
 11606
 11608
 11606
 11603
 11608
 11595
 11589
 11604
 11626
 11623
 11619
 11612
 11609
 11587
 11571
 11584
 11564
 11563
 11561
 11561
 11530
 11518
 11521
 11500
 11508
 11502
 11500
 11495
 11500
 11503
 11513
 11523
 11538
 11539
 11543
 11534
 11523
 11526
 11542
 11523
 11522
 11516
 11519
 11529
 11536
 11512
 11504
 11467
 11476
 11487
 11485
 11487
 11494
 11492
 11491
 11506
 11504
 11493
 11506
 11498
 11492
 11493
 11474
 11457
 11447
 11433
 11412
 11418
 11425
 11421
 11437
 11444
 11444
 11443
 11440
 11445
 11443
 11449
 11437
 11394
 11378
 11380
 11373
 11375
 11345
 11344
 11331
 11320
 11316
 11308
 11303
 11312
 11309
 11298
 11315
 11324
 11342
 11340
 11338
 11349
 11375
 11374
 11386
 11400
 11424
 11424
 11412
 11393
 11395
 11383
 11381
 11367
 11368
 11368
 11369
 11362
 11370
 11374
 11384
 11394
 11381
 11389
 11386
 11382
 11386
 11397
 11406
 11409
 11404
 11399
 11402
 11423
 11420
 11404
 11394
 11389
 11373
 11370
 11369
 11368
 11365
 11345
 11338
 11333
 11322
 11324
 11337
 11335
 11324
 11320
 11301
 11261
 11233
 11236
 11232
 11224
 11235
 11222
 11193
 11191
 11198
 11177
 11173
 11172
 11166
 11165
 11163
 11166
 11172
 11171
 11160
 11162
 11157
 11164
 11162
 11158
 11162
 11166
 11169
 11169
 11181
 11165
 11158
 11167
 11140
 11130
 11129
 11127
 11125
 11104
 11092
 11092
 11098
 11109
 11110
 11106
 11093
 11086
 11054
 11050
 11054
 11045
 11044
 11042
 11066
 11059
 11059
 11056
 11037
 11041
 11038
 11032
 11023
 10996
 11004
 10989
 10977
 10975
 10997
 10990
 10987
 10988
 10981
 10972
 10962
 10945
 10950
 10937
 10918
 10919
 10931
 10923
 10918
 10931
 10944
 10927
 10927
 10949
 10942
 10935
 10932
 10928
 10923
 10923
 10930
 10919
 10908
 10916
 10921
 10927
 10924
 10920
 10928
 10930
 10943
 10945
 10959
 10972
 10975
 10970
 10982
 10992
 11004
 11017
 11015
 11019
 11019
 11020
 11012
 11008
 11007
 10993
 10996
 10968
 10972
 10961
 10976
 10976
 10979
 10983
 10972
 10989
 10984
 11001
 10989
 10979
 10983
 10955
 10980
 10968
 10953
 10936
 10958
 10974
 10944
 10946
 10934
 10939
 10934
 10938
 10923
 10926
 10939
 10944
 10931
 10932
 10932
 10930
 10953
 10944
 10941
 10948
 10948
 10942
 10943
 10946
 10962
 10964
 10953
 10953
 10957
 10961
 10959
 10953
 10953
 10947
 10933
 10932
 10928
 10930
 10928
 10921
 10922
 10903
 10918
 10921
 10921
 10923
 10921
 10924
 10929
 10931
 10936
 10942
 10930
 10938
 10959
 10977
 10971
 10975
 10952
 10940
 10940
 10921
 10915
 10921
 10910
 10885
 10892
 10856
 10837
 10830
 10826
 10825
 10817
 10804
 10758
 10729
 10706
 10683
 10683
 10682
 10690
 10695
 10697
 10693
 10704
 10697
 10682
 10662
 10672
 10683
 10671
 10642
 10633
 10638
 10632
 10635
 10637
 10649
 10665
 10689
 10687
 10685
 10688
 10693
 10695
 10694
 10701
 10706
 10702
 10698
 10699
 10701
 10701
 10704
 10725
 10702
 10700
 10712
 10712
 10707
 10710
 10705
 10708
 10734
 10739
 10741
 10738
 10734
 10738
 10739
 10743
 10736
 10722
 10712
 10712
 10708
 10715
 10722
 10721
 10724
 10706
 10690
 10691
 10690
 10693
 10698
 10681
 10665
 10662
 10674
 10663
 10676
 10688
 10687
 10686
 10687
 10673
 10676
 10668
 10680
 10676
 10675
 10677
 10659
 10659
 10660
 10662
 10663
 10666
 10677
 10684
 10671
 10697
 10696
 10695
 10699
 10692
 10657
 10657
 10626
 10629
 10619
 10619
 10619
 10613
 10614
 10627
 10604
 10587
 10585
 10586
 10585
 10574
 10572
 10561
 10561
 10549
 10546
 10555
 10555
 10579
 10594
 10582
 10579
 10576
 10582
 10587
 10606
 10617
 10622
 10623
 10634
 10633
 10649
 10649
 10643
 10607
 10600
 10599
 10611
 10603
 10603
 10603
 10603
 10593
 10605
 10617
 10618
 10629
 10636
 10625
 10632
 10634
 10626
 10606
 10587
 10573
 10563
 10547
 10551
 10552
 10540
 10528
 10499
 10499
 10483
 10475
 10473
 10481
 10488
 10491
 10495
 10507
 10507
 10503
 10508
 10518
 10515
 10493
 10498
 10500
 10497
 10498
 10500
 10509
 10509
 10531
 10556
 10564
 10570
 10570
 10567
 10568
 10574
 10580
 10574
 10576
 10573
 10574
 10576
 10582
 10553
 10533
 10530
 10525
 10513
 10506
 10504
 10488
 10489
 10479
 10454
 10458
 10443
 10428
 10424
 10431
 10429
 10420
 10413
 10412
 10395
 10384
 10383
 10386
 10371
 10356
 10337
 10332
 10292
 10284
 10269
 10251
 10243
 10244
 10250
 10259
 10243
 10243
 10240
 10244
 10234
 10232
 10239
 10231
 10240
 10236
 10239
 10233
 10238
 10248
 10260
 10258
 10265
 10271
 10268
 10270
 10268
 10258
 10228
 10227
 10232
 10234
 10242
 10247
 10243
 10243
 10248
 10261
 10258
 10248
 10263
 10276
 10293
 10290
 10288
 10272
 10258
 10252
 10250
 10247
 10244
 10245
 10237
 10240
 10250
 10249
 10250
 10248
 10256
 10265
 10281
 10289
 10287
 10287
 10283
 10284
 10249
 10233
 10240
 10246
 10255
 10259
 10255
 10257
 10266
 10281
 10259
 10256
 10259
 10272
 10275
 10263
 10269
 10260
 10234
 10243
 10250
 10250
 10253
 10245
 10249
 10258
 10266
 10259
 10256
 10248
 10240
 10219
 10217
 10220
 10199
 10194
 10196
 10188
 10175
 10185
 10201
 10208
 10209
 10192
 10197
 10199
 10197
 10195
 10186
 10188
 10184
 10182
 10195
 10192
 10189
 10185
 10196
 10182
 10178
 10182
 10183
 10184
 10185
 10188
 10187
 10191
 10193
 10204
 10211
 10206
 10203
 10192
 10188
 10180
 10170
 10170
 10172
 10176
 10176
 10189
 10183
 10177
 10179
 10187
 10189
 10177
 10188
 10167
 10155
 10146
 10144
 10125
 10120
 10131
 10129
 10141
 10133
 10122
 10119
 10121
 10127
 10127
 10130
 10127
 10117
 10064
 10065
 10053
 10045
 10034
 10030
 10038
 10046
 10055
 10065
 10043
 10040
 10039
 10039
 10034
 10030
 10027
 10036
 10041
 10032
 10030
 10025
 10021
 10019
 10001
 10009
 10014
 10019
 10013
 10015
 10021
 10023
 10012
 10020
 10032
 10037
 10038
 10037
 10048
 10030
 10017
 10004
  9987
  9987
  9985
  9980
  9988
  9986
  9987
  9960
  9951
  9951
  9951
  9952
  9954
  9967
  9970
  9987
  9986
  9991
  9989
  9991
  9977
  9985
  9957
  9949
  9939
  9940
  9939
  9931
  9937
  9936
  9939
  9931
  9942
  9947
  9929
  9915
  9904
  9896
  9901
  9887
  9884
  9891
  9889
  9889
  9890
  9888
  9907
  9931
  9925
  9909
  9898
  9884
  9886
  9887
  9904
  9891
  9904
  9909
  9910
  9909
  9910
  9903
  9926
  9928
  9929
  9929
  9929
  9929
  9923
  9919
  9920
  9935
  9933
  9931
  9920
  9920
  9920
  9914
  9927
  9935
  9942
  9917
  9914
  9917
  9914
  9923
  9933
  9935
  9935
  9944
  9942
  9938
  9940
  9940
  9943
  9942
  9950
  9946
  9939
  9941
  9923
  9910
  9879
  9890
  9899
  9896
  9890
  9889
  9885
  9889
  9873
  9862
  9852
  9849
  9848
  9847
  9846
  9838
  9825
  9817
  9812
  9788
  9779
  9772
  9781
  9783
  9795
  9799
  9800
  9790
  9799
  9799
  9802
  9796
  9804
  9795
  9811
  9799
  9798
  9795
  9786
  9790
  9804
  9797
  9796
  9790
  9769
  9770
  9765
  9768
  9749
  9721
  9725
  9720
  9719
  9719
  9705
  9704
  9697
  9701
  9723
  9728
  9720
  9718
  9713
  9717
  9710
  9728
  9727
  9731
  9739
  9747
  9740
  9750
  9733
  9735
  9723
  9710
  9722
  9714
  9710
  9718
  9686
  9692
  9702
  9703
  9704
  9703
  9712
  9714
  9722
  9713
  9693
  9687
  9698
  9693
  9690
  9693
  9683
  9659
  9669
  9668
  9665
  9664
  9667
  9656
  9652
  9653
  9658
  9665
  9657
  9662
  9653
  9662
  9646
  9642
  9647
  9654
  9654
  9655
  9652
  9641
  9635
  9653
  9677
  9660
  9655
  9653
  9655
  9676
  9680
  9679
  9664
  9669
  9670
  9668
  9672
  9671
  9673
  9665
  9667
  9674
  9669
  9664
  9659
  9656
  9646
  9649
  9659
  9652
  9651
  9643
  9638
  9646
  9639
  9627
  9620
  9617
  9619
  9630
  9628
  9630
  9639
  9632
  9641
  9638
  9641
  9642
  9635
  9639
  9644
  9630
  9629
  9626
  9636
  9634
  9641
  9633
  9641
  9635
  9641
  9633
  9634
  9627
  9621
  9602
  9614
  9628
  9632
  9632
  9630
  9629
  9631
  9620
  9624
  9631
  9630
  9623
  9620
  9615
  9619
  9634
  9643
  9645
  9649
  9656
  9650
  9637
  9646
  9642
  9644
  9637
  9633
  9624
  9624
  9600
  9594
  9588
  9578
  9575
  9580
  9575
  9572
  9573
  9568
  9552
  9550
  9537
  9539
  9535
  9539
  9540
  9535
  9533
  9529
  9541
  9541
  9531
  9526
  9527
  9528
  9537
  9551
  9526
  9518
  9515
  9512
  9503
  9499
  9510
  9491
  9490
  9496
  9471
  9474
  9464
  9469
  9470
  9471
  9451
  9448
  9437
  9435
  9434
  9437
  9424
  9423
  9410
  9430
  9433
  9446
  9450
  9454
  9451
  9457
  9438
  9444
  9441
  9439
  9442
  9435
  9444
  9467
  9475
  9464
  9469
  9470
  9469
  9456
  9468
  9464
  9457
  9453
  9457
  9457
  9455
  9455
  9462
  9463
  9461
  9461
  9453
  9447
  9443
  9438
  9442
  9411
  9421
  9415
  9418
  9416
  9414
  9418
  9421
  9414
  9406
  9407
  9416
  9409
  9404
  9409
  9393
  9407
  9407
  9412
  9405
  9411
  9411
  9412
  9401
  9392
  9389
  9398
  9407
  9408
  9403
  9395
  9391
  9380
  9360
  9364
  9363
  9369
  9369
  9372
  9369
  9377
  9378
  9355
  9354
  9353
  9351
  9346
  9349
  9335
  9333
  9311
  9298
  9287
  9306
  9318
  9315
  9329
  9321
  9325
  9336
  9341
  9337
  9317
  9305
  9294
  9297
  9279
  9274
  9275
  9274
  9278
  9280
  9280
  9278
  9273
  9280
  9275
  9270
  9269
  9260
  9263
  9256
  9265
  9275
  9274
  9275
  9273
  9277
  9282
  9272
  9280
  9284
  9283
  9283
  9288
  9278
  9273
  9252
  9264
  9267
  9268
  9273
  9284
  9269
  9259
  9261
  9258
  9259
  9267
  9273
  9267
  9264
  9260
  9268
  9256
  9249
  9255
  9253
  9252
  9258
  9255
  9248
  9259
  9258
  9257
  9248
  9248
  9220
  9217
  9218
  9231
  9253
  9239
  9233
  9230
  9238
  9218
  9193
  9184
  9174
  9174
  9175
  9169
  9165
  9163
  9143
  9149
  9157
  9158
  9162
  9153
  9149
  9157
  9148
  9154
  9143
  9128
  9121
  9113
  9123
  9132
  9137
  9150
  9144
  9155
  9158
  9161
  9163
  9160
  9163
  9155
  9145
  9139
  9132
  9139
  9110
  9100
  9093
  9075
  9066
  9060
  9052
  9050
  9050
  9050
  9056
  9048
  9047
  9049
  9048
  9051
  9042
  9050
  9045
  9056
  9058
  9058
  9056
  9040
  9024
  9007
  9004
  9012
  9017
  9014
  9014
  9012
  9013
  9012
  9008
  8988
  8996
  8988
  8957
  8956
  8947
  8958
  8971
  8965
  8954
  8958
  8951
  8959
  8962
  8975
  8964
  8969
  8961
  8961
  8962
  8967
  8957
  8972
  8982
  8987
  8990
  8990
  8991
  8979
  8980
  8983
  9008
  9014
  9009
  9012
  9008
  9017
  9032
  9034
  9032
  9015
  9018
  9016
  9016
  9021
  9030
  9038
  9041
  9044
  9035
  9034
  9038
  9039
  9026
  9015
  9011
  9007
  9002
  9008
  9002
  9010
  9009
  9017
  9021
  9020
  9029
  9028
  9024
  9014
  9011
  9031
  9030
  9029
  9017
  9018
  9004
  9003
  9007
  9002
  8994
  8972
  8975
  8976
  8970
  8964
  8974
  8971
  8960
  8964
  8970
  8959
  8971
  8951
  8961
  8958
  8952
  8958
  8947
  8945
  8944
  8941
  8936
  8928
  8937
  8928
  8920
  8920
  8919
  8922
  8925
  8925
  8922
  8928
  8916
  8926
  8927
  8931
  8939
  8945
  8954
  8950
  8952
  8935
  8918
  8911
  8916
  8927
  8924
  8919
  8923
  8923
  8921
  8912
  8909
  8907
  8921
  8898
  8890
  8900
  8911
  8922
  8906
  8882
  8880
  8889
  8888
  8887
  8887
  8881
  8884
  8891
  8880
  8877
  8881
  8878
  8873
  8872
  8873
  8874
  8877
  8878
  8878
  8871
  8870
  8869
  8853
  8848
  8864
  8858
  8859
  8858
  8856
  8858
  8855
  8858
  8828
  8838
  8833
  8834
  8836
  8835
  8833
  8828
  8808
  8792
  8799
  8792
  8794
  8786
  8778
  8765
  8770
  8773
  8775
  8776
  8767
  8773
  8781
  8797
  8788
  8771
  8784
  8788
  8772
  8779
  8777
  8773
  8780
  8757
  8753
  8748
  8748
  8746
  8753
  8756
  8773
  8777
  8772
  8770
  8771
  8771
  8766
  8752
  8746
  8763
  8755
  8755
  8755
  8756
  8770
  8767
  8759
  8759
  8762
  8764
  8763
  8762
  8769
  8750
  8737
  8730
  8730
  8730
  8729
  8726
  8721
  8733
  8731
  8738
  8740
  8726
  8732
  8733
  8719
  8723
  8730
  8712
  8714
  8703
  8702
  8689
  8682
  8689
  8675
  8680
  8672
  8677
  8685
  8664
  8665
  8658
  8657
  8661
  8662
  8662
  8658
  8665
  8661
  8651
  8667
  8685
  8695
  8691
  8696
  8696
  8701
  8689
  8692
  8693
  8676
  8673
  8671
  8673
  8659
  8671
  8677
  8680
  8684
  8679
  8675
  8679
  8682
  8678
  8675
  8661
  8660
  8660
  8658
  8654
  8643
  8637
  8624
  8616
  8604
  8602
  8600
  8600
  8613
  8618
  8612
  8614
  8614
  8616
  8619
  8618
  8620
  8640
  8619
  8624
  8609
  8606
  8608
  8604
  8608
  8601
  8619
  8632
  8632
  8630
  8636
  8636
  8623
  8639
  8633
  8605
  8599
  8589
  8588
  8600
  8577
  8572
  8555
  8544
  8544
  8542
  8543
  8536
  8520
  8509
  8509
  8531
  8530
  8531
  8529
  8521
  8505
  8488
  8507
  8509
  8512
  8510
  8509
  8510
  8517
  8521
  8520
  8518
  8508
  8507
  8509
  8511
  8515
  8515
  8536
  8532
  8540
  8542
  8541
  8550
  8544
  8517
  8495
  8521
  8515
  8514
  8508
  8500
  8491
  8490
  8494
  8498
  8489
  8488
  8486
  8473
  8467
  8461
  8468
  8470
  8472
  8468
  8467
  8470
  8469
  8470
  8462
  8469
  8474
  8474
  8475
  8477
  8477
  8480
  8491
  8500
  8500
  8500
  8497
  8507
  8501
  8500
  8505
  8500
  8513
  8517
  8523
  8516
  8523
  8522
  8506
  8497
  8495
  8496
  8491
  8493
  8483
  8491
  8491
  8511
  8511
  8504
  8506
  8510
  8505
  8505
  8511
  8515
  8518
  8511
  8514
  8506
  8500
  8496
  8496
  8478
  8485
  8486
  8491
  8490
  8504
  8490
  8482
  8458
  8443
  8443
  8444
  8432
  8436
  8426
  8438
  8440
  8433
  8434
  8430
  8427
  8424
  8425
  8410
  8405
  8405
  8403
  8403
  8405
  8406
  8400
  8401
  8408
  8391
  8393
  8392
  8357
  8370
  8382
  8372
  8376
  8368
  8372
  8380
  8379
  8384
  8389
  8378
  8357
  8357
  8352
  8349
  8354
  8357
  8354
  8366
  8377
  8373
  8369
  8366
  8368
  8360
  8363
  8375
  8376
  8374
  8370
  8373
  8368
  8381
  8375
  8379
  8379
  8377
  8376
  8376
  8378
  8369
  8364
  8355
  8354
  8352
  8360
  8349
  8343
  8344
  8335
  8324
  8329
  8334
  8333
  8324
  8326
  8327
  8324
  8329
  8326
  8328
  8328
  8325
  8333
  8327
  8321
  8318
  8308
  8302
  8283
  8281
  8273
  8268
  8267
  8262
  8279
  8296
  8305
  8309
  8320
  8322
  8314
  8313
  8315
  8304
  8305
  8303
  8304
  8313
  8308
  8295
  8296
  8316
  8319
  8328
  8342
  8333
  8346
  8334
  8342
  8321
  8330
  8333
  8322
  8314
  8313
  8304
  8304
  8313
  8313
  8319
  8315
  8306
  8304
  8289
  8291
  8268
  8274
  8271
  8262
  8275
  8285
  8298
  8307
  8306
  8306
  8304
  8301
  8286
  8302
  8285
  8283
  8280
  8281
  8280
  8283
  8275
  8271
  8268
  8277
  8270
  8268
  8264
  8250
  8247
  8233
  8218
  8225
  8214
  8216
  8222
  8203
  8188
  8190
  8183
  8192
  8188
  8191
  8199
  8196
  8191
  8198
  8182
  8192
  8179
  8179
  8175
  8173
  8170
  8180
  8192
  8201
  8209
  8209
  8207
  8204
  8210
  8214
  8220
  8211
  8220
  8217
  8215
  8204
  8199
  8204
  8214
  8210
  8221
  8213
  8206
  8199
  8211
  8211
  8182
  8189
  8192
  8197
  8207
  8190
  8187
  8196
  8187
  8177
  8178
  8177
  8175
  8174
  8162
  8164
  8140
  8141
  8138
  8139
  8130
  8127
  8131
  8135
  8123
  8115
  8105
  8094
  8096
  8100
  8110
  8105
  8094
  8094
  8090
  8094
  8087
  8090
  8097
  8098
  8111
  8124
  8127
  8126
  8125
  8131
  8119
  8098
  8090
  8100
  8095
  8095
  8096
  8097
  8091
  8103
  8085
  8083
  8083
  8082
  8082
  8092
  8100
  8092
  8100
  8103
  8103
  8103
  8098
  8087
  8075
  8077
  8078
  8068
  8075
  8069
  8073
  8058
  8057
  8045
  8046
  8038
  8040
  8042
  8040
  8043
  8042
  8037
  8024
  8023
  8028
  8030
  8016
  8015
  8011
  8017
  8012
  7997
  8000
  7999
  7995
  7998
  7998
  8007
  8018
  8014
  8015
  8015
  8014
  8018
  8007
  8008
  8006
  8002
  7990
  7997
  7998
  7981
  7986
  7974
  7983
  7981
  7981
  7977
  7976
  7977
  7979
  7957
  7958
  7939
  7937
  7933
  7921
  7914
  7926
  7913
  7901
  7902
  7910
  7913
  7919
  7907
  7910
  7919
  7939
  7938
  7937
  7932
  7931
  7927
  7932
  7943
  7937
  7943
  7938
  7935
  7933
  7929
  7933
  7926
  7925
  7937
  7953
  7955
  7940
  7929
  7925
  7934
  7915
  7899
  7895
  7894
  7892
  7891
  7884
  7904
  7891
  7894
  7894
  7894
  7894
  7888
  7904
  7900
  7915
  7917
  7915
  7914
  7913
  7911
  7913
  7925
  7905
  7913
  7901
  7904
  7904
  7904
  7894
  7900
  7894
  7903
  7896
  7891
  7892
  7891
  7894
  7891
  7873
  7875
  7870
  7873
  7874
  7876
  7867
  7869
  7872
  7865
  7866
  7857
  7863
  7861
  7852
  7863
  7869
  7870
  7874
  7873
  7873
  7866
  7861
  7868
  7842
  7852
  7852
  7849
  7845
  7847
  7852
  7870
  7866
  7859
  7855
  7851
  7848
  7849
  7840
  7846
  7855
  7847
  7845
  7845
  7847
  7841
  7845
  7840
  7833
  7833
  7835
  7836
  7832
  7830
  7839
  7838
  7824
  7801
  7803
  7797
  7798
  7800
  7772
  7789
  7804
  7794
  7798
  7800
  7799
  7800
  7812
  7780
  7782
  7775
  7770
  7769
  7767
  7765
  7765
  7750
  7744
  7751
  7739
  7738
  7731
  7712
  7714
  7734
  7716
  7736
  7733
  7731
  7730
  7738
  7745
  7744
  7736
  7746
  7755
  7752
  7760
  7744
  7742
  7728
  7717
  7720
  7724
  7720
  7720
  7720
  7720
  7718
  7704
  7708
  7708
  7710
  7711
  7712
  7713
  7692
  7689
  7692
  7691
  7680
  7692
  7706
  7707
  7707
  7711
  7709
  7707
  7706
  7706
  7704
  7713
  7715
  7707
  7705
  7687
  7682
  7682
  7685
  7692
  7697
  7694
  7706
  7710
  7711
  7703
  7689
  7678
  7692
  7687
  7697
  7692
  7697
  7697
  7705
  7709
  7708
  7722
  7723
  7729
  7729
  7725
  7733
  7724
  7716
  7733
  7735
  7735
  7734
  7734
  7730
  7748
  7729
  7739
  7737
  7730
  7721
  7714
  7715
  7725
  7733
  7719
  7725
  7720
  7708
  7699
  7705
  7699
  7696
  7698
  7704
  7707
  7714
  7710
  7698
  7698
  7692
  7703
  7702
  7697
  7700
  7679
  7681
  7679
  7674
  7669
  7658
  7662
  7661
  7661
  7659
  7667
  7669
  7654
  7659
  7657
  7652
  7646
  7638
  7642
  7636
  7629
  7628
  7631
  7632
  7632
  7627
  7633
  7631
  7637
  7635
  7637
  7637
  7637
  7641
  7640
  7634
  7641
  7643
  7641
  7641
  7626
  7622
  7631
  7626
  7629
  7618
  7621
  7620
  7619
  7620
  7615
  7603
  7593
  7599
  7596
  7588
  7578
  7574
  7575
  7576
  7565
  7570
  7574
  7575
  7581
  7581
  7572
  7570
  7568
  7552
  7543
  7539
  7539
  7542
  7543
  7548
  7555
  7552
  7546
  7545
  7546
  7549
  7546
  7542
  7539
  7539
  7525
  7520
  7516
  7511
  7519
  7523
  7526
  7537
  7549
  7561
  7562
  7550
  7556
  7549
  7530
  7527
  7535
  7535
  7547
  7545
  7552
  7559
  7558
  7565
  7567
  7568
  7566
  7560
  7558
  7565
  7572
  7581
  7573
  7571
  7569
  7556
  7547
  7555
  7563
  7554
  7557
  7563
  7564
  7562
  7561
  7555
  7565
  7561
  7555
  7551
  7552
  7548
  7545
  7549
  7551
  7557
  7564
  7569
  7562
  7545
  7543
  7540
  7532
  7529
  7526
  7513
  7501
  7507
  7504
  7511
  7508
  7508
  7511
  7498
  7495
  7509
  7523
  7529
  7521
  7520
  7508
  7512
  7510
  7516
  7513
  7513
  7511
  7514
  7498
  7495
  7494
  7499
  7494
  7487
  7491
  7491
  7490
  7486
  7485
  7477
  7455
  7446
  7433
  7433
  7425
  7424
  7424
  7423
  7418
  7419
  7421
  7413
  7414
  7410
  7408
  7417
  7405
  7407
  7406
  7415
  7409
  7408
  7405
  7406
  7419
  7437
  7442
  7438
  7451
  7460
  7456
  7447
  7446
  7449
  7440
  7436
  7439
  7444
  7428
  7426
  7437
  7431
  7428
  7417
  7421
  7420
  7419
  7422
  7424
  7415
  7408
  7410
  7408
  7414
  7406
  7402
  7399
  7385
  7392
  7388
  7390
  7387
  7386
  7388
  7395
  7395
  7403
  7409
  7411
  7403
  7405
  7404
  7398
  7392
  7380
  7377
  7374
  7372
  7372
  7376
  7387
  7385
  7400
  7387
  7378
  7375
  7376
  7382
  7381
  7390
  7386
  7388
  7381
  7379
  7369
  7370
  7376
  7383
  7391
  7392
  7393
  7384
  7389
  7386
  7380
  7369
  7363
  7366
  7368
  7364
  7362
  7359
  7359
  7349
  7349
  7337
  7343
  7340
  7346
  7337
  7332
  7344
  7342
  7343
  7350
  7350
  7350
  7346
  7352
  7345
  7352
  7357
  7351
  7357
  7354
  7356
  7351
  7342
  7333
  7335
  7319
  7320
  7319
  7310
  7307
  7303
  7313
  7318
  7323
  7322
  7321
  7316
  7315
  7311
  7319
  7323
  7313
  7302
  7298
  7305
  7318
  7313
  7317
  7305
  7303
  7301
  7301
  7297
  7295
  7283
  7274
  7277
  7279
  7275
  7269
  7269
  7271
  7280
  7295
  7298
  7290
  7295
  7287
  7299
  7309
  7301
  7296
  7292
  7284
  7286
  7286
  7294
  7297
  7296
  7312
  7314
  7317
  7317
  7317
  7312
  7295
  7295
  7287
  7286
  7276
  7288
  7288
  7297
  7297
  7297
  7304
  7299
  7304
  7304
  7299
  7297
  7312
  7299
  7312
  7301
  7309
  7308
  7305
  7306
  7314
  7305
  7307
  7305
  7304
  7304
  7303
  7311
  7312
  7323
  7313
  7321
  7309
  7307
  7310
  7319
  7320
  7326
  7320
  7322
  7316
  7311
  7301
  7298
  7300
  7308
  7322
  7329
  7335
  7339
  7341
  7338
  7342
  7345
  7341
  7338
  7352
  7360
  7361
  7353
  7358
  7338
  7322
  7328
  7322
  7328
  7322
  7315
  7315
  7324
  7302
  7292
  7293
  7293
  7293
  7289
  7289
  7295
  7288
  7295
  7295
  7299
  7298
  7307
  7301
  7313
  7315
  7329
  7324
  7324
  7321
  7317
  7318
  7316
  7322
  7330
  7325
  7324
  7325
  7329
  7311
  7298
  7283
  7292
  7293
  7290
  7288
  7291
  7291
  7290
  7282
  7281
  7273
  7276
  7276
  7281
  7279
  7271
  7279
  7270
  7263
  7261
  7260
  7256
  7258
  7259
  7258
  7257
  7257
  7256
  7260
  7257
  7262
  7270
  7266
  7266
  7268
  7266
  7261
  7252
  7254
  7246
  7249
  7226
  7220
  7218
  7218
  7216
  7215
  7195
  7194
  7184
  7183
  7176
  7171
  7162
  7147
  7143
  7134
  7131
  7132
  7134
  7141
  7145
  7143
  7141
  7143
  7141
  7139
  7136
  7136
  7134
  7125
  7122
  7121
  7110
  7107
  7105
  7106
  7108
  7116
  7109
  7110
  7118
  7116
  7113
  7111
  7112
  7099
  7101
  7097
  7106
  7103
  7108
  7113
  7105
  7101
  7105
  7095
  7098
  7094
  7090
  7085
  7086
  7083
  7067
  7070
  7066
  7051
  7049
  7050
  7050
  7057
  7062
  7064
  7051
  7051
  7051
  7051
  7056
  7041
  7058
  7058
  7048
  7044
  7035
  7030
  7020
  7017
  7024
  7025
  7029
  7028
  7032
  7018
  7011
  7009
  7013
  7010
  7006
  7009
  7006
  7002
  7002
  7001
  7019
  7021
  7027
  7034
  7035
  7038
  7031
  7028
  7031
  7019
  7021
  7022
  7016
  7015
  7035
  7040
  7045
  7048
  7041
  7038
  7036
  7033
  7027
  7010
  7015
  7019
  7026
  7007
  7004
  7009
  7004
  7009
  7018
  7026
  7030
  7034
  7044
  7044
  7046
  7052
  7060
  7064
  7078
  7070
  7067
  7078
  7074
  7073
  7082
  7084
  7082
  7082
  7083
  7086
  7080
  7080
  7073
  7065
  7060
  7051
  7041
  7041
  7042
  7028
  7040
  7048
  7061
  7056
  7061
  7059
  7068
  7077
  7097
  7089
  7073
  7076
  7075
  7075
  7082
  7079
  7071
  7079
  7077
  7072
  7073
  7073
  7082
  7092
  7097
  7091
  7104
  7111
  7109
  7107
  7104
  7100
  7090
  7106
  7114
  7106
  7108
  7107
  7107
  7107
  7119
  7107
  7095
  7093
  7093
  7090
  7080
  7082
  7089
  7092
  7089
  7088
  7090
  7091
  7081
  7073
  7070
  7071
  7070
  7052
  7051
  7055
  7056
  7055
  7052
  7042
  7042
  7041
  7044
  7032
  7034
  7034
  7045
  7046
  7041
  7037
  7035
  7034
  7029
  7022
  7020
  7015
  7016
  7016
  7009
  6999
  7008
  7016
  7017
  7007
  7010
  7009
  7006
  7006
  7000
  6989
  6985
  6988
  6991
  6992
  6983
  6985
  6990
  6983
  6988
  6988
  6994
  6995
  6994
  6989
  6988
  6977
  6977
  6984
  6987
  6992
  6992
  6990
  6992
  6994
  6989
  6992
  7006
  7011
  7010
  7010
  7011
  7019
  7001
  6997
  7000
  6999
  6999
  6995
  6991
  6994
  6976
  6960
  6960
  6955
  6953
  6949
  6948
  6959
  6949
  6945
  6958
  6950
  6958
  6957
  6950
  6953
  6946
  6943
  6939
  6936
  6931
  6935
  6923
  6927
  6934
  6929
  6934
  6929
  6928
  6926
  6922
  6918
  6926
  6918
  6916
  6915
  6921
  6919
  6920
  6901
  6910
  6903
  6892
  6882
  6880
  6881
  6878
  6870
  6866
  6862
  6864
  6861
  6859
  6856
  6855
  6866
  6887
  6893
  6902
  6905
  6897
  6895
  6893
  6887
  6883
  6873
  6879
  6876
  6874
  6874
  6879
  6869
  6883
  6876
  6880
  6881
  6885
  6886
  6882
  6887
  6878
  6884
  6887
  6884
  6881
  6880
  6864
  6854
  6844
  6841
  6833
  6835
  6835
  6829
  6823
  6817
  6824
  6825
  6825
  6826
  6822
  6823
  6816
  6815
  6818
  6804
  6806
  6807
  6807
  6818
  6825
  6840
  6844
  6839
  6846
  6842
  6843
  6839
  6845
  6840
  6823
  6816
  6818
  6816
  6820
  6815
  6814
  6801
  6797
  6802
  6804
  6801
  6796
  6799
  6798
  6816
  6825
  6823
  6838
  6840
  6841
  6839
  6843
  6838
  6824
  6823
  6823
  6820
  6822
  6818
  6812
  6805
  6807
  6791
  6788
  6785
  6784
  6784
  6779
  6783
  6768
  6766
  6759
  6750
  6750
  6749
  6747
  6752
  6753
  6736
  6731
  6733
  6733
  6719
  6704
  6687
  6676
  6667
  6667
  6666
  6665
  6665
  6669
  6675
  6690
  6699
  6686
  6696
  6695
  6689
  6682
  6665
  6673
  6676
  6671
  6658
  6660
  6658
  6657
  6663
  6648
  6650
  6650
  6650
  6650
  6650
  6657
  6659
  6667
  6671
  6682
  6683
  6687
  6690
  6690
  6694
  6695
  6701
  6714
  6712
  6720
  6741
  6746
  6748
  6750
  6745
  6736
  6736
  6733
  6732
  6729
  6730
  6725
  6719
  6705
  6707
  6706
  6698
  6699
  6701
  6704
  6699
  6701
  6695
  6694
  6697
  6705
  6702
  6701
  6688
  6687
  6685
  6686
  6686
  6687
  6690
  6685
  6666
  6661
  6657
  6657
  6659
  6663
  6665
  6656
  6635
  6651
  6670
  6680
  6684
  6690
  6687
  6688
  6676
  6685
  6684
  6687
  6690
  6687
  6681
  6675
  6677
  6669
  6678
  6671
  6674
  6677
  6682
  6690
  6698
  6705
  6702
  6700
  6696
  6689
  6686
  6685
  6683
  6685
  6687
  6687
  6687
  6685
  6678
  6679
  6687
  6680
  6679
  6685
  6691
  6687
  6689
  6684
  6678
  6673
  6669
  6668
  6672
  6664
  6680
  6687
  6686
  6687
  6687
  6688
  6686
  6691
  6697
  6694
  6696
  6696
  6699
  6698
  6695
  6673
  6674
  6679
  6675
  6659
  6660
  6658
  6660
  6658
  6664
  6667
  6663
  6652
  6651
  6646
  6641
  6637
  6633
  6637
  6635
  6637
  6634
  6633
  6630
  6636
  6635
  6638
  6638
  6647
  6644
  6645
  6645
  6651
  6662
  6666
  6671
  6676
  6680
  6678
  6678
  6676
  6665
  6656
  6647
  6644
  6632
  6628
  6629
  6621
  6615
  6608
  6610
  6616
  6607
  6603
  6607
  6604
  6598
  6593
  6591
  6587
  6579
  6578
  6577
  6576
  6575
  6597
  6609
  6622
  6621
  6624
  6621
  6620
  6625
  6630
  6622
  6616
  6616
  6606
  6592
  6597
  6597
  6604
  6607
  6601
  6596
  6606
  6603
  6598
  6594
  6606
  6613
  6613
  6617
  6619
  6618
  6618
  6624
  6635
  6649
  6641
  6633
  6634
  6632
  6636
  6634
  6634
  6623
  6617
  6615
  6606
  6602
  6607
  6600
  6603
  6596
  6602
  6589
  6581
  6580
  6583
  6582
  6576
  6577
  6569
  6562
  6562
  6562
  6558
  6561
  6560
  6563
  6566
  6569
  6575
  6577
  6574
  6560
  6550
  6550
  6537
  6538
  6528
  6530
  6538
  6540
  6538
  6556
  6565
  6568
  6569
  6565
  6567
  6574
  6588
  6571
  6581
  6579
  6579
  6577
  6578
  6577
  6571
  6581
  6588
  6588
  6585
  6586
  6591
  6591
  6589
  6601
  6608
  6610
  6615
  6614
  6618
  6615
  6610
  6615
  6601
  6606
  6609
  6607
  6606
  6597
  6596
  6590
  6583
  6580
  6579
  6578
  6576
  6579
  6578
  6560
  6554
  6540
  6542
  6544
  6543
  6552
  6554
  6563
  6563
  6568
  6568
  6567
  6560
  6552
  6554
  6552
  6564
  6556
  6555
  6555
  6556
  6552
  6551
  6549
  6552
  6539
  6537
  6531
  6525
  6510
  6494
  6496
  6488
  6488
  6492
  6484
  6491
  6493
  6483
  6479
  6476
  6465
  6460
  6457
  6464
  6468
  6473
  6473
  6486
  6490
  6500
  6498
  6488
  6486
  6498
  6504
  6507
  6506
  6509
  6505
  6500
  6504
  6509
  6502
  6507
  6501
  6492
  6471
  6477
  6476
  6486
  6509
  6499
  6510
  6508
  6501
  6507
  6522
  6533
  6539
  6544
  6544
  6541
  6549
  6541
  6551
  6551
  6548
  6548
  6549
  6546
  6545
  6553
  6554
  6552
  6560
  6580
  6579
  6579
  6574
  6575
  6570
  6579
  6588
  6586
  6585
  6587
  6586
  6578
  6580
  6580
  6578
  6586
  6593
  6596
  6602
  6583
  6589
  6580
  6593
  6591
  6592
  6593
  6592
  6589
  6585
  6564
  6548
  6538
  6525
  6526
  6524
  6519
  6529
  6537
  6548
  6548
  6556
  6568
  6579
  6576
  6573
  6573
  6586
  6590
  6588
  6588
  6590
  6594
  6595
  6587
  6594
  6593
  6581
  6576
  6555
  6557
  6545
  6543
  6539
  6532
  6524
  6527
  6526
  6522
  6517
  6516
  6503
  6496
  6480
  6478
  6482
  6474
  6476
  6468
  6457
  6459
  6451
  6450
  6447
  6453
  6456
  6452
  6431
  6444
  6434
  6429
  6428
  6418
  6424
  6422
  6431
  6441
  6442
  6433
  6430
  6426
  6424
  6419
  6422
  6415
  6412
  6406
  6406
  6404
  6399
  6393
  6390
  6397
  6405
  6403
  6401
  6403
  6393
  6395
  6394
  6392
  6387
  6386
  6385
  6377
  6365
  6357
  6343
  6336
  6334
  6334
  6333
  6334
  6340
  6342
  6342
  6354
  6365
  6365
  6364
  6363
  6374
  6377
  6387
  6388
  6394
  6395
  6392
  6380
  6362
  6352
  6350
  6337
  6334
  6335
  6325
  6311
  6306
  6311
  6294
  6289
  6292
  6286
  6289
  6292
  6286
  6297
  6307
  6304
  6300
  6303
  6309
  6305
  6301
  6287
  6281
  6283
  6283
  6279
  6277
  6278
  6269
  6272
  6263
  6253
  6248
  6249
  6250
  6253
  6270
  6285
  6308
  6312
  6313
  6310
  6307
  6301
  6307
  6310
  6304
  6302
  6296
  6296
  6293
  6307
  6312
  6331
  6343
  6351
  6351
  6355
  6357
  6364
  6359
  6358
  6348
  6343
  6341
  6339
  6336
  6330
  6318
  6311
  6319
  6317
  6313
  6311
  6312
  6313
  6309
  6323
  6333
  6345
  6348
  6348
  6349
  6354
  6353
  6364
  6353
  6358
  6354
  6355
  6355
  6349
  6341
  6334
  6333
  6321
  6312
  6314
  6314
  6315
  6316
  6313
  6305
  6303
  6303
  6298
  6292
  6300
  6305
  6308
  6314
  6316
  6320
  6322
  6321
  6319
  6322
  6312
  6299
  6289
  6275
  6272
  6274
  6279
  6286
  6295
  6306
  6309
  6314
  6311
  6312
  6314
  6329
  6321
  6320
  6323
  6324
  6321
  6314
  6313
  6325
  6327
  6337
  6339
  6345
  6342
  6351
  6353
  6346
  6340
  6339
  6328
  6322
  6318
  6306
  6303
  6299
  6297
  6290
  6288
  6281
  6278
  6277
  6282
  6268
  6266
  6262
  6246
  6242
  6238
  6239
  6233
  6236
  6245
  6250
  6252
  6255
  6253
  6252
  6249
  6246
  6242
  6236
  6223
  6221
  6227
  6223
  6219
  6223
  6241
  6242
  6239
  6239
  6240
  6232
  6223
  6228
  6220
  6224
  6225
  6219
  6218
  6221
  6222
  6228
  6230
  6221
  6218
  6219
  6223
  6222
  6223
  6222
  6235
  6251
  6258
  6254
  6257
  6255
  6251
  6244
  6241
  6243
  6245
  6232
  6230
  6230
  6239
  6240
  6250
  6243
  6244
  6248
  6247
  6243
  6245
  6243
  6227
  6227
  6232
  6234
  6240
  6240
  6241
  6247
  6247
  6250
  6257
  6251
  6253
  6257
  6236
  6224
  6219
  6221
  6216
  6217
  6214
  6205
  6199
  6200
  6207
  6204
  6207
  6198
  6211
  6221
  6226
  6230
  6226
  6223
  6233
  6234
  6250
  6241
  6240
  6240
  6241
  6253
  6256
  6238
  6239
  6234
  6230
  6225
  6225
  6215
  6207
  6193
  6196
  6193
  6176
  6178
  6168
  6164
  6161
  6157
  6159
  6153
  6149
  6145
  6144
  6142
  6127
  6118
  6115
  6113
  6099
  6100
  6096
  6091
  6097
  6095
  6090
  6091
  6090
  6102
  6107
  6120
  6127
  6140
  6131
  6138
  6147
  6142
  6149
  6144
  6153
  6155
  6156
  6154
  6149
  6142
  6140
  6128
  6117
  6111
  6109
  6119
  6127
  6128
  6131
  6132
  6136
  6138
  6133
  6129
  6122
  6112
  6102
  6096
  6091
  6094
  6088
  6089
  6083
  6077
  6074
  6074
  6072
  6076
  6078
  6084
  6085
  6076
  6071
  6078
  6076
  6072
  6073
  6073
  6073
  6064
  6060
  6037
  6037
  6039
  6038
  6040
  6045
  6049
  6053
  6046
  6049
  6064
  6067
  6070
  6074
  6076
  6086
  6104
  6112
  6115
  6116
  6116
  6116
  6115
  6100
  6093
  6087
  6079
  6076
  6075
  6072
  6070
  6072
  6058
  6045
  6043
  6041
  6040
  6046
  6047
  6072
  6080
  6073
  6083
  6085
  6084
  6084
  6082
  6092
  6092
  6091
  6093
  6092
  6088
  6093
  6088
  6106
  6121
  6120
  6130
  6125
  6125
  6115
  6097
  6094
  6077
  6075
  6072
  6062
  6062
  6060
  6054
  6068
  6075
  6084
  6102
  6110
  6113
  6107
  6116
  6122
  6116
  6130
  6133
  6123
  6125
  6131
  6130
  6136
  6148
  6153
  6156
  6156
  6151
  6148
  6140
  6128
  6119
  6105
  6095
  6087
  6086
  6080
  6067
  6074
  6066
  6060
  6054
  6053
  6055
  6057
  6074
  6077
  6081
  6092
  6092
  6089
  6087
  6086
  6081
  6079
  6070
  6066
  6062
  6061
  6059
  6062
  6059
  6052
  6057
  6053
  6046
  6046
  6045
  6037
  6034
  6021
  6026
  6024
  6015
  6014
  6013
  6010
  6004
  6017
  6016
  6024
  6028
  6028
  6029
  6029
  6028
  6031
  6039
  6048
  6049
  6054
  6057
  6063
  6074
  6064
  6067
  6070
  6072
  6068
  6068
  6062
  6058
  6047
  6049
  6048
  6042
  6037
  6037
  6028
  6024
  6027
  6029
  6021
  6016
  6014
  6018
  6017
  6017
  6010
  6006
  6000
  5995
  5992
  5991
  5990
  5980
  5981
  5979
  5974
  5963
  5965
  5967
  5962
  5945
  5948
  5943
  5951
  5954
  5952
  5955
  5960
  5962
  5975
  5978
  5982
  5991
  5998
  6001
  5986
  5988
  5992
  5995
  6010
  6014
  6015
  6013
  6018
  6033
  6041
  6052
  6037
  6022
  6024
  6023
  6021
  6011
  6008
  6012
  6004
  6002
  6001
  5999
  5998
  5997
  5988
  5998
  5993
  5989
  5985
  5987
  5989
  5997
  6008
  6018
  6027
  6037
  6043
  6036
  6031
  6013
  6030
  6038
  6026
  6020
  6015
  6016
  6019
  6025
  6019
  6016
  6027
  6022
  6028
  6028
  6026
  6024
  6020
  6009
  6005
  6002
  5985
  5975
  5980
  5983
  5987
  5978
  5957
  5943
  5941
  5938
  5939
  5926
  5919
  5913
  5907
  5904
  5911
  5915
  5905
  5918
  5929
  5945
  5947
  5952
  5955
  5954
  5956
  5955
  5938
  5946
  5934
  5932
  5931
  5932
  5931
  5940
  5956
  5968
  5974
  5966
  5961
  5957
  5960
  5963
  5974
  5966
  5965
  5969
  5971
  5973
  5974
  5981
  5999
  6006
  6018
  6010
  6010
  6006
  6013
  6023
  6028
  6021
  6032
  6024
  6032
  6042
  6042
  6046
  6052
  6053
  6056
  6049
  6044
  6048
  6046
  6041
  6042
  6041
  6034
  6024
  6024
  6021
  6028
  6021
  6011
  6020
  6021
  6026
  6024
  6023
  6022
  6009
  6007
  6018
  6019
  6016
  6020
  6030
  6031
  6035
  6049
  6036
  6040
  6036
  6026
  6013
  6006
  6000
  5993
  5991
  5985
  5978
  5968
  5958
  5952
  5943
  5930
  5924
  5924
  5925
  5918
  5916
  5933
  5935
  5949
  5965
  5960
  5959
  5958
  5957
  5959
  5970
  5976
  5993
  5989
  5985
  5984
  5985
  5986
  5981
  5981
  5984
  5987
  5993
  5995
  5984
  5979
  5964
  5947
  5938
  5936
  5933
  5932
  5931
  5915
  5915
  5910
  5900
  5892
  5890
  5895
  5895
  5890
  5895
  5905
  5916
  5914
  5910
  5912
  5909
  5920
  5912
  5915
  5931
  5936
  5938
  5936
  5935
  5937
  5926
  5924
  5924
  5928
  5937
  5937
  5931
  5929
  5914
  5907
  5911
  5901
  5892
  5887
  5885
  5874
  5874
  5861
  5848
  5847
  5847
  5846
  5846
  5847
  5839
  5836
  5841
  5830
  5826
  5826
  5825
  5821
  5805
  5792
  5767
  5760
  5758
  5756
  5757
  5763
  5772
  5787
  5802
  5814
  5815
  5811
  5809
  5817
  5812
  5825
  5820
  5842
  5842
  5839
  5838
  5840
  5833
  5846
  5839
  5843
  5841
  5843
  5849
  5855
  5859
  5864
  5871
  5870
  5873
  5880
  5889
  5903
  5905
  5910
  5915
  5928
  5933
  5929
  5926
  5942
  5944
  5944
  5956
  5950
  5951
  5951
  5951
  5943
  5928
  5917
  5922
  5922
  5918
  5918
  5920
  5924
  5916
  5907
  5908
  5904
  5904
  5910
  5911
  5916
  5908
  5914
  5909
  5914
  5918
  5915
  5916
  5914
  5909
  5912
  5924
  5912
  5914
  5912
  5910
  5902
  5898
  5904
  5900
  5898
  5899
  5892
  5886
  5886
  5893
  5895
  5897
  5897
  5891
  5881
  5867
  5865
  5859
  5849
  5839
  5842
  5841
  5837
  5838
  5825
  5815
  5798
  5791
  5793
  5794
  5795
  5796
  5796
  5787
  5796
  5798
  5812
  5819
  5817
  5826
  5827
  5838
  5844
  5841
  5850
  5852
  5856
  5857
  5850
  5831
  5827
  5808
  5802
  5801
  5803
  5802
  5805
  5793
  5783
  5775
  5766
  5761
  5760
  5764
  5771
  5768
  5787
  5790
  5777
  5781
  5781
  5781
  5781
  5783
  5772
  5760
  5758
  5758
  5758
  5756
  5755
  5747
  5734
  5733
  5734
  5726
  5727
  5727
  5725
  5707
  5697
  5693
  5688
  5686
  5686
  5690
  5703
  5723
  5721
  5737
  5747
  5750
  5751
  5752
  5755
  5761
  5776
  5771
  5777
  5781
  5779
  5781
  5786
  5781
  5795
  5808
  5807
  5815
  5816
  5814
  5813
  5818
  5834
  5836
  5840
  5857
  5861
  5861
  5863
  5860
  5869
  5882
  5890
  5893
  5886
  5894
  5901
  5898
  5888
  5896
  5899
  5892
  5893
  5892
  5888
  5885
  5894
  5892
  5891
  5893
  5898
  5906
  5897
  5889
  5896
  5892
  5887
  5876
  5876
  5880
  5884
  5900
  5905
  5907
  5912
  5904
  5901
  5900
  5894
  5896
  5899
  5892
  5892
  5894
  5896
  5893
  5887
  5874
  5861
  5834
  5820
  5819
  5814
  5802
  5802
  5804
  5809
  5811
  5822
  5823
  5822
  5820
  5821
  5838
  5834
  5844
  5853
  5857
  5853
  5852
  5847
  5834
  5829
  5827
  5826
  5822
  5818
  5818
  5817
  5820
  5821
  5832
  5840
  5850
  5851
  5852
  5852
  5849
  5840
  5833
  5816
  5805
  5798
  5802
  5796
  5789
  5785
  5785
  5780
  5782
  5769
  5751
  5755
  5745
  5730
  5719
  5711
  5707
  5706
  5703
  5704
  5711
  5719
  5724
  5721
  5715
  5714
  5723
  5736
  5750
  5763
  5754
  5763
  5766
  5773
  5766
  5763
  5753
  5749
  5739
  5723
  5720
  5718
  5709
  5711
  5703
  5702
  5706
  5702
  5698
  5695
  5698
  5700
  5708
  5727
  5735
  5744
  5743
  5746
  5742
  5748
  5765
  5774
  5784
  5787
  5786
  5788
  5783
  5779
  5774
  5759
  5748
  5747
  5743
  5737
  5735
  5733
  5741
  5749
  5753
  5757
  5755
  5756
  5753
  5750
  5737
  5728
  5720
  5716
  5697
  5689
  5685
  5675
  5676
  5670
  5668
  5657
  5656
  5656
  5658
  5657
  5678
  5697
  5698
  5695
  5700
  5702
  5705
  5701
  5695
  5698
  5692
  5686
  5677
  5676
  5676
  5674
  5683
  5670
  5681
  5683
  5685
  5683
  5682
  5678
  5677
  5663
  5672
  5668
  5656
  5654
  5657
  5659
  5665
  5673
  5684
  5701
  5694
  5698
  5691
  5688
  5670
  5662
  5653
  5648
  5643
  5637
  5636
  5636
  5626
  5601
  5598
  5597
  5597
  5596
  5596
  5589
  5580
  5564
  5565
  5561
  5561
  5563
  5558
  5561
  5566
  5570
  5576
  5571
  5582
  5577
  5575
  5580
  5576
  5569
  5565
  5561
  5555
  5554
  5553
  5549
  5554
  5576
  5578
  5585
  5593
  5592
  5593
  5597
  5600
  5600
  5612
  5618
  5618
  5621
  5634
  5632
  5634
  5633
  5630
  5631
  5639
  5630
  5623
  5622
  5620
  5614
  5609
  5609
  5591
  5585
  5584
  5582
  5579
  5574
  5566
  5561
  5562
  5554
  5558
  5554
  5542
  5534
  5534
  5525
  5518
  5518
  5518
  5519
  5499
  5499
  5495
  5497
  5496
  5492
  5492
  5491
  5490
  5492
  5494
  5493
  5492
  5491
  5490
  5490
  5483
  5482
  5476
  5470
  5469
  5468
  5470
  5471
  5467
  5473
  5459
  5448
  5451
  5454
  5442
  5450
  5473
  5475
  5485
  5488
  5483
  5482
  5481
  5477
  5471
  5464
  5460
  5453
  5450
  5443
  5437
  5443
  5452
  5462
  5473
  5478
  5477
  5477
  5473
  5466
  5462
  5465
  5463
  5464
  5459
  5458
  5460
  5464
  5464
  5460
  5447
  5438
  5424
  5424
  5423
  5425
  5436
  5446
  5461
  5466
  5471
  5471
  5468
  5472
  5477
  5492
  5502
  5506
  5504
  5507
  5497
  5496
  5496
  5492
  5480
  5476
  5467
  5463
  5464
  5471
  5475
  5484
  5488
  5491
  5496
  5494
  5495
  5494
  5492
  5496
  5507
  5514
  5515
  5517
  5511
  5509
  5505
  5501
  5497
  5500
  5501
  5504
  5500
  5506
  5511
  5524
  5536
  5544
  5548
  5549
  5547
  5547
  5558
  5567
  5582
  5585
  5579
  5588
  5583
  5582
  5575
  5577
  5567
  5554
  5542
  5543
  5538
  5529
  5527
  5519
  5519
  5513
  5511
  5508
  5507
  5515
  5522
  5531
  5536
  5540
  5550
  5556
  5560
  5562
  5557
  5558
  5564
  5567
  5573
  5573
  5570
  5560
  5564
  5570
  5559
  5548
  5546
  5542
  5535
  5534
  5529
  5523
  5516
  5516
  5510
  5507
  5505
  5498
  5494
  5482
  5474
  5469
  5461
  5461
  5461
  5456
  5446
  5444
  5442
  5442
  5445
  5440
  5442
  5445
  5453
  5468
  5466
  5473
  5475
  5472
  5471
  5475
  5466
  5455
  5459
  5450
  5448
  5445
  5443
  5439
  5437
  5443
  5442
  5442
  5439
  5437
  5438
  5438
  5438
  5441
  5445
  5465
  5470
  5468
  5470
  5473
  5487
  5497
  5505
  5516
  5518
  5514
  5517
  5512
  5502
  5495
  5489
  5491
  5485
  5488
  5487
  5474
  5467
  5461
  5445
  5443
  5443
  5433
  5431
  5433
  5425
  5419
  5419
  5420
  5420
  5418
  5418
  5420
  5419
  5402
  5398
  5396
  5397
  5396
  5395
  5394
  5390
  5392
  5390
  5389
  5388
  5387
  5386
  5384
  5384
  5378
  5366
  5358
  5354
  5348
  5350
  5352
  5343
  5366
  5378
  5384
  5392
  5391
  5391
  5396
  5397
  5406
  5415
  5425
  5440
  5454
  5457
  5458
  5469
  5486
  5494
  5499
  5507
  5503
  5499
  5494
  5484
  5476
  5460
  5459
  5453
  5451
  5452
  5447
  5433
  5434
  5434
  5429
  5421
  5412
  5406
  5410
  5408
  5407
  5406
  5399
  5401
  5403
  5405
  5400
  5423
  5433
  5447
  5457
  5466
  5467
  5466
  5461
  5455
  5446
  5448
  5444
  5438
  5434
  5430
  5420
  5418
  5413
  5397
  5397
  5400
  5404
  5406
  5394
  5384
  5382
  5377
  5368
  5361
  5360
  5362
  5370
  5372
  5380
  5390
  5399
  5408
  5414
  5409
  5409
  5402
  5394
  5396
  5396
  5388
  5383
  5386
  5391
  5394
  5405
  5409
  5412
  5419
  5422
  5419
  5416
  5408
  5416
  5398
  5390
  5385
  5381
  5374
  5364
  5370
  5371
  5368
  5350
  5344
  5346
  5343
  5349
  5365
  5371
  5367
  5376
  5382
  5384
  5384
  5385
  5394
  5413
  5422
  5417
  5422
  5424
  5424
  5422
  5419
  5408
  5412
  5413
  5409
  5408
  5409
  5412
  5418
  5430
  5439
  5442
  5456
  5459
  5460
  5467
  5475
  5485
  5495
  5504
  5508
  5505
  5502
  5503
  5504
  5506
  5506
  5518
  5531
  5531
  5531
  5524
  5517
  5496
  5488
  5478
  5466
  5462
  5460
  5460
  5454
  5449
  5444
  5421
  5417
  5416
  5418
  5424
  5424
  5434
  5445
  5451
  5452
  5448
  5449
  5445
  5456
  5462
  5480
  5473
  5479
  5480
  5480
  5486
  5495
  5506
  5521
  5528
  5532
  5530
  5528
  5528
  5524
  5529
  5533
  5529
  5531
  5529
  5525
  5520
  5517
  5515
  5500
  5483
  5478
  5471
  5460
  5451
  5449
  5437
  5433
  5426
  5411
  5403
  5404
  5411
  5414
  5425
  5439
  5444
  5443
  5446
  5447
  5444
  5436
  5427
  5421
  5413
  5412
  5410
  5410
  5408
  5394
  5377
  5375
  5372
  5370
  5365
  5360
  5367
  5365
  5372
  5377
  5390
  5394
  5395
  5388
  5395
  5403
  5412
  5429
  5437
  5442
  5441
  5442
  5447
  5455
  5455
  5464
  5467
  5468
  5463
  5464
  5467
  5465
  5461
  5455
  5441
  5435
  5431
  5431
  5433
  5438
  5459
  5459
  5465
  5472
  5472
  5474
  5481
  5488
  5491
  5495
  5492
  5490
  5489
  5488
  5491
  5505
  5494
  5483
  5485
  5491
  5489
  5488
  5483
  5489
  5499
  5495
  5501
  5510
  5510
  5507
  5502
  5487
  5476
  5457
  5445
  5433
  5433
  5433
  5432
  5432
  5426
  5416
  5417
  5412
  5411
  5409
  5407
  5399
  5404
  5401
  5390
  5385
  5384
  5385
  5393
  5397
  5395
  5401
  5405
  5406
  5406
  5403
  5399
  5382
  5378
  5372
  5367
  5361
  5361
  5357
  5355
  5339
  5333
  5332
  5326
  5323
  5322
  5322
  5328
  5347
  5371
  5381
  5381
  5383
  5380
  5378
  5381
  5382
  5399
  5399
  5394
  5393
  5401
  5400
  5401
  5403
  5402
  5410
  5398
  5403
  5398
  5416
  5432
  5446
  5452
  5462
  5472
  5470
  5470
  5476
  5479
  5465
  5461
  5459
  5459
  5456
  5457
  5438
  5429
  5416
  5401
  5392
  5379
  5367
  5374
  5371
  5375
  5375
  5369
  5376
  5382
  5391
  5387
  5386
  5390
  5385
  5392
  5390
  5386
  5394
  5399
  5399
  5394
  5388
  5384
  5378
  5368
  5365
  5356
  5354
  5355
  5350
  5356
  5356
  5365
  5370
  5369
  5368
  5357
  5357
  5354
  5340
  5335
  5323
  5321
  5304
  5297
  5291
  5279
  5271
  5266
  5266
  5264
  5268
  5272
  5280
  5280
  5289
  5299
  5302
  5303
  5299
  5302
  5314
  5317
  5332
  5337
  5343
  5343
  5339
  5336
  5321
  5310
  5309
  5296
  5286
  5279
  5272
  5267
  5269
  5257
  5257
  5251
  5249
  5249
  5246
  5255
  5267
  5271
  5281
  5290
  5293
  5293
  5294
  5295
  5305
  5313
  5324
  5335
  5345
  5347
  5357
  5373
  5376
  5385
  5391
  5401
  5403
  5404
  5403
  5391
  5393
  5388
  5370
  5369
  5363
  5361
  5360
  5364
  5362
  5365
  5362
  5368
  5367
  5366
  5366
  5374
  5379
  5384
  5395
  5395
  5396
  5395
  5392
  5386
  5375
  5355
  5340
  5323
  5311
  5310
  5316
  5327
  5337
  5347
  5350
  5349
  5349
  5348
  5350
  5350
  5344
  5354
  5358
  5367
  5370
  5370
  5370
  5366
  5367
  5354
  5341
  5334
  5330
  5330
  5336
  5339
  5346
  5352
  5359
  5363
  5365
  5366
  5365
  5360
  5352
  5351
  5329
  5310
  5302
  5286
  5285
  5276
  5269
  5263
  5254
  5256
  5252
  5251
  5249
  5246
  5243
  5242
  5238
  5227
  5225
  5224
  5222
  5217
  5216
  5215
  5216
  5210
  5207
  5200
  5193
  5188
  5169
  5176
  5169
  5163
  5161
  5159
  5160
  5163
  5171
  5183
  5201
  5197
  5200
  5200
  5200
  5209
  5216
  5232
  5246
  5252
  5258
  5266
  5264
  5271
  5289
  5291
  5293
  5302
  5305
  5306
  5306
  5298
  5294
  5287
  5276
  5270
  5261
  5257
  5259
  5263
  5265
  5267
  5277
  5278
  5279
  5277
  5276
  5276
  5287
  5299
  5304
  5317
  5322
  5326
  5325
  5337
  5346
  5344
  5364
  5374
  5379
  5379
  5377
  5375
  5362
  5347
  5336
  5324
  5321
  5317
  5315
  5313
  5303
  5289
  5284
  5275
  5269
  5264
  5267
  5253
  5248
  5248
  5235
  5219
  5219
  5217
  5218
  5221
  5235
  5241
  5254
  5261
  5270
  5273
  5270
  5268
  5261
  5258
  5251
  5234
  5231
  5227
  5226
  5219
  5214
  5196
  5188
  5180
  5183
  5180
  5182
  5184
  5187
  5199
  5209
  5221
  5221
  5220
  5221
  5228
  5237
  5231
  5238
  5245
  5251
  5252
  5252
  5245
  5234
  5226
  5223
  5217
  5214
  5210
  5212
  5213
  5220
  5223
  5235
  5236
  5230
  5227
  5226
  5222
  5214
  5212
  5211
  5205
  5202
  5199
  5203
  5203
  5202
  5190
  5182
  5181
  5182
  5180
  5178
  5181
  5171
  5166
  5168
  5173
  5162
  5161
  5162
  5164
  5176
  5187
  5184
  5190
  5193
  5193
  5191
  5200
  5208
  5229
  5239
  5245
  5244
  5243
  5246
  5240
  5235
  5217
  5197
  5188
  5185
  5181
  5184
  5190
  5200
  5196
  5200
  5202
  5213
  5225
  5220
  5219
  5224
  5231
  5240
  5245
  5254
  5254
  5252
  5251
  5248
  5245
  5229
  5218
  5217
  5217
  5217
  5207
  5206
  5212
  5206
  5206
  5200
  5198
  5193
  5185
  5170
  5173
  5159
  5158
  5149
  5147
  5149
  5157
  5166
  5168
  5181
  5192
  5198
  5199
  5203
  5202
  5204
  5202
  5185
  5183
  5176
  5173
  5174
  5163
  5163
  5160
  5156
  5146
  5137
  5128
  5126
  5114
  5108
  5107
  5098
  5103
  5107
  5112
  5110
  5121
  5127
  5134
  5145
  5162
  5174
  5170
  5163
  5162
  5154
  5139
  5126
  5111
  5108
  5099
  5098
  5102
  5101
  5104
  5107
  5100
  5099
  5094
  5088
  5081
  5078
  5058
  5056
  5052
  5052
  5048
  5047
  5044
  5038
  5048
  5040
  5038
  5031
  5030
  5031
  5040
  5044
  5058
  5066
  5077
  5089
  5094
  5095
  5102
  5103
  5118
  5112
  5110
  5125
  5128
  5130
  5141
  5144
  5158
  5175
  5183
  5183
  5183
  5183
  5185
  5191
  5198
  5217
  5227
  5229
  5225
  5218
  5213
  5205
  5189
  5183
  5180
  5167
  5161
  5159
  5149
  5135
  5137
  5131
  5125
  5124
  5123
  5120
  5117
  5111
  5103
  5089
  5082
  5083
  5083
  5084
  5093
  5101
  5118
  5131
  5152
  5154
  5154
  5153
  5152
  5144
  5142
  5132
  5118
  5117
  5117
  5117
  5121
  5124
  5142
  5156
  5161
  5157
  5158
  5158
  5154
  5148
  5130
  5125
  5112
  5111
  5112
  5105
  5122
  5127
  5142
  5147
  5158
  5165
  5164
  5160
  5157
  5147
  5141
  5131
  5128
  5122
  5121
  5122
  5127
  5142
  5151
  5168
  5179
  5184
  5188
  5183
  5176
  5166
  5156
  5151
  5142
  5136
  5136
  5136
  5139
  5146
  5145
  5166
  5162
  5157
  5156
  5156
  5164
  5172
  5182
  5189
  5191
  5192
  5199
  5204
  5209
  5206
  5218
  5221
  5227
  5232
  5231
  5230
  5226
  5217
  5206
  5203
  5191
  5190
  5190
  5180
  5167
  5160
  5154
  5148
  5130
  5121
  5122
  5118
  5116
  5118
  5106
  5097
  5088
  5087
  5086
  5087
  5097
  5111
  5126
  5132
  5133
  5137
  5136
  5134
  5129
  5121
  5123
  5113
  5100
  5100
  5092
  5100
  5104
  5114
  5134
  5143
  5140
  5143
  5141
  5142
  5144
  5156
  5165
  5167
  5179
  5181
  5179
  5178
  5174
  5164
  5161
  5157
  5153
  5154
  5148
  5145
  5140
  5136
  5136
  5131
  5132
  5124
  5123
  5128
  5128
  5124
  5132
  5140
  5151
  5164
  5165
  5171
  5156
  5135
  5129
  5125
  5123
  5116
  5112
  5111
  5108
  5101
  5104
  5100
  5094
  5087
  5081
  5083
  5090
  5099
  5115
  5132
  5138
  5135
  5134
  5132
  5126
  5130
  5143
  5147
  5147
  5156
  5156
  5154
  5151
  5141
  5130
  5133
  5129
  5123
  5121
  5110
  5099
  5099
  5085
  5072
  5070
  5071
  5066
  5064
  5067
  5061
  5069
  5072
  5078
  5078
  5077
  5078
  5083
  5098
  5101
  5109
  5113
  5110
  5112
  5104
  5100
  5095
  5097
  5095
  5093
  5092
  5091
  5091
  5090
  5081
  5069
  5068
  5062
  5056
  5040
  5042
  5043
  5038
  5028
  5013
  4995
  4987
  4986
  4985
  4980
  4974
  4973
  4977
  4974
  4978
  4978
  4981
  4982
  4991
  5010
  5015
  5020
  5025
  5023
  5024
  5016
  5020
  5016
  5009
  5003
  4999
  4998
  4996
  5000
  5010
  5026
  5028
  5039
  5042
  5053
  5051
  5047
  5045
  5023
  5010
  5003
  5000
  5006
  5012
  5027
  5041
  5042
  5041
  5058
  5066
  5064
  5067
  5074
  5059
  5056
  5050
  5048
  5039
  5037
  5040
  5043
  5049
  5047
  5051
  5052
  5062
  5069
  5071
  5081
  5077
  5088
  5097
  5096
  5114
  5112
  5122
  5132
  5137
  5151
  5156
  5161
  5161
  5160
  5159
  5153
  5143
  5134
  5120
  5113
  5102
  5100
  5097
  5089
  5085
  5074
  5065
  5061
  5050
  5045
  5047
  5052
  5049
  5053
  5059
  5058
  5062
  5068
  5075
  5074
  5074
  5084
  5090
  5089
  5092
  5093
  5089
  5085
  5080
  5080
  5075
  5073
  5068
  5068
  5072
  5082
  5091
  5101
  5112
  5121
  5123
  5128
  5115
  5095
  5080
  5065
  5048
  5040
  5035
  5030
  5029
  5026
  5011
  4995
  4981
  4979
  4980
  4980
  4978
  4972
  4950
  4942
  4939
  4932
  4936
  4936
  4936
  4932
  4921
  4907
  4894
  4876
  4875
  4875
  4873
  4888
  4911
  4924
  4938
  4937
  4938
  4938
  4936
  4941
  4952
  4962
  4986
  4992
  5003
  5014
  5022
  5025
  5038
  5055
  5068
  5083
  5085
  5087
  5081
  5077
  5069
  5052
  5049
  5044
  5032
  5019
  5019
  5031
  5040
  5052
  5066
  5084
  5092
  5097
  5099
  5115
  5117
  5124
  5126
  5126
  5129
  5128
  5127
  5129
  5133
  5147
  5163
  5160
  5160
  5159
  5156
  5156
  5150
  5141
  5119
  5106
  5100
  5097
  5083
  5078
  5074
  5068
  5064
  5062
  5053
  5057
  5052
  5049
  5043
  5040
  5026
  5022
  5020
  5020
  5019
  5012
  5012
  5004
  4993
  4985
  4983
  4977
  4966
  4951
  4944
  4942
  4938
  4934
  4932
  4929
  4927
  4930
  4921
  4907
  4897
  4883
  4882
  4882
  4881
  4876
  4880
  4875
  4868
  4864
  4862
  4857
  4862
  4861
  4859
  4854
  4846
  4846
  4840
  4839
  4840
  4838
  4839
  4834
  4831
  4831
  4832
  4828
  4830
  4825
  4824
  4817
  4821
  4820
  4821
  4817
  4818
  4811
  4813
  4810
  4803
  4796
  4799
  4791
  4785
  4785
  4778
  4769
  4772
  4765
  4761
  4765
  4767
  4771
  4759
  4756
  4760
  4760
  4758
  4759
  4753
  4749
  4745
  4744
  4742
  4743
  4743
  4745
  4751
  4751
  4759
  4770
  4787
  4801
  4809
  4817
  4829
  4827
  4813
  4815
  4811
  4806
  4798
  4805
  4813
  4815
  4819
  4830
  4842
  4849
  4854
  4866
  4865
  4862
  4861
  4851
  4850
  4846
  4838
  4833
  4835
  4844
  4862
  4861
  4878
  4886
  4894
  4894
  4894
  4900
  4904
  4914
  4917
  4927
  4934
  4937
  4933
  4927
  4924
  4912
  4901
  4898
  4891
  4889
  4888
  4893
  4901
  4905
  4911
  4918
  4927
  4934
  4933
  4945
  4957
  4959
  4967
  4981
  4990
  4988
  4996
  5012
  5023
  5024
  5042
  5055
  5062
  5061
  5058
  5045
  5043
  5039
  5024
  5017
  5005
  4997
  4993
  4975
  4962
  4955
  4938
  4929
  4915
  4915
  4923
  4921
  4929
  4942
  4945
  4952
  4952
  4952
  4958
  4964
  4974
  4977
  4994
  5008
  5002
  5001
  5006
  5002
  5000
  4986
  4981
  4977
  4972
  4970
  4968
  4971
  4982
  4989
  4992
  5005
  5007
  5009
  5006
  5000
  4997
  4988
  4976
  4971
  4960
  4958
  4956
  4951
  4942
  4944
  4928
  4916
  4910
  4908
  4903
  4896
  4890
  4877
  4874
  4868
  4865
  4864
  4866
  4871
  4887
  4915
  4922
  4933
  4936
  4936
  4936
  4938
  4939
  4942
  4952
  4960
  4965
  4965
  4959
  4953
  4949
  4946
  4944
  4942
  4936
  4935
  4937
  4945
  4948
  4956
  4945
  4949
  4954
  4954
  4951
  4939
  4921
  4918
  4917
  4910
  4907
  4911
  4908
  4904
  4888
  4890
  4880
  4870
  4869
  4868
  4867
  4870
  4866
  4850
  4841
  4838
  4832
  4828
  4830
  4834
  4848
  4863
  4868
  4876
  4881
  4882
  4876
  4873
  4870
  4863
  4853
  4842
  4845
  4840
  4838
  4843
  4843
  4851
  4863
  4870
  4874
  4877
  4876
  4869
  4862
  4863
  4858
  4860
  4856
  4856
  4859
  4861
  4873
  4876
  4882
  4888
  4889
  4898
  4887
  4897
  4904
  4905
  4905
  4910
  4920
  4920
  4918
  4917
  4911
  4907
  4896
  4892
  4894
  4894
  4901
  4902
  4914
  4914
  4926
  4931
  4938
  4948
  4952
  4955
  4958
  4974
  4979
  4968
  4968
  4970
  4970
  4972
  4981
  4989
  4994
  5002
  5009
  5021
  5020
  5023
  5029
  5026
  5033
  5044
  5047
  5045
  5037
  5041
  5033
  5029
  5020
  5018
  5012
  5010
  5011
  5018
  5033
  5035
  5047
  5055
  5060
  5063
  5052
  5055
  5058
  5064
  5060
  5062
  5055
  5062
  5065
  5069
  5075
  5069
  5078
  5076
  5083
  5084
  5084
  5087
  5081
  5083
  5091
  5093
  5091
  5087
  5086
  5084
  5081
  5053
  5041
  5036
  5031
  5031
  5031
  5025
  5019
  4997
  4975
  4962
  4962
  4960
  4961
  4964
  4983
  4985
  4979
  4981
  4979
  4988
  4992
  4992
  4998
  4999
  5001
  5009
  5018
  5019
  5020
  5024
  5026
  5024
  5038
  5048
  5042
  5040
  5040
  5047
  5056
  5068
  5078
  5085
  5085
  5082
  5080
  5083
  5086
  5087
  5093
  5100
  5107
  5111
  5112
  5110
  5110
  5113
  5124
  5122
  5124
  5124
  5125
  5128
  5136
  5136
  5149
  5144
  5144
  5142
  5142
  5138
  5143
  5141
  5143
  5138
  5136
  5135
  5135
  5136
  5136
  5131
  5131
  5136
  5144
  5140
  5146
  5149
  5143
  5134
  5136
  5142
  5143
  5143
  5142
  5145
  5139
  5130
  5133
  5125
  5131
  5129
  5127
  5121
  5105
  5092
  5066
  5053
  5050
  5030
  5019
  5008
  4995
  4989
  4976
  4960
  4954
  4940
  4938
  4914
  4905
  4896
  4883
  4879
  4878
  4874
  4879
  4882
  4890
  4902
  4914
  4917
  4923
  4921
  4920
  4921
  4932
  4947
  4953
  4960
  4971
  4974
  4972
  4963
  4960
  4947
  4932
  4922
  4913
  4910
  4895
  4904
  4917
  4922
  4932
  4929
  4933
  4934
  4932
  4924
  4913
  4905
  4890
  4878
  4870
  4868
  4869
  4875
  4875
  4889
  4902
  4909
  4915
  4915
  4915
  4915
  4908
  4920
  4931
  4926
  4923
  4928
  4929
  4939
  4947
  4955
  4972
  4969
  4975
  4978
  4976
  4962
  4960
  4937
  4923
  4909
  4903
  4902
  4907
  4910
  4915
  4923
  4928
  4941
  4940
  4938
  4942
  4925
  4909
  4894
  4877
  4867
  4864
  4862
  4861
  4852
  4839
  4828
  4826
  4823
  4818
  4815
  4814
  4810
  4800
  4789
  4774
  4773
  4771
  4770
  4771
  4772
  4777
  4786
  4802
  4798
  4801
  4807
  4806
  4806
  4794
  4792
  4786
  4778
  4769
  4766
  4772
  4774
  4791
  4796
  4801
  4807
  4811
  4812
  4815
  4818
  4827
  4840
  4847
  4852
  4854
  4865
  4869
  4875
  4885
  4892
  4892
  4895
  4896
  4897
  4896
  4900
  4912
  4923
  4930
  4932
  4937
  4936
  4935
  4942
  4944
  4952
  4968
  4971
  4975
  4976
  4975
  4970
  4971
  4983
  4984
  4983
  4996
  5003
  4995
  4987
  4969
  4959
  4955
  4947
  4941
  4940
  4940
  4933
  4922
  4905
  4892
  4876
  4876
  4875
  4874
  4863
  4855
  4849
  4841
  4829
  4828
  4828
  4829
  4841
  4854
  4869
  4876
  4881
  4880
  4878
  4877
  4875
  4867
  4875
  4884
  4889
  4893
  4901
  4897
  4892
  4867
  4855
  4849
  4840
  4836
  4834
  4833
  4829
  4824
  4811
  4803
  4802
  4804
  4803
  4799
  4791
  4781
  4771
  4768
  4764
  4765
  4765
  4759
  4760
  4755
  4743
  4742
  4739
  4733
  4732
  4730
  4731
  4728
  4729
  4720
  4718
  4712
  4709
  4710
  4712
  4714
  4710
  4713
  4713
  4710
  4708
  4708
  4701
  4703
  4700
  4690
  4693
  4694
  4685
  4679
  4680
  4673
  4665
  4664
  4659
  4657
  4654
  4654
  4654
  4644
  4630
  4611
  4611
  4604
  4602
  4605
  4620
  4633
  4641
  4655
  4668
  4674
  4678
  4674
  4674
  4666
  4656
  4656
  4653
  4651
  4651
  4655
  4664
  4671
  4690
  4697
  4713
  4707
  4720
  4721
  4730
  4738
  4755
  4754
  4760
  4758
  4757
  4756
  4763
  4769
  4780
  4789
  4802
  4799
  4799
  4797
  4796
  4804
  4810
  4810
  4808
  4811
  4806
  4805
  4802
  4816
  4816
  4825
  4822
  4826
  4826
  4825
  4820
  4805
  4785
  4775
  4767
  4762
  4758
  4755
  4750
  4740
  4724
  4717
  4707
  4703
  4699
  4698
  4700
  4706
  4717
  4727
  4733
  4729
  4734
  4745
  4748
  4763
  4746
  4748
  4753
  4755
  4755
  4754
  4752
  4761
  4782
  4790
  4798
  4795
  4797
  4796
  4791
  4774
  4771
  4761
  4757
  4760
  4753
  4745
  4740
  4733
  4722
  4715
  4710
  4705
  4702
  4699
  4707
  4708
  4728
  4730
  4735
  4738
  4743
  4743
  4742
  4735
  4717
  4717
  4707
  4709
  4708
  4709
  4710
  4726
  4738
  4748
  4751
  4753
  4756
  4762
  4757
  4751
  4748
  4738
  4728
  4720
  4721
  4718
  4711
  4711
  4704
  4694
  4691
  4695
  4686
  4679
  4672
  4669
  4661
  4651
  4644
  4643
  4638
  4634
  4630
  4629
  4625
  4614
  4600
  4595
  4598
  4606
  4609
  4625
  4635
  4656
  4662
  4666
  4666
  4665
  4655
  4649
  4625
  4616
  4621
  4614
  4614
  4615
  4624
  4631
  4637
  4630
  4640
  4645
  4645
  4644
  4650
  4658
  4670
  4682
  4689
  4697
  4700
  4714
  4721
  4732
  4746
  4753
  4759
  4769
  4772
  4777
  4765
  4772
  4793
  4790
  4796
  4798
  4791
  4785
  4778
  4770
  4768
  4747
  4739
  4736
  4735
  4735
  4740
  4746
  4750
  4772
  4775
  4783
  4783
  4782
  4769
  4758
  4755
  4740
  4731
  4721
  4720
  4723
  4728
  4736
  4749
  4761
  4766
  4767
  4768
  4769
  4763
  4749
  4735
  4727
  4724
  4715
  4715
  4713
  4718
  4725
  4746
  4745
  4751
  4750
  4748
  4755
  4764
  4775
  4786
  4793
  4799
  4803
  4802
  4801
  4808
  4810
  4812
  4821
  4824
  4827
  4825
  4830
  4834
  4843
  4842
  4849
  4860
  4862
  4865
  4862
  4854
  4847
  4839
  4826
  4818
  4811
  4807
  4805
  4803
  4802
  4788
  4781
  4753
  4750
  4747
  4744
  4732
  4726
  4717
  4710
  4685
  4684
  4682
  4684
  4696
  4704
  4717
  4720
  4727
  4738
  4743
  4747
  4756
  4773
  4783
  4800
  4806
  4805
  4805
  4807
  4810
  4821
  4831
  4834
  4845
  4841
  4840
  4837
  4841
  4844
  4853
  4869
  4876
  4875
  4882
  4887
  4885
  4888
  4891
  4884
  4893
  4903
  4910
  4914
  4918
  4922
  4930
  4926
  4934
  4934
  4930
  4925
  4908
  4899
  4895
  4887
  4880
  4865
  4864
  4866
  4866
  4871
  4878
  4888
  4891
  4895
  4895
  4895
  4900
  4907
  4920
  4929
  4939
  4945
  4945
  4943
  4945
  4944
  4943
  4947
  4960
  4960
  4967
  4971
  4977
  4975
  4959
  4967
  4967
  4970
  4972
  4972
  4966
  4951
  4936
  4921
  4907
  4894
  4885
  4877
  4874
  4870
  4852
  4839
  4827
  4826
  4818
  4818
  4813
  4819
  4822
  4822
  4819
  4831
  4830
  4823
  4810
  4801
  4795
  4788
  4780
  4773
  4765
  4757
  4747
  4738
  4732
  4722
  4718
  4714
  4713
  4714
  4720
  4721
  4727
  4737
  4737
  4740
  4745
  4751
  4753
  4763
  4769
  4780
  4788
  4792
  4792
  4790
  4778
  4772
  4762
  4746
  4739
  4734
  4734
  4737
  4739
  4753
  4767
  4770
  4781
  4785
  4779
  4777
  4770
  4763
  4754
  4742
  4744
  4742
  4736
  4740
  4749
  4763
  4755
  4755
  4762
  4760
  4759
  4758
  4756
  4738
  4720
  4706
  4699
  4698
  4691
  4693
  4699
  4708
  4733
  4734
  4736
  4739
  4737
  4734
  4736
  4747
  4749
  4764
  4772
  4781
  4792
  4793
  4797
  4804
  4807
  4816
  4824
  4828
  4827
  4828
  4825
  4818
  4802
  4799
  4783
  4773
  4767
  4758
  4744
  4743
  4736
  4718
  4708
  4700
  4697
  4696
  4691
  4685
  4682
  4670
  4656
  4656
  4656
  4654
  4648
  4642
  4627
  4609
  4603
  4596
  4599
  4608
  4608
  4619
  4631
  4647
  4663
  4664
  4660
  4660
  4662
  4679
  4689
  4704
  4715
  4717
  4715
  4715
  4712
  4727
  4739
  4757
  4763
  4760
  4762
  4759
  4752
  4750
  4759
  4767
  4766
  4772
  4774
  4770
  4764
  4753
  4750
  4745
  4733
  4732
  4729
  4720
  4708
  4696
  4686
  4674
  4664
  4661
  4663
  4672
  4681
  4678
  4689
  4699
  4717
  4724
  4727
  4727
  4730
  4740
  4745
  4753
  4766
  4767
  4769
  4767
  4759
  4746
  4731
  4719
  4708
  4705
  4700
  4706
  4708
  4723
  4735
  4738
  4734
  4733
  4730
  4727
  4724
  4711
  4690
  4677
  4667
  4662
  4658
  4658
  4658
  4657
  4645
  4648
  4649
  4649
  4647
  4642
  4636
  4636
  4635
  4632
  4629
  4623
  4626
  4626
  4629
  4637
  4650
  4662
  4663
  4658
  4661
  4668
  4678
  4686
  4696
  4703
  4712
  4719
  4720
  4719
  4718
  4722
  4727
  4714
  4714
  4715
  4716
  4713
  4712
  4717
  4729
  4729
  4733
  4739
  4739
  4735
  4721
  4721
  4710
  4693
  4682
  4674
  4676
  4677
  4666
  4657
  4650
  4644
  4635
  4628
  4626
  4630
  4638
  4646
  4655
  4660
  4675
  4682
  4687
  4697
  4700
  4708
  4723
  4729
  4735
  4737
  4737
  4735
  4737
  4746
  4751
  4760
  4764
  4764
  4763
  4755
  4755
  4747
  4734
  4719
  4709
  4709
  4704
  4701
  4695
  4690
  4682
  4662
  4644
  4644
  4631
  4630
  4633
  4652
  4655
  4665
  4669
  4676
  4684
  4684
  4693
  4700
  4710
  4720
  4722
  4718
  4717
  4715
  4699
  4699
  4691
  4664
  4655
  4652
  4646
  4635
  4631
  4618
  4613
  4609
  4595
  4581
  4580
  4582
  4582
  4587
  4613
  4625
  4633
  4632
  4634
  4636
  4632
  4627
  4622
  4615
  4606
  4605
  4607
  4607
  4610
  4614
  4623
  4636
  4641
  4640
  4640
  4639
  4635
  4628
  4623
  4614
  4603
  4593
  4591
  4590
  4584
  4582
  4573
  4574
  4560
  4554
  4554
  4555
  4559
  4573
  4580
  4597
  4609
  4612
  4613
  4613
  4617
  4625
  4646
  4655
  4660
  4662
  4664
  4665
  4661
  4652
  4644
  4625
  4620
  4616
  4616
  4616
  4614
  4613
  4598
  4586
  4580
  4567
  4562
  4541
  4530
  4530
  4528
  4528
  4525
  4515
  4513
  4508
  4502
  4503
  4499
  4495
  4490
  4484
  4481
  4474
  4464
  4466
  4466
  4461
  4458
  4456
  4455
  4457
  4463
  4475
  4487
  4495
  4506
  4518
  4523
  4534
  4543
  4552
  4566
  4577
  4587
  4589
  4591
  4601
  4608
  4604
  4618
  4618
  4621
  4617
  4621
  4633
  4641
  4651
  4663
  4669
  4670
  4665
  4666
  4665
  4667
  4670
  4676
  4680
  4691
  4693
  4700
  4705
  4714
  4716
  4718
  4733
  4744
  4745
  4743
  4733
  4727
  4712
  4699
  4693
  4683
  4681
  4680
  4681
  4689
  4691
  4701
  4705
  4711
  4715
  4709
  4708
  4701
  4693
  4681
  4675
  4660
  4660
  4662
  4656
  4656
  4664
  4671
  4681
  4689
  4691
  4693
  4692
  4689
  4678
  4672
  4662
  4652
  4647
  4644
  4648
  4653
  4661
  4673
  4686
  4696
  4698
  4702
  4700
  4697
  4700
  4710
  4707
  4717
  4712
  4704
  4701
  4692
  4685
  4675
  4663
  4646
  4646
  4646
  4642
  4639
  4632
  4625
  4612
  4605
  4606
  4608
  4607
  4615
  4624
  4638
  4648
  4658
  4663
  4663
  4655
  4639
  4629
  4617
  4609
  4597
  4594
  4592
  4593
  4602
  4605
  4622
  4632
  4640
  4644
  4645
  4644
  4640
  4639
  4631
  4622
  4617
  4617
  4616
  4619
  4621
  4625
  4624
  4643
  4648
  4653
  4657
  4654
  4652
  4641
  4636
  4624
  4612
  4603
  4597
  4598
  4590
  4573
  4561
  4547
  4535
  4537
  4534
  4542
  4549
  4562
  4583
  4606
  4622
  4621
  4621
  4621
  4619
  4624
  4640
  4644
  4639
  4641
  4645
  4646
  4654
  4671
  4662
  4677
  4680
  4686
  4689
  4689
  4685
  4667
  4665
  4649
  4641
  4638
  4637
  4637
  4639
  4636
  4632
  4622
  4614
  4610
  4610
  4612
  4611
  4623
  4627
  4637
  4635
  4641
  4639
  4637
  4635
  4624
  4620
  4594
  4584
  4584
  4583
  4581
  4577
  4567
  4560
  4548
  4546
  4545
  4544
  4541
  4538
  4526
  4522
  4524
  4522
  4515
  4514
  4513
  4510
  4509
  4506
  4503
  4494
  4490
  4487
  4482
  4482
  4480
  4473
  4471
  4464
  4462
  4458
  4457
  4454
  4452
  4450
  4440
  4432
  4430
  4433
  4438
  4442
  4453
  4460
  4476
  4488
  4493
  4492
  4492
  4494
  4497
  4514
  4530
  4540
  4546
  4548
  4549
  4548
  4537
  4527
  4515
  4517
  4500
  4497
  4501
  4508
  4514
  4527
  4539
  4555
  4557
  4565
  4567
  4570
  4574
  4584
  4586
  4595
  4607
  4609
  4609
  4610
  4621
  4629
  4634
  4642
  4651
  4651
  4645
  4636
  4625
  4619
  4600
  4599
  4596
  4592
  4591
  4591
  4579
  4574
  4555
  4543
  4539
  4538
  4538
  4546
  4552
  4559
  4572
  4582
  4581
  4579
  4580
  4585
  4591
  4591
  4589
  4591
  4599
  4601
  4601
  4592
  4586
  4583
  4570
  4558
  4556
  4554
  4556
  4556
  4560
  4568
  4578
  4585
  4594
  4585
  4582
  4583
  4580
  4571
  4560
  4553
  4552
  4552
  4554
  4559
  4573
  4589
  4601
  4608
  4611
  4610
  4609
  4609
  4617
  4631
  4636
  4645
  4647
  4647
  4649
  4653
  4656
  4656
  4649
  4665
  4667
  4667
  4667
  4661
  4647
  4630
  4619
  4617
  4612
  4602
  4597
  4591
  4584
  4563
  4553
  4539
  4528
  4529
  4527
  4526
  4531
  4521
  4508
  4500
  4500
  4500
  4497
  4493
  4495
  4482
  4480
  4472
  4473
  4463
  4454
  4447
  4436
  4434
  4432
  4430
  4425
  4419
  4417
  4412
  4408
  4399
  4394
  4391
  4393
  4391
  4393
  4391
  4383
  4370
  4375
  4363
  4356
  4354
  4354
  4362
  4375
  4401
  4419
  4425
  4429
  4428
  4427
  4434
  4449
  4463
  4475
  4495
  4493
  4493
  4492
  4487
  4476
  4469
  4464
  4459
  4458
  4449
  4445
  4431
  4429
  4427
  4424
  4423
  4421
  4421
  4420
  4417
  4400
  4402
  4394
  4385
  4376
  4378
  4382
  4397
  4412
  4431
  4450
  4466
  4473
  4473
  4471
  4470
  4489
  4498
  4499
  4506
  4507
  4500
  4499
  4495
  4486
  4474
  4474
  4468
  4466
  4466
  4463
  4473
  4477
  4487
  4496
  4501
  4508
  4511
  4509
  4509
  4497
  4490
  4478
  4474
  4472
  4470
  4469
  4466
  4452
  4455
  4456
  4451
  4444
  4436
  4431
  4435
  4428
  4421
  4414
  4410
  4406
  4406
  4405
  4408
  4410
  4423
  4437
  4448
  4446
  4446
  4445
  4448
  4457
  4467
  4479
  4491
  4500
  4505
  4511
  4503
  4507
  4518
  4522
  4532
  4536
  4541
  4546
  4558
  4564
  4576
  4584
  4585
  4590
  4591
  4590
  4580
  4564
  4547
  4537
  4533
  4525
  4523
  4523
  4519
  4508
  4497
  4479
  4468
  4464
  4459
  4461
  4463
  4458
  4447
  4438
  4433
  4434
  4433
  4433
  4433
  4426
  4422
  4418
  4421
  4412
  4409
  4398
  4399
  4394
  4396
  4389
  4394
  4391
  4388
  4383
  4389
  4397
  4418
  4420
  4425
  4428
  4428
  4425
  4419
  4415
  4415
  4406
  4404
  4406
  4396
  4385
  4383
  4379
  4370
  4356
  4345
  4344
  4340
  4327
  4325
  4318
  4322
  4317
  4320
  4316
  4315
  4317
  4321
  4332
  4348
  4359
  4365
  4376
  4385
  4380
  4390
  4403
  4421
  4429
  4433
  4440
  4446
  4452
  4456
  4466
  4478
  4485
  4499
  4509
  4512
  4511
  4509
  4498
  4492
  4486
  4475
  4468
  4464
  4471
  4476
  4483
  4491
  4501
  4506
  4516
  4518
  4507
  4504
  4503
  4498
  4497
  4486
  4481
  4478
  4477
  4485
  4492
  4509
  4522
  4522
  4528
  4529
  4530
  4519
  4514
  4494
  4485
  4480
  4478
  4477
  4472
  4471
  4461
  4449
  4437
  4439
  4433
  4431
  4432
  4432
  4446
  4462
  4473
  4486
  4491
  4489
  4490
  4492
  4495
  4506
  4525
  4525
  4537
  4537
  4542
  4543
  4551
  4561
  4568
  4579
  4578
  4577
  4578
  4576
  4583
  4592
  4601
  4613
  4616
  4614
  4613
  4614
  4619
  4620
  4628
  4643
  4651
  4653
  4655
  4661
  4662
  4661
  4658
  4657
  4657
  4656
  4659
  4665
  4666
  4670
  4671
  4675
  4672
  4672
  4674
  4674
  4680
  4694
  4693
  4685
  4693
  4693
  4692
  4685
  4676
  4672
  4652
  4640
  4627
  4617
  4615
  4608
  4602
  4585
  4571
  4562
  4556
  4556
  4555
  4561
  4567
  4574
  4579
  4589
  4587
  4583
  4572
  4561
  4549
  4547
  4532
  4521
  4513
  4502
  4499
  4499
  4498
  4486
  4483
  4479
  4474
  4471
  4471
  4481
  4493
  4501
  4514
  4528
  4529
  4521
  4524
  4520
  4517
  4510
  4501
  4490
  4489
  4489
  4489
  4485
  4476
  4449
  4434
  4430
  4422
  4412
  4413
  4418
  4418
  4441
  4447
  4445
  4453
  4456
  4456
  4450
  4442
  4430
  4420
  4419
  4419
  4421
  4428
  4434
  4442
  4459
  4464
  4473
  4476
  4479
  4478
  4478
  4469
  4463
  4457
  4449
  4444
  4442
  4442
  4438
  4425
  4419
  4404
  4392
  4392
  4392
  4393
  4399
  4408
  4418
  4429
  4434
  4442
  4445
  4450
  4435
  4427
  4418
  4418
  4416
  4408
  4415
  4421
  4428
  4436
  4455
  4470
  4480
  4490
  4491
  4484
  4495
  4505
  4520
  4528
  4540
  4543
  4543
  4542
  4542
  4544
  4553
  4569
  4575
  4583
  4584
  4584
  4577
  4565
  4554
  4540
  4528
  4517
  4507
  4500
  4487
  4480
  4478
  4471
  4462
  4459
  4452
  4440
  4431
  4423
  4408
  4399
  4387
  4388
  4389
  4388
  4402
  4417
  4433
  4449
  4460
  4468
  4469
  4469
  4470
  4476
  4479
  4481
  4485
  4498
  4506
  4519
  4531
  4530
  4533
  4545
  4551
  4548
  4547
  4542
  4534
  4526
  4510
  4504
  4499
  4498
  4498
  4498
  4495
  4480
  4475
  4468
  4459
  4449
  4446
  4443
  4448
  4459
  4466
  4472
  4475
  4480
  4487
  4490
  4500
  4506
  4517
  4520
  4531
  4534
  4531
  4526
  4522
  4513
  4493
  4481
  4469
  4464
  4462
  4460
  4458
  4450
  4441
  4436
  4432
  4420
  4411
  4402
  4388
  4389
  4385
  4383
  4382
  4375
  4366
  4365
  4358
  4350
  4345
  4334
  4334
  4328
  4327
  4326
  4329
  4324
  4324
  4325
  4309
  4306
  4305
  4304
  4304
  4295
  4291
  4282
  4287
  4279
  4280
  4285
  4288
  4306
  4314
  4320
  4331
  4339
  4346
  4350
  4357
  4367
  4379
  4389
  4403
  4406
  4414
  4422
  4430
