     0
   281
   279
  3285
   851
 -1850
 -1381
  -237
  -481
 -2492
   587
   437
  4619
 -1123
   914
  -249
 -2085
 -1188
 -4476
 -2006
 -3260
   781
  1660
   371
  1582
  -919
 -2417
  2228
 -1471
   251
 -1068
  2790
   132
 -1792
 -1978
  2072
  2098
 -1277
  2980
  3784
  4853
  8097
  6651
  5612
  5167
  4129
  8577
  4800
  1553
  5726
  4932
  5842
  5699
  2928
  5079
  3992
  2458
  3978
  3952
     1
  2801
  3484
   899
  2153
  7796
  4975
  3247
  4764
  5735
  3887
  1129
  3060
  2532
  4794
  2128
 -1227
  4590
  3539
  2329
   485
  2243
   122
  3829
   713
  2191
  4071
  -800
   281
  2031
 -1314
  2998
  2292
  -823
  1817
 -1129
 -3005
 -5750
   -41
 -2736
  -971
   729
  -201
  -755
  1766
   332
  3641
  -603
  1634
  2513
   -52
  3421
 -1600
  3337
  1283
  1430
 -1019
  2622
  3088
  2747
  -780
 -1060
  1291
   234
   273
 -1699
 -1466
  2432
  -317
 -2555
  -683
 -1411
   443
 -1824
 -1903
 -2155
  -689
   263
  -451
 -1743
  1195
 -1177
  2002
  2739
 -1130
   980
  1452
 -1743
  4722
  1731
 -1079
 -2718
  1334
   926
  -322
  1035
 -2434
   327
  3723
   817
   467
  5395
  1045
   -28
  1754
  1931
  -672
 -1626
 -3019
 -1009
  -375
 -1178
 -2637
   485
   780
  1340
  2250
 -1826
  1563
   331
   541
 -1344
  1832
 -1052
  -724
 -1816
  2637
  2380
   419
   283
 -1416
  -448
  2893
  -647
   522
 -1850
  1270
   524
 -1981
  1231
 -3133
 -2225
  1083
  1338
  1942
 -2027
  2021
  -178
    -1
   432
   462
   155
 -2162
 -1698
  1628
 -1321
   948
  -480
  1969
 -1041
  -859
 -1418
  3566
  2392
  2656
   934
  1683
   322
  -191
  -925
  -107
  1135
  -395
   257
 -1232
   425
 -3199
  -345
 -1159
   109
 -2975
   123
  -940
 -1013
  -499
   167
  -784
  -234
 -2038
 -1981
  1703
   949
  1622
  3569
 -1846
 -1676
   374
  1511
  -554
   546
 -1366
 -3139
  1920
  -861
  -226
 -2610
  1883
  -752
  1020
  -727
 -2488
   986
  2433
  1850
  5546
  2175
   277
  1803
  -488
    37
 -2916
  -974
   747
  2549
  1077
  1428
   146
 -2335
   461
  1754
 -2739
    74
  -696
  3112
  -822
   844
  2261
  2162
  1995
 -1269
  -103
  3592
  -691
   296
  2641
  2636
 -1793
  -246
 -1038
   -48
  -461
 -1251
  2061
 -1206
 -3929
  2899
  1658
 -1689
 -2818
   574
 -2059
 -1676
  1128
  1371
   527
   -38
  1444
   674
  -743
 -1655
 -4626
   419
 -1457
  -268
 -2443
 -2603
   -31
  1127
  2330
  -117
  2308
  3586
  1209
 -2605
  -186
   429
 -1245
    35
  -844
  -579
   645
 -3464
 -2054
  1954
   296
  1234
  -368
  -980
  -785
 -2255
 -4000
  -218
 -1140
 -2119
 -2108
   410
   327
  1382
   756
 -3360
 -1319
   143
   865
 -1103
   577
  3370
   573
  3338
  1745
 -1852
   695
 -3109
 -2474
   641
  2365
  2187
   618
   993
 -2515
  1839
 -2338
 -4210
  2065
  -897
  3312
  2523
  3160
  2589
 -3291
 -2701
   767
  1096
   805
 -1111
   309
   952
  1355
 -1168
  1520
   -62
  1724
    64
  -625
  -832
 -2274
  2141
   924
  -827
  1170
   902
 -1436
  1582
 -1053
  -179
   943
 -1178
  1865
 -2152
  1818
 -4606
  2380
 -2425
 -2528
  -368
  1181
 -1436
 -1212
 -1252
  -143
   709
   914
  -117
 -2974
   607
  -987
  1180
 -1055
 -2793
 -1513
 -1794
  -211
 -1838
  -576
   949
  -806
  3275
 -2240
   209
  1293
  -827
  -779
  1492
  1880
  -336
  3390
  -651
  -803
  -381
   649
  -581
 -1571
 -2633
 -1185
 -2483
 -1337
  -314
  1803
 -2003
  2255
 -1265
 -1858
  1115
 -1238
  1894
  -581
  -471
  2105
 -1371
  6136
  -314
   430
  2805
   579
   872
  1077
   -60
 -3330
  2901
  1112
 -1081
   426
    64
  -292
   991
 -1081
  1504
   627
  1546
   856
   -25
   448
  4585
  2469
 -2227
 -2494
  1171
 -2356
   283
 -2613
 -4585
   621
   731
  1304
  2074
 -2276
 -1254
  -262
  2636
 -2681
 -2104
  2471
    80
   487
  -158
  3045
  -511
  -190
  2405
     9
 -2887
 -1094
  -622
   690
 -2120
  2900
 -1088
  -734
  -733
  -709
 -1624
    -2
   378
  1159
  3569
  -223
  -324
   798
 -1969
  1737
  -950
  1479
  -347
  -475
  1722
  -183
  1133
    98
  1045
  1419
  -118
  -590
   -39
  -451
  1128
   -63
 -2160
  1461
  1865
  1725
   902
  -107
 -1693
 -3112
  1211
 -2076
   161
  -935
 -1943
  1175
  -442
  1291
 -4040
  3001
  3907
 -1998
  1315
 -1775
  1469
  2093
 -2250
  1951
  1912
 -1330
  -366
  -970
   414
 -1923
 -1486
 -1526
 -2949
  2738
  -452
  1834
  2459
   -32
  -519
   862
 -2530
   354
  1503
 -1566
 -1507
  2828
  -662
 -2575
 -1063
   932
   889
  -407
  1904
    77
 -2623
  1016
  1227
   439
  1513
  1967
  -131
    79
  1552
   686
  -629
  -371
 -1671
  -672
 -3483
  -160
 -1589
  -852
 -1098
 -1435
 -1401
  2253
  1548
  2269
  1558
  1296
 -2122
  -160
  -426
 -1473
  -467
  2045
   155
 -1266
  -458
  1586
 -1006
  1850
   358
   149
  2073
   205
  -363
 -1754
   180
  -493
   -17
  2304
   294
  1911
 -1265
  1103
   548
 -2712
 -2260
  -185
 -1621
 -1905
  1008
  -167
  3057
  1083
   625
  1260
  2583
 -1674
  1378
  1285
   148
   112
  -699
  2366
   -33
  -720
 -1192
  -801
 -2699
 -1016
   948
  -486
  1235
 -1510
  1298
   298
 -1062
  2402
  1245
  1395
 -1287
 -1218
  -873
  1128
    26
  -133
   645
   228
 -1571
  1142
 -1758
  -579
  1296
  -503
  -908
  -458
 -2054
   721
  2204
 -1559
  1387
 -4764
 -1183
  -622
   678
  2777
  1724
  -154
   482
   103
  1952
  -900
   383
 -1069
   473
  1563
  -650
  -892
 -1462
  -900
  2606
  1132
    56
   938
  2857
 -1126
  -992
  1020
  1921
 -3764
  -337
   260
  1116
 -1967
   946
  1225
 -2021
 -2847
   231
  2939
   449
 -2930
   940
  2453
 -1753
  1443
  1240
  -732
   251
  2892
   299
   135
  -552
 -1899
 -1726
 -2527
  1105
  -930
 -1547
  -285
  1567
   472
  2031
 -2470
 -2676
  1854
 -1154
  1764
  1286
   106
  1439
 -1298
 -1153
 -1024
  -167
 -2210
  -565
 -2849
  1653
   619
 -1427
 -1677
  1059
  -690
   919
  1543
  1800
  1319
   301
   380
   638
  -137
 -2145
   385
 -1589
   516
 -1282
  1983
   749
  -199
   365
  2011
  -426
  -199
   120
  1186
 -1447
   269
  1935
 -1198
  -925
  1691
 -2765
   441
 -2511
   744
  2552
  -467
 -1982
 -1690
   954
  1335
    70
 -1225
  2999
   -46
  -702
  -328
  2580
  2331
   274
  1043
 -1105
   645
  2579
 -1841
 -3821
   673
  -807
 -2229
  1159
  -192
   201
  -640
 -1080
  1550
  -731
 -1618
   709
  1418
 -2038
   728
   -21
  -335
  2768
 -2329
  2264
 -2607
  1140
 -1499
  -424
   141
    90
   600
   228
   368
  -404
 -1344
   -53
  -257
  1395
  1359
  -768
 -1539
  1085
   654
  2984
  1413
  1690
 -1331
   848
  1427
 -2991
 -1612
  -263
  1253
   230
   122
   880
  3343
  -343
  -314
   762
  -473
   822
  2581
  -934
   657
   839
  -124
 -3277
  -734
   479
  1359
   374
  1348
 -1138
  -164
   146
 -1706
   940
  -817
 -1007
   283
  2140
 -1286
  -374
  1511
   171
  1740
  -569
 -2732
 -3147
 -3934
  1153
   797
 -1131
   366
  1968
   474
   878
 -3792
   425
  1063
   912
  1486
  1630
 -1492
  2079
  1647
  -802
   404
   645
  -257
  -612
    59
  1415
 -1800
   384
 -2055
  1265
  2957
 -1172
   862
 -1742
  2039
 -1513
 -3160
  1554
   918
  -870
   901
 -1884
  -507
  -857
 -1475
 -2626
  4076
   881
    37
 -2703
 -1283
   774
  1658
 -3048
   488
  -452
 -2730
  1225
  -144
 -1009
  2050
 -1347
    42
  -717
   489
 -1603
  2014
  -136
  -125
   310
  -313
  1382
  -736
 -1898
  2369
  -664
 -2869
   364
  1726
  1359
  1106
  -991
  -299
 -1041
   263
   820
   777
   -78
  -216
  1064
 -1765
  1622
  2249
  1213
   -94
 -1120
 -1602
   930
   289
  2195
  1145
 -1916
   -80
   558
 -1192
  2771
 -2468
  1167
  -504
   363
   771
  -180
  -304
  -669
  1283
  -768
  1620
  3154
  2008
   -50
    94
  -392
 -1276
  2779
  1436
  1228
   128
  -178
  2451
 -2833
     5
   233
  2407
   198
  3398
  1511
   630
 -2263
 -2014
  1593
   219
  -986
  -256
   264
   736
   319
   -73
   -25
 -1124
  1838
 -1021
   743
 -1771
   139
  1054
   114
  -128
  2148
  -610
  1235
   241
 -3331
    89
  -924
   284
  1417
  -496
   270
  1009
  -213
  -290
   407
  1817
 -2217
  1575
  2300
   995
   794
  -618
   495
   508
  -149
  -365
    82
  -868
   402
   173
  1254
 -1484
   231
 -1042
 -4691
  1806
  -145
  -146
 -1650
  2133
  -695
 -3744
  1204
  2540
 -1988
  -920
 -2558
  1162
   803
 -1612
 -1347
  -947
   451
   841
 -2085
  -953
  1922
  2663
 -1451
   623
  -356
   273
  -887
   -93
   236
   184
 -2425
 -2370
  1164
   349
 -1594
   235
  -843
 -1723
   187
 -1682
 -2975
  1053
  2185
   949
  -263
  1123
  -571
   395
   600
   785
  -347
  2061
  -839
 -1038
   781
  -951
 -2323
   508
 -3322
  1941
   566
  1233
  1763
   491
  1291
  -786
  3576
   404
  -382
   812
   716
  1032
   818
 -3175
   664
  2831
   -98
 -1083
   428
  1197
  1213
  1504
    48
  1015
  2692
 -2490
 -3301
 -1349
  -588
   865
  3049
 -1922
   190
  2651
   644
   787
   816
   305
   167
 -1581
 -2029
  1144
  3867
  1157
  -763
 -1041
   313
  -558
  2290
 -1716
  -699
   957
   556
  -734
  -284
  1453
 -1174
  -497
   768
   229
  2074
 -1808
  1241
  -239
  1026
   832
   934
  1144
  -415
   394
  -409
  1772
  -666
   659
   946
 -2130
 -3082
   838
  1197
  -996
   659
 -1535
  -498
   883
   259
   528
   479
  1585
  -627
  2057
   893
  -555
   486
  2761
 -2198
  1434
  1028
  -574
  1423
  1389
  1198
  1923
 -1119
 -1199
   295
  4129
  -443
  2724
  1417
 -3409
  1479
  1326
 -2497
   917
  -785
   -48
  1886
    58
  1751
 -1632
 -1060
 -1161
  -953
  -196
  -589
   417
  -314
 -3463
 -1864
   759
   183
   268
  -516
  3272
   -21
 -2709
  -262
 -1739
 -1073
 -2368
 -1146
  3593
  1215
   285
  1473
   429
   263
   653
  -361
   426
   837
  3733
  -441
 -4183
  1798
  -774
  -634
 -1080
  1607
 -1016
    84
  1805
  1208
   286
  -937
  1461
 -1574
 -2434
  2287
   833
  -506
   -76
   760
  1088
 -2841
   621
  -235
  1536
  -978
 -1199
  -978
  -435
  -110
   590
  3694
 -1820
   439
   329
 -1940
  -148
  1564
  -912
  1010
  1184
 -1432
  2243
   562
 -1033
  -362
  -535
   366
  -287
   539
  -759
   476
 -1880
  2479
  1111
  -881
   812
   344
  1141
  1571
 -1041
  4729
  -366
   248
  -972
 -1091
  1678
  1018
  1054
 -1671
 -1454
  -677
   135
 -1100
  3416
  -133
   147
 -2880
  2548
 -1393
 -2582
   795
 -1191
  3323
   150
  2642
  -394
   175
  1205
   282
  -709
 -2130
  -972
  1061
   -46
  -394
  -141
   554
 -1305
  1140
 -2310
    17
    72
  -714
  -700
  -527
   385
 -2136
    57
  1072
  -248
    79
 -1276
  -806
   177
  -519
  1330
  -706
 -2567
   617
   148
  -779
   480
 -1293
   250
 -2756
   811
  2540
   512
 -2273
 -2993
  1347
 -1533
 -2149
   185
   582
   699
   325
 -2397
  1082
 -1159
  1283
 -1445
   781
  -798
  1479
  -628
   470
  -197
  -162
  2091
   180
  1594
   636
 -1210
   954
 -3465
   838
   696
  -477
 -1016
  -202
  1078
   880
  1642
   257
  1618
  -204
 -1521
   215
  -991
   387
 -1387
   -49
  -893
  1107
   174
  -481
  2422
  1089
  1740
   898
  -841
   287
  2089
  1442
  -794
  1080
  2033
   170
 -1108
 -2929
  1017
 -1240
  1174
  -652
  -514
  2067
   190
 -1493
  -209
   652
  2367
  1230
  -249
   853
  1538
  1751
  2714
  1840
   -28
  2199
   562
  -647
   337
  1222
  1142
   659
 -1101
  1939
  -718
   -77
  1158
  1128
 -1867
  2977
  2898
  -907
  1516
   705
    45
 -1380
  2139
  2964
   783
  2604
  2681
  -345
  -454
  1159
  2617
   354
  1236
   452
 -1140
 -1194
   812
  1638
   606
  1073
  2619
  -431
  -738
  -645
   492
  -337
   912
   188
  2208
  2037
 -1122
  -464
    62
  -150
  -808
  2683
  -325
 -1021
   360
  2050
 -2395
   -35
   646
   874
   173
 -1144
  -684
 -1150
   549
 -2328
  -539
  1554
 -2704
  2802
  3034
   830
  2117
   649
 -1637
 -2767
  1569
 -1729
   100
  2647
   336
   662
 -1431
  1540
  -532
    -7
 -1638
  -780
 -1026
 -1661
   -10
  1948
  1213
 -2307
   112
  1852
  -627
  -929
  -367
 -1020
 -1267
  1374
   762
 -2124
  -248
  1019
 -2380
  1364
  1173
  1443
  2012
 -1338
   811
  1036
  -615
 -1197
    58
  -984
   722
    68
  -905
   444
  1058
   288
    48
  -458
 -1687
 -1369
  -457
  1305
   698
  3744
  -365
  -177
  -178
   757
  -689
 -1015
   203
   806
    77
   180
  1149
  1299
  1489
 -1971
  2036
    74
  1592
  -241
   268
  -546
  -326
  -676
 -1558
   898
  -504
  -384
   614
   844
  1740
  -805
 -2343
   584
   604
 -1818
  1047
  -185
  -797
   736
   796
  1329
   775
  1166
   657
   837
  -114
 -1276
  -361
    87
   145
  2730
 -1074
 -3276
  -477
  1915
 -1023
   557
 -1641
 -2572
 -2353
 -1334
  1233
   728
   423
  -321
   165
  2333
   629
  1273
   944
  1249
    14
 -1330
  1239
  -814
  -234
  1229
 -3075
 -2066
 -1976
 -1118
   702
  1150
   916
    44
   217
  -610
  1886
   843
  1564
  -913
    -7
   965
  1537
 -1142
  1848
  -121
   962
   397
   853
 -2268
  -493
     5
  1162
  -230
  -487
   410
  2063
 -1330
  2031
   557
  -675
   337
   147
   352
 -1800
 -1924
  -811
 -1734
  -871
  2878
  1011
  1452
  1233
 -2953
  -385
   628
   108
   194
   992
 -1122
  -586
  -998
   488
  1069
 -1250
 -1571
 -1604
 -2949
  -692
   158
 -1502
  1324
  -200
  -583
  1370
   743
  -531
   313
  1428
  -174
  -663
 -2095
  1300
 -1457
  -423
 -1328
   509
   720
  1474
  -718
   381
   364
  1921
 -2369
  -648
   815
 -1471
   841
   437
   209
 -1004
  -187
   129
   160
  -967
   285
 -1972
  1368
  -666
   802
  1843
   298
  -182
   186
   795
   997
 -1311
  2305
 -1341
  2665
  -733
  1928
  2042
 -2733
  1857
  2950
  -375
    56
   563
  -559
  -495
   863
  -756
  1521
 -1177
  -140
  1193
 -2976
  1160
   299
   913
   201
   965
  2217
 -1399
   758
 -3945
  2534
  1695
 -1035
  3482
  -869
  -227
   890
  1733
  -128
  -607
  -692
  1172
 -1283
  -896
    17
  1162
 -1264
  -982
  2401
  1444
  -922
 -1672
  -148
  -650
 -1353
  1680
  2929
  -871
 -2482
   299
  1530
   636
    61
   535
  1138
  1770
  2219
  -626
   787
   494
 -1943
  -477
   632
   771
  2296
   379
 -1115
 -1069
   -45
  1242
   332
   425
  1753
 -1570
 -2525
    -1
  1241
    78
  1783
  1594
   215
   124
   488
 -1099
  -561
  1710
 -2296
    52
  1596
   554
   178
 -1382
 -1231
  1284
  -230
  1625
   841
   991
  1101
  3380
 -1768
  2369
  2536
  2750
   224
   599
 -2580
   -24
  -723
  -993
 -1114
   517
  1659
 -1150
   337
 -1867
   151
  -805
  -609
   -35
   -80
  1332
  -190
   939
   512
  1265
  -763
  -775
 -1038
   706
  1634
 -1016
   575
  -700
  1130
  -879
  3000
   638
  -648
  1736
  1160
   250
   792
   -35
  -566
 -1334
   856
   932
   302
   980
   995
  1610
   278
   972
  2123
   387
   -99
  1179
 -1087
  1084
   699
 -1542
   199
  -863
   434
  -664
  -191
  2370
  -925
  -376
  -763
  -126
  1109
   968
   417
  -715
   962
  1092
  -712
   702
  1000
  1276
 -2345
  -614
  1449
 -1346
   134
    15
  -544
 -2269
  1567
 -1563
    51
  2208
   200
   824
  -280
   221
  -497
  -123
   -55
  -309
   396
  1373
 -1338
  -317
 -2228
   436
 -1003
   284
   194
  -534
 -1020
  -788
  -758
  -334
  -130
   992
   975
  1925
  -910
  -801
 -1317
   -46
  -144
  -159
 -1591
   164
   671
  1219
  -262
 -1514
  -981
   800
  -495
   102
  2046
  -803
   693
   890
  1380
  1741
  -287
 -1185
   314
  1866
  -984
   744
  -882
  1261
 -1510
   804
   -39
     1
  -360
   114
   773
  -470
  1611
  -318
  2595
    62
  2108
  -954
  -591
  2185
   233
  -979
 -1469
  -815
  -905
  -305
  -465
 -1377
  -373
 -2287
   432
   931
  -449
  2359
   394
 -1380
  -921
  1472
 -3222
  -996
  3664
  -568
 -1441
   777
 -1356
  -391
 -2369
  -675
   777
 -1197
  1584
  -163
  -777
  1455
    98
   118
 -1672
  1376
   465
 -1516
 -1566
 -1141
   561
   587
   427
   761
  2565
  -496
   162
 -2239
   642
 -1385
   399
 -1274
 -1372
 -1797
  3754
 -1335
 -1173
 -1400
  -661
 -1768
  -378
  2301
 -1283
  2383
 -1178
 -1761
  -173
  1102
   -65
    17
   369
  1463
   552
   503
 -1739
   889
    29
 -1026
 -1207
   930
   552
  4055
    -7
 -2730
  1222
   462
 -1021
  1152
  -199
  1157
  2703
 -1119
  1793
  2228
  -630
 -1082
  -681
 -1105
   563
 -2207
 -1192
   739
   609
   109
 -3180
   922
  -322
  -212
 -2488
 -1577
  1858
  -985
 -1049
   378
   541
    51
    83
   747
   844
  2061
   997
   605
   -95
  2246
   307
  -812
  1132
  1866
  -380
   625
   957
 -1365
  1304
  -954
   730
   606
  -632
  -544
  1940
 -1532
  -645
   989
  -586
  1032
   873
  -866
 -1053
  1289
  1269
 -1252
 -1232
 -1073
  -620
   920
  -314
  1594
  -503
  -573
  1805
  1856
   534
  -371
  1030
 -2261
 -3108
  2162
  -398
  -255
 -1423
   756
  2014
     3
   157
   595
  -712
   527
 -1010
   130
   882
  1469
   216
  2058
  -474
   618
  1100
  -560
   966
  -486
  -512
  -112
   765
  -332
  1274
  -541
  1287
  1732
   223
   620
 -2595
   281
  2563
  2376
  1268
   336
  -213
  -995
   -35
  -204
  -341
   703
  -661
  -842
  2292
  1075
   -80
  1399
   -89
   136
  1425
  1584
 -1242
 -2107
  -393
   327
 -1700
  1550
  -260
 -2553
 -1262
  1344
  -889
 -1961
 -1034
 -1409
 -1076
  -480
  -627
  -305
  -963
  1868
 -2156
 -1949
 -1440
  1949
   568
   766
   185
 -1012
  1053
   619
  -625
  2248
   779
 -1914
   815
   782
  -396
  -676
 -1429
 -1377
   191
 -4658
   788
  1043
  -356
   -36
  -862
   359
 -2664
 -2035
   652
 -1272
   558
  1785
   968
  -816
    46
   651
  -339
   494
  1048
 -2013
  -373
  1755
  2025
 -2050
 -1102
   926
 -1622
  2341
  2197
   372
   878
   400
  1587
  -402
   712
  -297
   692
  -152
  -214
 -1008
  -574
  -111
  -277
    79
   410
  -910
 -1047
  2302
   730
  1431
   371
  3122
   655
 -1587
   654
  1243
 -2044
    23
   -35
   966
   577
   348
  1065
 -2420
  -667
  1468
  -471
 -1190
   454
  -671
 -3585
  2468
  -221
    67
  -968
  -781
   -95
   488
   886
    36
  1226
   111
   271
  1482
   719
  -493
  -958
   520
     5
   638
 -1267
   256
   329
  1478
  -261
  -753
  -113
 -1046
   523
  -584
    92
   527
 -2433
  -663
   720
  -193
  -622
   550
 -1234
  -643
 -1155
  -873
 -2136
 -1974
  -888
   118
 -1149
  2154
 -1386
   359
  -741
   409
   540
   199
  -873
  -705
 -1569
 -1270
    86
  1926
   268
  1273
 -1025
  -224
  -396
  1164
   653
  -738
   107
  -591
    95
  -227
   681
  -339
   174
  1807
  -104
  1281
   150
  1425
  -745
   913
   -20
 -1430
  1415
  -558
  -645
   546
  1723
  1217
  -982
   982
  -185
    63
   157
 -1618
  -832
  1361
   530
  -311
  -601
  1360
 -2661
  1467
  -672
 -1960
 -1655
   467
   163
  1982
   671
   494
   910
  1833
 -1362
   -49
   841
 -1374
   140
 -1554
 -1632
    65
 -1137
  -899
  1679
   -76
  1068
  -537
  -337
   -48
   621
  -609
   449
 -2069
   615
 -1288
   179
  1010
 -1457
 -1404
   450
    95
    10
 -1091
    13
   848
 -2406
 -1550
  1197
  -843
  1142
 -1201
   145
  2618
  -168
   -46
  2459
   613
 -1320
   532
   598
   649
   125
  -982
  -639
   167
   881
  1201
 -2083
 -1602
  -608
  -110
  -634
 -1653
  -679
 -1102
 -1164
 -1588
 -1144
  1366
  1580
  1855
    55
 -3097
 -1601
   547
  -864
   239
  -712
   120
 -1039
   786
  -169
  -924
  1530
  -225
   476
   382
   235
  -672
   914
  2323
  1073
   -37
   535
   193
  -812
  -376
   299
   669
   314
    98
   975
  -164
  2068
   -54
    64
   607
  -908
  1425
 -1262
   -90
 -1844
   117
  -484
  -641
 -1050
   -41
 -2750
  -520
  -734
   901
 -2049
   940
  1450
   450
   359
 -1333
    30
 -1074
  -222
  -105
  1108
 -1216
   375
  -848
   853
    80
  -932
    24
  2300
    18
  -968
  1456
   534
    63
   498
   -80
  -712
  -570
  2010
   568
  2487
   538
   157
   -64
  1082
   522
  -571
   578
 -1020
  3117
  2537
  1679
   563
  -448
  1945
 -2205
    46
   100
 -1118
   925
  2020
  -917
   261
   167
   842
    58
    41
  -592
   403
  -108
   887
  -257
  1771
 -1139
  1702
   889
 -1174
   713
   317
  -199
    16
   380
   387
   866
 -1288
  -535
   -44
   607
  -920
   132
 -2010
 -1227
 -2545
  1735
   643
  3894
   -39
  -120
   622
  -116
   360
  -994
   824
 -1037
  -120
  -787
 -1720
  -105
   550
   240
   605
  -863
  1654
  1055
 -2399
  2064
  1142
   700
   736
  -132
  1189
  -156
 -1571
   959
   452
   472
   213
  -549
  -735
  1011
  -569
  -919
  -941
   524
  -490
 -1231
   499
   888
   981
    92
  -205
 -1459
   115
   932
  1507
  1741
  1515
  -190
   620
 -2589
   526
  -855
   887
  2594
   941
  2596
   281
  -310
  1956
 -1012
  2267
  -207
  1067
  -397
 -1497
   477
  -343
 -1096
  -350
  1468
  -889
 -1101
 -1173
   329
  1099
    26
   673
   969
   695
   -69
  1216
   -99
  -241
 -1349
  1235
  1446
   663
  -872
   607
  -226
  -718
  -165
  1147
  -955
  -868
   608
  -503
  1811
 -1512
    15
  1360
   717
  -711
  -203
   997
 -1634
   881
   798
    40
  1458
  -635
  1244
  -117
  -576
  -598
  -188
  2307
 -1361
   149
  -315
  1484
   933
  -962
  -361
   485
 -1216
 -1645
  -990
 -1048
  2732
    80
   151
   169
  -631
   573
   658
  1915
  -327
  1906
  -483
  -303
  -446
  -436
  -231
  -997
  1171
  1765
   498
  -422
   339
  -165
 -1825
  1693
 -1282
  -127
  -719
  1931
   861
   524
  -788
   139
   790
  1284
  1530
  -164
   193
  -325
   983
 -1084
    84
   128
   133
 -1273
  -917
 -1928
  1796
  1950
   249
   170
  -431
 -1617
  1481
   455
   800
  -672
  -266
 -1917
   804
   204
   784
  -330
   858
  -625
  -517
 -1378
  -612
   380
  -277
   -56
   716
  -596
 -1076
 -1010
   350
  1408
   680
  -173
  -235
   -10
  -822
  -788
  1892
  -944
 -1382
   155
   194
  -937
 -1660
  -591
 -2073
 -2546
  -125
 -1041
  -105
  1008
   -30
   279
 -1836
  -658
    -3
  -302
   -52
   859
   545
  1260
  2977
  -490
  -544
  -480
  -131
  2124
     0
   268
   495
   511
  1245
   111
  1491
   513
   679
   380
  1450
  1009
 -2042
  1797
  1153
  -258
  -341
  -530
  -436
  1433
    97
  2310
   167
   545
  -365
   202
  1015
 -3306
  -622
   492
  -292
  -387
  -419
   330
   606
 -1089
 -1295
   187
  -145
   584
   999
  1292
   957
 -1300
  -890
  -774
 -1010
  -823
   171
 -1273
   361
  -630
    44
   675
  -703
 -1459
  1109
  -523
   866
  -979
 -1570
  -328
  1279
  1593
   128
   387
   495
   355
   538
   436
  -487
  1057
  1189
  -982
   704
   150
  -975
  -515
  1473
   561
  -432
  1008
  1444
   789
 -1073
  -904
  -575
  -704
  -573
 -1207
   316
 -3171
   198
   731
  1761
  -625
  1422
  -644
 -1297
  -205
 -1308
   368
  -497
  -465
 -2798
  1379
   822
   961
   663
   511
  -239
  -271
   488
  2491
  -338
  -852
  -843
  2361
  1101
 -1106
 -1648
   776
 -1194
  -803
  -914
   474
    17
   815
   510
   198
   509
  -473
  -305
 -1283
   343
   889
  -240
    76
  -924
   -76
  -869
    74
  -588
   260
  -214
  -559
    63
   290
  -613
 -1598
  -400
  -180
   -90
    29
  -321
 -1121
  3037
  2134
  -712
  -610
  -374
  -449
 -1069
  -189
   -26
  -285
 -1170
  -116
  -328
  -547
   994
 -1109
  -520
  -543
  -113
  -447
  1236
 -2016
  1188
   309
 -1424
  1128
 -1533
  -929
  -403
 -1057
  -523
   313
  1461
   -79
   -94
 -1832
 -2680
   813
  -193
 -1127
 -1482
   -12
  1335
  -974
  -392
  -267
  1213
  1161
  -726
  -113
  -144
   448
  -349
  -917
   772
 -1119
  -544
   125
   781
 -2539
  -837
   400
  -241
   -86
  1801
  -904
   702
   729
  -630
   193
    58
  -320
  -109
  -521
   573
   298
  1049
 -1193
  -416
   584
  -970
  -656
   630
 -3193
   239
  -102
  1242
 -1353
   -79
  -134
 -1201
   797
  1845
  -481
  2731
   775
  -180
  -890
  1513
   419
  2384
  -196
   132
   -28
   508
  -617
  -256
   496
  1162
  -123
  -486
 -1927
 -1455
  -578
   160
 -1919
  1504
   474
    87
  -496
   951
 -1033
   797
  -965
   329
   764
  1054
   -80
  -534
  -663
  -271
  -657
 -1710
  1543
  -767
  -761
  -147
   925
   221
  -698
 -1335
   -57
   264
  1411
  1666
    89
 -1810
  -720
  1132
   657
  2028
  -715
 -1353
  1003
 -1329
 -1330
 -1430
 -2160
    94
  -363
   181
   -46
  -710
   244
  -898
  2664
   684
  1372
  1071
  1555
   133
   930
 -1091
  -745
  1631
   197
 -1212
 -1837
  -377
   218
   316
  -913
  -584
   382
  1091
    23
  -905
  1211
  -843
  -580
  -876
    91
  1943
 -1216
   908
 -1817
   181
   701
   518
 -1353
   439
  -909
  -306
  1956
    82
  -815
   181
   915
  1224
    48
 -1492
  -446
  -478
   298
  -422
  -977
  1401
   710
  -127
  1056
   315
    72
  -498
 -1371
  -818
   580
  1018
  1078
  -330
  1236
  1155
  -492
   571
 -1060
  -402
  -174
   -33
  -182
  1554
   -80
   243
  2375
  -256
  1361
  1058
  1137
  -777
 -1864
   715
  -210
 -1562
 -1927
   632
  2272
  2707
  -745
   353
    67
   343
   757
 -1183
   -55
  -114
  -553
    56
  -185
    -2
 -1918
  -587
  -945
  -856
   674
  -775
  -351
  -307
  1419
 -1471
   106
   607
  1713
  1518
  1137
   313
  -746
   405
  -141
    89
  1190
  -814
   434
   898
   155
 -2083
  -645
   277
  -326
  1859
    -4
  -580
   865
   691
   643
   979
   269
   723
  1067
 -1076
 -1684
   841
   994
  2062
 -1987
  -713
   961
   920
 -1267
  -327
  -459
   899
  1580
 -1563
  -990
 -1294
   -95
  -652
  -685
   -14
  -607
 -1137
   376
  1039
  2350
    31
   424
   -70
   988
   499
 -1024
   320
 -1496
  1515
 -1748
   -12
    66
   930
  1393
   323
  -269
   -92
   846
 -1109
 -1717
 -1235
   753
  1185
 -1132
  -318
   558
     1
   260
  -479
  -456
   336
  -239
   486
  -261
   676
  -505
   652
   366
  -617
  1025
 -1088
  1499
   160
   419
  -567
    68
   -34
  -109
   150
 -1173
  -348
 -2597
   177
  -996
    22
  -773
   936
  1255
   521
   577
  3675
   -95
    88
   338
   422
     3
 -1819
  -301
 -1250
  -730
 -1613
   589
  -375
   711
 -1297
 -1747
  1105
 -1111
  1027
  -975
  -555
   -48
  -558
  1998
  -302
   782
  1261
  -219
  -719
   257
  2658
  1518
   898
   588
 -1742
  1633
   -85
  1469
   893
 -1006
  -845
  -608
   428
 -1184
 -1759
  -152
   623
 -1779
  -397
 -1682
  -752
   311
  1334
  -223
  -320
  -759
   782
 -1622
   477
   171
   -82
   601
  -295
  -188
  1081
  -282
  1214
   958
 -2708
   765
  -533
  2073
   574
   -58
   778
  1065
  1380
  1507
  1029
  -287
  -966
   913
    82
   416
   203
  1516
 -1026
   158
  -185
  -236
  -261
   688
   900
   827
  -339
  -735
   627
 -1872
    -3
  -901
 -1551
   176
 -1820
  -139
   704
  -775
  -678
   448
  -220
  -285
 -1863
   -96
   -53
   339
  -790
  1168
    39
   260
   975
   763
   319
  -937
  -412
   269
  1472
 -1116
  -825
  -139
  -140
 -2316
   614
 -1557
 -1468
  -717
  -153
  -388
 -1240
    -2
  1210
   318
   467
  -645
 -1047
   292
 -1584
   837
   223
  -503
   242
   873
  -173
   965
  1522
  -475
   736
 -1253
   395
  -174
   568
   -86
   366
   395
  -330
 -2182
   481
   -78
  -161
  2369
   175
   632
 -2129
  -882
   849
   657
   447
   790
   122
 -1364
  1477
  -437
  -546
  -591
  1476
  -182
 -1228
   -11
   960
   368
  -114
 -1175
  -519
   563
   734
  -396
  -536
  1842
 -2562
  -473
  1462
   504
   208
   185
   610
  -460
 -1734
  1959
   171
   994
  1008
  1071
  -492
    75
  1258
   845
  -552
   702
  1057
    48
  2507
   424
  -794
  -254
  -394
  -810
   450
  -764
  1218
 -1127
   359
  -983
  -449
   -96
 -1892
  -230
 -2178
  -192
    79
  -576
  -502
   118
   229
 -1104
  -391
 -1000
   141
   118
  1348
   896
 -1554
  -926
  -656
  -513
  -742
  2448
    73
  1456
   -86
   -67
  -474
 -1270
 -2444
  -394
  -225
  -432
 -1648
  -284
   863
   442
  1816
    77
   600
  1815
  -899
   837
  -568
  1124
  -629
   942
   374
 -2119
  -689
  -768
  -641
 -1691
   127
  -558
   212
   521
    -1
 -1599
  1087
   433
   369
   441
    25
 -2153
 -2636
  -426
 -1009
  -830
  -278
 -1315
   661
  -406
   128
    62
 -1079
  1141
  1253
  -292
  1291
  1829
  -451
  -439
   833
  -259
 -1691
  -437
  -354
   117
   -30
   202
   257
  -896
  1756
   739
  -962
  1373
   778
  -144
 -1175
   -98
  1554
   902
   916
  -829
  -330
   836
   -26
  1669
  1511
   409
   641
   269
   226
  -397
   756
  -384
  1694
 -1602
  1058
  -419
   206
  -426
   246
  1335
    23
   960
   240
  -215
   -39
   298
  -477
  -459
 -2629
  -714
  -812
   167
   -83
 -1566
  -679
  -792
   904
  -577
  2956
   155
  1020
  2178
  1220
   192
  1162
  1338
   967
   149
  1430
  1473
  -650
   821
   931
  -829
  -875
  -395
  -671
  -199
    82
  1171
    97
   580
   372
   293
  -574
   277
  -556
  1081
 -1894
  -635
 -1212
  1191
  1262
   447
  -499
 -1517
 -1643
   -99
 -1170
 -2012
  1307
   519
   -90
   -26
 -1042
 -1956
   297
  -487
 -1385
  -912
  -528
  1378
   870
  1075
  -399
   302
  -769
  1768
  1309
 -2312
   -17
   295
  1156
   290
   287
  -206
    14
   837
   157
  3607
  -678
  -696
   537
   158
  1489
   200
  1027
  2409
   474
   685
  2472
  2070
   462
 -1365
  -456
   238
  1658
   977
  -850
   536
  -249
  1056
    40
   -52
  1206
  -882
   420
   901
   817
  -945
  -410
  -593
  -194
   186
   981
  -193
  -388
  -131
 -1131
  -725
   560
  -229
  -387
  1288
  -510
   339
  -657
 -1089
  -151
  -421
  -373
    80
   489
   830
   -63
   387
  -688
  1391
  -365
  -852
 -1040
  1537
 -1052
  -466
   -72
   377
  1116
  -148
  1164
 -1053
  -989
   128
  -200
   578
  -104
 -1696
  -607
   606
 -1322
  1121
 -1171
  -564
  -659
 -1472
   715
  -573
  1098
   763
  2375
  -291
   587
  -222
   694
  1297
   -61
  1059
   979
  2326
  -413
  1063
   447
  1538
   313
   -24
   160
 -1778
   608
  1271
   714
  -238
 -1795
  -396
    27
   501
 -2260
   135
   620
 -1141
  -613
 -1828
 -1027
   358
   440
   545
  1076
  1863
  1499
  1262
   362
   867
    50
   963
   129
 -1573
  -722
 -1211
   448
 -1434
 -1145
 -1033
    27
 -1274
   409
  1258
 -2089
  2097
 -1077
   283
   967
  -385
 -1917
  -222
 -1801
   124
 -1169
   -34
  1810
     9
   166
  -207
   964
  -253
   -59
  -621
   405
     9
   163
   445
   804
   256
  1531
   460
 -1288
   -61
  -324
  1682
  1276
  -578
  1429
  1490
   344
   384
   536
  -508
  -266
  -467
  1615
   167
  -633
  1251
   -97
 -1032
 -1038
   404
  -230
  -328
   289
   660
   415
 -1406
  -351
  2138
   708
   582
   858
  -676
   214
   460
   918
 -1396
   120
   173
  1304
   651
  -564
   -30
  1269
  -619
  1338
   608
   813
 -1063
    72
 -2224
  -229
   -91
   117
  -467
 -2048
  -163
  -260
 -1507
  1306
 -1108
  -582
 -1040
  1794
  -494
  -780
   719
  -269
   380
   913
   243
  -402
  -554
   554
  1933
  -122
   333
  1008
   -68
   962
 -1051
  -228
   402
  -150
   160
 -1212
   334
  -328
 -1104
  -725
  -865
   179
  -614
   -96
 -1400
  -865
   421
   159
   358
  -413
   725
  -526
 -1562
   407
  -846
   754
 -1011
   839
  1037
    60
  -693
  1270
    91
   259
   836
  1219
 -1481
  -402
   314
  1116
  -821
   518
    85
   -24
   678
   175
 -2232
  1351
  -646
   351
    79
 -1058
   -18
   979
  -270
  -405
   205
   805
   444
   124
   794
  -661
  -914
 -1267
    22
   452
   229
  1011
  -941
     6
   930
  -436
   431
 -2203
 -1386
   796
   -46
  -597
 -2058
   910
   529
  -674
   883
  1299
   491
   993
   180
   332
   787
  -374
  -181
 -1662
   -92
 -1529
 -1509
   908
    51
  -205
 -1435
  1773
  -770
  1487
    66
  -366
   601
   185
   475
  -793
   507
  -681
  1213
  2010
  1019
  -740
 -1133
 -1061
 -1427
 -2289
  -694
  -902
  -812
   204
  -846
  -367
 -1803
  -256
   680
  -714
    27
  -553
   -70
  -120
  -632
  -477
  -352
   432
    69
  -583
   918
   407
  1489
   265
   972
  -178
  1859
   -49
   557
   357
 -1148
   129
 -1213
  1962
 -1079
  1030
  -974
  -123
   262
   495
   582
   182
   -66
  -607
 -1025
 -1046
   541
 -1136
  -606
  -281
   973
  -586
   621
  -382
   516
   595
  -136
  -421
   -57
  1017
   775
 -1196
  -710
   286
   683
   494
   788
  2402
  1800
   397
 -1327
   885
   683
  1426
   996
  -247
 -1242
   252
   579
  -915
   158
  1562
   -32
 -2332
   361
  -120
 -1375
 -1141
  -256
  -967
   430
  -195
  -278
  -133
 -1089
  1979
  -355
  1353
  -421
 -1964
  1289
 -1189
  1222
   284
   220
  -911
  -195
  -890
   311
  -297
  -195
  2520
   628
  -340
  1329
  -704
   533
  -325
   -17
  -499
  -369
    13
   642
  1088
  -227
   173
   498
   595
   353
    84
  1020
   899
 -1004
   982
   809
   348
   905
  -254
  1003
   923
   585
   217
   634
   -78
   882
  1020
   406
 -1226
   587
   924
  -525
 -1237
  -531
   377
  -892
 -1434
   225
  -594
  -972
   556
   -18
   668
  -854
  -673
   722
   893
  -377
   -40
  1218
    65
   226
  1592
  1084
   289
    47
   949
   -76
   509
   860
   115
   473
  -882
  -189
   425
 -1647
   482
    66
   751
    14
  1377
   830
   -91
   379
 -1180
  -655
 -1452
   690
  -567
  1030
   985
   336
  -447
  -886
  -138
   -59
  -982
  -243
  -670
   489
  1062
   632
   273
   -51
  2130
   210
   467
  -992
  -147
   803
   531
   171
  -406
    17
  1092
   873
  -319
   260
  -594
   212
   508
  -180
  -188
 -1176
  -717
  1574
 -1348
   570
   204
  2000
   128
   230
   158
  1209
  1227
  -212
  -792
  1205
  -216
    51
  -168
  1141
 -2095
 -1552
   170
  -401
   -22
   490
    65
 -1675
   226
   211
 -1202
   -13
  -782
   348
    57
   540
  -870
    21
  1064
 -1424
   681
  -476
  1376
  -995
   400
  -188
  1182
   121
   737
   121
   566
  -227
  -336
   234
  -183
   612
   227
   365
  -315
 -1025
  -362
    27
  1006
  -473
 -1043
   -26
   652
  -890
   589
   167
  1323
   852
   489
  -480
   493
  1671
  -669
  -410
 -1105
   438
 -1580
   481
  1061
  -283
  -517
   580
   373
   795
   461
  1135
   127
  -401
   285
 -1531
   249
 -1042
   528
   -83
   135
 -1135
   265
   256
   522
  -296
  -500
  1521
  1079
  -498
  1935
  -806
  -769
   -51
 -1602
   -36
 -1037
  -242
  -130
  1819
   708
  2269
   751
  -617
  -619
  -975
  -100
  -456
 -1132
   616
  -384
  -857
  -375
   165
   831
  1222
  -590
  1320
    56
   332
  -508
  1454
   861
  1079
  -176
  -956
  1654
   421
  -150
  1416
  -314
 -1053
  -395
    -1
   435
   742
 -1207
  -962
   373
  -238
 -1013
  -176
 -1060
  -257
   442
 -1293
     9
   -67
 -1279
   970
  -693
   468
  -351
   348
   186
   232
  1464
  1529
   191
 -1225
  -995
 -1665
   679
  -616
   197
   546
   119
   508
  -483
  -468
 -1844
 -1148
 -1331
  -582
  -915
   550
    49
    67
   650
   281
   735
    26
  1171
   276
  -151
    67
  -209
  1189
 -1030
   877
   109
  -344
   555
   982
  1462
   637
 -1030
  -606
   173
  1334
  1051
  -252
   117
  1250
  -722
  1424
     3
  -676
  -771
   705
   793
   -24
  1827
   691
  1025
   344
  -729
   -51
 -1659
   148
 -1538
   750
   168
  -556
  -835
   427
  1385
    81
  -153
  1583
   704
   508
  -343
  -236
  -648
  -660
 -1077
  -908
  1478
  -262
   304
 -1192
  -762
   712
  -356
   161
   321
   244
   742
   460
   177
 -2261
  -919
  -208
    67
  1058
   591
  -193
 -1938
  -846
  -243
  -730
  -826
  -400
  -465
   132
  -921
  -194
 -1158
 -1686
   674
  1053
   672
  1306
   191
  1449
    -2
  1450
   427
  -624
   -82
  -219
   980
   732
  -904
   878
   825
   453
   -41
  -635
  -998
 -1391
 -1293
   358
  1792
   692
   940
   556
  -906
  1101
 -1380
   593
  -503
   308
   457
   712
  -993
  -242
   333
  -107
   668
   376
  -405
  1254
  1661
    96
  1127
   908
  -215
  1494
   465
   782
 -1382
  -304
   424
   355
  1090
 -1449
  -339
  -653
  1176
  -638
 -1623
  -413
   547
 -1763
  -701
   761
   -69
  1050
   514
   679
   120
   627
   -49
   609
  -225
  -543
   103
   241
   -98
  -807
   543
  1911
  1504
  -689
   657
  1088
   400
 -1200
   705
   481
   845
   414
    32
  1055
  -250
  -725
  -607
  -352
   166
 -1112
  -299
  -814
    92
  -136
 -1282
   -69
  -850
   359
  1683
   511
   404
   521
   383
   426
   -26
  -424
  1190
   168
   622
    47
  1753
   883
   520
   -78
  -457
  1095
    42
  -464
  -623
  -221
   349
 -1170
 -1111
  -727
   512
 -1292
   539
  -460
  -157
  -612
    91
  -528
   318
   536
  -269
 -1419
  -701
  -277
   329
  -164
 -1153
 -1516
   121
  -217
   -96
  -432
  -321
  1311
  -901
  -753
   920
  -462
   357
   227
   244
  -896
  -206
  -739
  -132
   -94
 -1200
  -959
  -982
 -1038
  -602
  -354
  1081
   878
   355
  -124
  -921
  -551
   128
  -104
  -898
 -1030
  -990
   151
  1089
  -843
    31
  -131
  -163
 -1057
   584
  -533
   463
   802
 -1013
   633
  -376
    29
  -202
  -419
   138
   441
   -45
   612
   503
   135
  1089
  -394
  -272
  1914
  -196
  -982
  -821
  -123
    47
  -445
   286
   767
  1398
  -576
   200
  -302
  -919
 -1379
  -533
  -678
   591
  -361
  -208
  -396
  1087
  1174
  -367
  -290
   365
  -175
  -608
  1276
  -527
   548
   465
   613
  1702
   731
  1817
  -173
   494
   -56
  1518
  1129
   603
  1258
  -730
  2021
   391
   816
  -959
   641
  -534
   338
  1469
   529
   573
    29
  -740
  1774
   439
   -27
   345
   272
  -422
 -1033
  -564
  -165
  -462
   209
   565
   227
   880
   649
   766
  1662
  1394
   354
  -127
  -862
    79
 -1239
  -699
   628
  -863
 -1052
   902
   -24
  -260
   123
   805
  1522
   630
  1287
   -67
   878
  -561
  -132
  1274
  -241
  -246
  -999
   971
  -559
  -384
   -36
  -759
  -889
   133
   773
  -768
   903
   611
   465
   165
   519
 -1378
   211
  -247
  1625
  -641
   -25
 -1782
   380
  1485
   146
  1116
  -457
   355
   857
   415
  -513
  1937
  -423
  -478
   232
  -737
   813
  1891
   847
   -44
   737
  1585
   614
   189
  -660
   -49
    27
     7
  -732
   921
   764
   715
 -1623
   847
  -447
 -1208
  -742
  2015
   132
  1770
   652
   373
  1478
   -38
  1387
  1080
 -1098
   472
   141
  -931
   342
  -701
   425
 -1364
  -110
   383
  -160
   605
   719
   370
  -449
  -766
   278
  -417
   384
   106
 -1154
   410
   -18
  -508
 -1654
   130
  -347
  -764
 -1185
  -835
  -360
  -658
   229
  -148
  -566
   476
   438
 -1216
   769
   609
   446
   975
 -1316
   103
   166
 -1209
  -619
   495
 -1119
   -34
 -1202
  -376
   315
  -299
   270
   269
   487
   383
   256
  1324
   106
   114
   599
  -154
  -461
  1260
   335
   672
   580
   290
  -137
   201
  -568
  -110
  -348
     6
   158
   259
  -608
  1566
 -1018
 -1036
   820
   423
   447
  -257
 -1283
   288
   553
  1518
   864
  1227
   432
   997
   650
  -415
   459
  -801
   483
  -284
  1059
   506
  -873
   766
   -22
  -528
 -1010
 -1238
  -555
  -789
  -648
   445
  -142
   282
   474
   -40
  -869
  -975
  1205
   274
    31
   194
  -796
 -2123
    88
  -326
  1668
  -403
   331
   942
   137
    35
  -330
  1450
    72
  1354
  1077
   366
   -45
   786
   -68
  1032
    98
  -500
   -42
    93
   578
  -857
  1078
   -96
  -295
   -72
   875
  -206
   832
  1128
   880
  1045
    52
   122
  -149
  1021
   470
  -313
    45
  -630
   211
    43
  -284
   233
   197
   837
 -1029
  1558
   726
 -1282
   430
  -284
   548
   184
  -488
   365
  -592
 -1024
  -493
  -922
 -1652
   -71
   188
   455
  -673
 -1527
  -704
   466
 -1053
  -339
 -2055
   218
  -442
   517
  -206
   667
  -414
   285
  -813
   194
  -866
  -375
 -1100
    41
  -407
   -76
 -2391
  -542
   404
   948
  -620
  -293
  -569
 -1028
 -1986
   128
  1127
   135
    -8
  1067
  -850
  -529
  1089
    58
  1372
    48
   784
  -410
  -491
  -806
  -364
   622
   340
   482
   735
  -293
   622
   454
  -145
   964
  1917
  -165
  -281
  -384
   509
   477
   532
   997
   624
 -1533
   321
 -1860
  -175
  -659
  -641
  -286
    63
   -14
  -626
 -2120
  -434
   148
 -1109
  -569
   976
   527
  -437
   326
   650
  1026
  1045
   734
  1194
  1030
  -686
  -534
 -2885
  -555
 -1096
   126
  -856
  -477
   551
  -140
  -624
  -904
   426
   927
   258
  1065
  -170
   377
  -217
  -676
   554
 -1432
  -945
   105
  1168
  -402
 -1118
   613
   336
   -15
  -567
   400
   216
   228
  -767
  1540
   562
  -852
   110
 -1023
   203
  -413
   761
   836
   621
   410
  -799
   -45
  -643
   -18
 -1789
 -1215
    15
   994
   281
  1031
  1101
  -457
 -1038
  -181
  1043
   -18
  -344
  -278
  1298
   887
   581
   194
   398
   382
   305
   -28
   883
   388
  1020
  1278
  -382
  -209
   368
 -1800
   157
   414
 -1179
   -57
  -319
  -518
  -446
  1057
  -260
     5
  -138
  -174
   526
  -241
   599
  -972
  -355
   440
   -13
  -134
   426
   378
    96
   839
  -481
   716
  1356
   692
    63
   545
  -538
    19
   719
   897
   498
  1068
  -246
   278
  -714
  -947
   711
   103
   424
   367
  1090
   289
  -222
   512
  1168
  1407
   563
    75
   162
  1293
   222
  -375
  -246
  -234
   321
  -713
  -783
  -124
  -795
  -180
  -577
   -62
  -448
 -1370
  -643
   -49
  -919
  -208
  1396
   465
   676
    76
  -101
  -191
  -775
    93
  -564
  1257
   212
   396
  1570
   731
  1396
  -330
    57
  -407
   901
   818
   -17
  -188
   706
   920
  -330
  -464
   589
   476
    83
  1155
  -747
  -359
  -360
  -194
   811
  1527
   270
   668
  1154
   846
  -550
    21
  -374
  -940
  1704
   199
   167
  -277
   547
   376
   289
  1046
  -907
 -1097
  -686
   574
  -292
  -313
  -315
   153
  -817
  1816
  -796
   569
  -943
    18
  1384
   977
   -12
    60
   540
    64
   432
  -670
   586
  -168
  -950
   340
   126
  -562
   727
  -172
  -125
  -127
  -368
   -19
  -992
  1001
  1877
  -174
    60
    90
  -882
   521
   -54
  -886
   -19
   -19
   485
  -151
   779
   400
   637
    11
  -513
   515
 -1811
 -1934
 -1030
  -877
   732
  1259
  1742
   -99
   424
   150
   509
    -3
  -412
  -118
   559
   700
  -492
  -413
  -564
   425
   113
   872
 -1123
     9
   658
   741
   823
   276
   344
  -324
  -583
   321
  -194
  -709
 -1909
    64
   215
  -318
   474
   181
  -903
   431
   886
    87
   231
  -696
   -68
  -479
  -377
    45
 -1072
  -867
  1090
 -1219
   968
 -1117
   452
   232
   -57
  -168
 -1144
  -976
  -107
    34
    73
   264
  -262
  -444
   555
 -1561
  -560
   485
  1244
  -231
   389
  -238
  -387
  -715
  -555
  -341
   376
  -147
 -1737
   293
  1752
 -1044
   611
   212
  -252
  -423
   616
  1327
 -2032
   751
  -836
   988
   224
  -159
   882
   386
  1024
   500
    93
  -155
 -1082
  -398
 -1741
    73
  1126
   894
   284
  -562
  -510
  -486
    62
  -939
   843
  -428
  -292
  1086
  -786
  1357
  -869
  2135
   969
 -1258
  -606
  -762
  -213
  -608
    11
  -808
  -431
   707
  -637
  1248
  -278
   761
  1810
   883
   496
  -499
   570
  -680
   455
   -71
   884
   264
  -782
   426
  -349
  1496
   642
   226
     5
   651
  -240
  -110
  -808
    22
  -483
   -23
  1284
  -860
  -145
  -733
  -933
 -1570
  -276
  -647
  -466
     1
   252
 -1123
 -1105
  -137
   780
    85
  -499
  -736
   279
  1633
   386
  -943
   137
   160
 -1125
   320
    73
  -337
 -1782
  -130
  -565
   -74
  1088
  -160
  -675
  1446
   -59
   975
   725
  -249
    -5
  1564
  -617
   893
 -1295
  -474
  -357
   581
  -419
  -253
  -570
   722
  -437
    34
  -298
   860
   593
    18
  -373
  1585
   859
   907
    68
   216
   805
    89
    -5
  -352
   315
   534
   368
   520
   258
    38
   724
   657
  -254
  1062
  -399
  -697
 -1334
    61
   721
   208
  -570
   471
  -550
   606
  -735
   257
   949
   234
   521
   618
 -1162
   -69
   740
  -344
   973
  -100
   212
   398
   674
   777
  1539
   789
 -1070
  -201
   104
  -296
  -469
   341
   715
  1155
 -1168
  -670
    30
   576
  -453
   503
 -1346
  -441
  -733
  -231
  -963
   186
    43
  -577
  -972
  -995
   246
   279
   404
   887
   152
   616
  -248
  -202
  -444
  -410
  -323
   367
  -529
  -191
  -221
  -509
 -1046
  1396
   182
  -116
   116
  -242
   -71
   602
  -489
  -186
   546
   874
  -305
 -2190
 -1691
  -766
 -1133
 -1065
  1183
  -325
  -723
  -344
   641
 -1186
  -268
   654
   126
  -578
  -509
  -882
   478
  -121
    52
 -1258
   205
   121
   264
   498
  -700
  -718
   307
   -19
  -108
   507
   296
   389
  -455
   323
  1193
  -524
  -453
  1037
   553
  -657
   419
   540
  1602
  -390
 -1240
   -90
  -530
  -698
 -1253
   200
  -555
   490
  1829
   190
    -8
  -783
    16
   161
   129
   991
   653
  -553
  -571
  -313
  -310
  -937
  -375
  -217
 -2284
   221
  -128
  -945
  -163
  -961
  -891
  -219
  -527
   342
   610
   164
     5
   909
  1267
   -71
  -507
   700
   897
  1197
   557
   391
   409
   -95
   462
    -7
  1231
  1724
  1671
   958
   -32
  1049
 -1158
  -192
   112
   166
  -399
  -608
   513
   253
   365
    44
   844
   722
   590
   273
  -239
  -377
   537
  1289
  -559
 -1221
  -604
 -1805
  -466
  -613
   936
   554
  -187
   862
   428
   298
  1675
  -629
   876
 -1210
   907
   239
   190
   542
   820
  -568
  1589
  -246
   433
   959
   115
  1004
    64
   576
  -474
  -570
  -757
 -1488
  -104
    22
   931
 -1101
  -512
  -671
  -153
  -331
   392
   591
  -426
  -642
  -532
  -299
  -421
  -334
  -775
    57
   231
   720
   468
 -1087
   -82
    64
   943
   214
  1181
   -60
  -775
   894
   589
  -438
    32
  -193
  -864
  -147
 -1171
  -288
  -815
  -737
   -41
  -267
  -751
  -500
   205
   155
  -646
 -1376
  -565
  -355
  -694
  -904
    15
   697
   970
   439
  -730
   931
  -247
   853
  -310
  -940
     8
    89
   -59
   509
  1045
  -509
 -1118
   427
  -388
  -178
  -197
   475
  -424
   207
 -1078
 -1074
  -429
   -10
  -550
  -759
    79
  -652
   275
   913
  1099
   510
   221
   618
   284
   893
   130
   338
  1834
   295
  1219
   630
  -371
  -581
   455
   791
   650
   516
   721
  -615
   894
   228
   285
  -437
   150
  -719
   340
   -57
   327
   505
   -32
    61
  -997
   417
  -554
  -352
   494
   851
   486
   575
  1121
  -544
   124
   -25
   468
   714
   502
  1490
  1177
   489
   356
   395
  1542
   178
  1251
  -547
  1667
   -99
  -333
  1165
   421
    46
  -881
  -212
   525
  -937
 -1058
   501
   101
   862
  -210
   327
   -44
  -336
  2245
   393
  -401
  -143
   -60
   141
   692
   641
  1308
  -374
  1382
   236
   -66
   -58
  -199
  1198
  -154
  -476
   603
   372
 -1470
  1131
   249
   223
  1230
   397
   -75
  -598
   370
   447
  -322
  1121
  1161
   408
   231
  -334
   911
  -692
  -152
   252
   108
   546
  -109
   870
   703
  -128
  1059
  -210
 -1440
   232
     1
   255
  -679
  -642
  -321
  -156
 -1002
 -1183
  -452
  -711
  -191
   381
   680
  -978
    98
   716
  -886
   194
   659
   745
  1039
   -63
   891
   310
  -564
   218
  -289
   -87
  -993
  -560
 -1019
   -12
  -771
   142
  -962
  -604
   -20
  -789
  -199
  -807
   -19
 -1082
  -699
   111
 -1118
   622
  -683
  -164
     1
   981
  -307
  -725
   656
  1166
  1656
   301
  -265
    91
  1077
   639
   460
  1003
   471
  1038
 -1097
   511
   162
   119
   608
   191
   514
  -897
   255
   274
  -197
   758
   352
   547
   293
   503
   956
  -528
  -236
  -630
 -1469
  -159
   -47
  -722
   787
   915
   118
 -1239
 -1686
  -564
 -1175
  -838
   -35
  -213
   264
   -72
    35
   715
   420
  1349
  1716
  -274
   908
   310
  -175
  -175
  1480
   -86
   258
  -301
   258
  -469
  -824
   -33
 -1415
  -405
  -480
  -471
 -1308
   363
  -862
   -53
    97
 -1267
  -506
  -135
  -179
 -2101
 -1716
   910
   525
   530
   -65
  -265
  -241
  -652
   356
  -690
  -127
   418
 -1620
    74
  -643
  -895
  -951
  -916
  -481
  -429
  -967
  -171
   460
   -51
  -782
 -1424
  -134
  -514
    45
   260
  -534
   183
   736
   -45
   590
  -758
  -819
 -1277
  -471
  -192
   955
   897
    30
  1274
   324
  -555
   513
   535
  -704
   179
   571
   632
  -139
   304
  1877
  -260
   122
   627
   619
  -540
  1383
   512
   720
   566
  -674
   412
  1506
  1008
  -884
   182
  -612
 -1013
    15
  -578
  -286
   267
  -524
  -192
  -539
  -175
   254
   255
  -173
  -588
  -246
   -75
  1334
  -381
  -880
  -749
  -492
 -1113
  -714
  -109
   859
   812
   982
  1325
  1165
  -207
  -877
   398
   594
  -691
  1591
   489
   287
   561
  -863
  1016
   908
   537
 -1154
  -132
 -1002
  -642
   120
  -224
  1032
 -1543
  -723
  1300
  -620
  1031
    36
  -831
   401
   -51
   289
   776
   529
  1541
   472
  -547
  -155
    79
  -980
  1980
  1439
  -251
  1193
  -473
  -315
  -167
 -1247
   -46
  -356
  -252
  -751
   802
   530
   585
  -311
   939
  1190
   488
   747
  -558
   806
  -216
  -921
   889
  -730
   191
   172
   811
  -635
   759
   375
   207
  -495
   639
  -637
   209
   472
  1128
  -570
 -1082
  -682
 -1099
  -780
  -460
   508
  1460
 -1147
    81
   355
  -139
  -728
   212
   792
  -448
    47
   580
   624
  -155
  -612
   894
  1621
  -341
  -681
  -399
  -707
     5
  -239
  -633
   661
   974
   127
   893
  1096
  -474
  -798
  1097
   183
  -721
  1021
   221
   321
  2056
   489
   695
  -250
  -971
   454
  -241
 -1308
   235
   146
   137
   -14
  -840
  -399
   263
  -124
  1141
   534
   690
   179
   191
   703
   724
 -1102
  -142
   782
  1045
   682
  -966
  -802
   718
  -362
  -264
  -101
  -382
  -599
  -486
   957
   362
   304
   336
   265
  -243
   336
   168
  1256
  -273
   -25
   673
   536
 -1174
  -413
  -622
  1050
   984
   670
   147
   273
  1193
   113
 -1182
   935
  -451
   171
  1142
  -574
    56
  -176
   187
   -48
   117
  1020
  1276
  -428
   743
  -185
   397
   799
    72
    13
  -332
  -574
   236
  -556
    93
  -450
  -462
   778
   -19
    53
  1079
   247
     7
   145
  -145
   503
   180
  -171
   775
  -976
   -96
   578
  1627
   159
   676
   586
  -498
  -789
  -930
  -723
  -667
   998
  -449
   387
 -1287
  -631
  -263
  1156
  1026
   360
   999
   540
   206
  1015
    81
   145
   580
  1440
  1208
  1286
  1178
   639
   978
  1428
   734
    45
  -819
   -30
   515
  -415
   108
  -370
   666
   239
   -16
   546
   -77
  -367
  -129
   311
  -872
   528
    77
     3
   -52
  -975
   453
  1748
   552
   438
  -434
  1082
   476
    53
   357
   848
  -364
    34
  1177
  -533
  -183
   935
   237
   130
   348
   873
  -734
   490
   293
   126
   462
    96
  -503
  -330
   584
    76
   798
  -722
     0
  -610
   728
  -404
  -146
   434
  -279
  -691
  1116
  -245
  -900
  -319
  -138
   901
   548
  -432
  1386
  1129
  -218
   760
   540
   800
  1658
  -838
  -174
   944
   105
  -228
  1517
  -213
   -65
  -789
  -287
  -482
  -869
    19
  -177
   432
  -809
  -799
   186
  -179
  -379
  -233
   -95
   230
 -1371
  -351
  -448
 -1057
   326
    80
  -629
  -830
  -514
   397
   510
  1388
   723
  -346
   290
   312
    25
   265
   244
   734
  -218
 -2050
   248
   341
  -422
    -9
  -313
   355
    37
   869
  -279
  -665
    -6
   626
  -467
  -186
   165
  -978
  -487
  -791
  -372
  -985
   294
   145
   346
   603
 -1025
  -998
 -1378
   -85
  -219
  -772
   152
  -286
  -474
  -311
  -865
   894
   318
   525
  -131
   560
   221
  -159
 -1335
  -170
  -252
 -1158
   224
 -1085
 -1757
   533
   225
  -138
  1370
   718
   117
  -277
  -431
 -1249
   740
   998
    76
   295
   199
  -648
   276
   942
    84
  1637
  -234
  1211
  -795
  1164
   921
   386
   355
  -245
   163
   290
  -145
  -290
  -717
  -183
   392
   237
 -1061
   157
   114
   529
  -392
  -425
  -529
  -117
   -91
   610
  -579
  -725
   544
  -373
  -122
  1346
   146
  -539
  -236
   492
   302
  1029
  1192
   903
  1154
  1259
   329
  1179
   756
   -34
  -885
  2002
  -917
 -1317
  -559
  -156
  -887
     7
  -696
  -963
   287
   147
 -1101
  1407
   844
   377
  1023
   -81
   292
   667
   401
   673
   255
 -1310
  -111
  -300
 -1166
  -493
 -1137
 -1582
  -430
 -1286
  -594
  -714
  -196
  -921
  -465
  -753
 -1128
   911
 -1493
 -1065
  -979
   166
 -1167
 -1074
  -590
  -534
  -711
   -43
  -761
  -587
   548
  -435
  -815
   621
  1096
   759
  -444
   -38
   314
   181
   944
  1212
   -15
  1004
   658
   904
  2439
  1430
  -156
   765
   439
   374
   274
   596
    85
   340
   302
 -1093
   635
  -112
   306
  -712
   499
   841
   523
   382
   512
   193
  -772
  -670
   476
  -704
  -690
  -125
  1381
  -576
  -630
   282
   -14
   198
   602
   169
  -195
  -729
   513
  -448
    -1
  -976
  -290
    38
 -1022
  -912
  -178
   477
  1413
   121
  1950
   222
   605
   748
  -369
  -362
  -192
    46
  -464
  -831
   327
  -262
 -1599
 -1155
  -315
  -404
 -1358
    97
  -368
   154
   284
  -788
   714
   -92
   542
   531
   381
  -528
   433
   223
  1944
   573
   -71
  -299
  -611
  1062
  -936
 -1920
  -241
  -196
 -1203
   437
 -1024
  -320
  -836
  -330
   168
  -392
  -705
  -795
 -1866
 -1196
  -105
   329
   346
  -292
  -997
   149
   349
   322
   760
  -560
   150
   297
   989
    69
   550
 -1059
   -78
   -30
    82
  -926
  -172
  -627
   700
   321
   -48
   540
  -582
   892
   992
   255
  -540
  -834
  -533
   620
  -704
   565
  -793
   114
  -499
   974
   301
   322
  1288
   337
  1203
   122
   492
   703
   434
  -345
  -276
   112
  -611
  -412
 -2167
  -916
  -248
  -642
   305
  -210
 -1021
  -689
   -40
  -719
    20
   492
   233
   218
   908
   123
  -229
  -914
  -164
   369
   185
  -427
   121
  -745
  -871
  -628
   189
  -642
  -693
  -527
 -1585
   811
    83
    98
  1662
   417
  -507
   356
  1069
   308
  -860
  1116
  -526
   715
 -1024
 -1177
  -253
 -2181
  -351
  -209
    68
  -405
  -491
  -279
  -485
  -487
  -600
   745
   302
  -309
   257
   544
  -249
   287
  -189
  1200
   746
   984
   358
   865
  1195
  1107
   601
  -665
  -103
  -172
  -903
   -77
    21
    34
  -674
   342
  -966
   166
   159
   279
   228
   474
 -1591
  -236
   209
  -840
 -1462
   342
  -282
    36
  -115
  -561
   -99
   -67
  -202
  -488
  -507
  -246
   -41
  -726
   -43
  -802
  -446
  -824
  -611
   107
  -476
   111
 -1289
 -1898
  -229
  -252
 -1340
  -376
   941
    68
   -26
 -1328
  -940
   728
   -17
 -1032
   -35
  -199
   413
   516
  -545
  -755
  -990
  -422
   -55
  -926
  -315
   739
   122
   519
  -431
  -682
  -864
    43
    -2
   496
   310
  2084
    74
   298
  1135
   110
 -1169
  -721
  -119
  -967
   174
  -252
  -411
  -650
   710
   213
   652
   733
   511
    94
  -183
   653
   705
  -169
  -789
 -1289
 -1126
  -580
   348
   168
 -1529
   100
 -1312
  -992
  -107
  -724
 -1598
   918
  -678
  1135
   479
  1204
   557
    76
  -291
  -715
    -2
   379
  -474
  -509
  -777
  -797
 -1189
   -96
     8
   804
   878
   715
  -636
  -757
  -351
  -809
  -901
  -780
  -202
   350
  -133
  -757
  -484
  -341
  1460
  1212
   608
   124
  1047
  -154
  -384
  -186
  -813
   -65
  -390
   497
   -18
   296
   222
  -313
  -111
   155
  -202
  -126
  -309
  -338
 -1668
  -293
 -1475
 -1120
   -85
  -125
  -615
  -214
  -207
  -938
  -259
  1420
   730
  1188
   702
  -301
  -878
   -83
   457
   513
  -383
   -32
  1016
   -64
    99
  -449
    11
   236
  -749
  -557
  -892
    95
   823
   544
  -959
  -227
   -28
   426
   -99
  -560
   514
  -520
   906
   878
   354
    -9
  -381
   568
  1469
   783
  1023
   426
  1105
   419
   472
  -327
  -517
   132
  -158
  1449
   516
  1349
  -392
  -563
  -894
   144
  -425
   204
  -755
   484
  -884
  -223
  -918
 -1969
  1191
  -534
  -604
   532
   225
   654
    -7
   199
  -715
   173
  -261
  -728
  -447
   786
  -416
  -171
  -330
  -428
   158
   741
   447
  -484
  1163
  -892
   147
  -887
   188
  -872
   297
   456
   321
  -353
   125
   709
  -248
   701
   251
  -718
   542
   221
 -1036
  -654
  -379
 -2132
   230
   306
   -84
  -864
   995
   110
  -668
  1104
   893
  -268
  -681
   204
  -428
   427
  -164
 -1012
 -1497
   595
  -506
 -1158
  -744
  -125
  -456
  -533
   279
  -260
    83
   -77
  -570
  -319
  -705
  -953
  -584
  -271
   -84
  -114
  -132
  -515
   175
  -426
  -226
  -387
 -1021
  -164
 -1595
  -133
  -592
  -348
    54
   998
  -374
   163
  -720
   188
   -16
  -960
   180
     8
 -1437
    63
   773
     5
   553
   112
 -1303
   628
   -20
   128
  -607
 -2057
  -895
  -430
  -322
   340
  -399
   251
   280
  -301
   695
   561
  -348
    -2
  -425
  -467
   743
  -478
  -218
   802
   -21
  -478
  -716
   955
   460
   676
   591
  -330
   884
   830
  1255
   461
  1078
  1027
   -32
  -252
  -371
  1442
    22
  -215
   286
   108
  -433
    90
   519
  -130
   -59
   509
  1114
  -611
    75
  -385
  -766
   696
   567
   332
    20
   624
   357
   202
    82
  -491
   -46
   544
  -519
   529
  -346
  -898
  -595
   -42
  -189
  -130
  -515
   960
    59
   797
    29
   138
  -816
 -1021
  -482
   518
  -695
  -914
    28
   478
 -1270
   351
    85
    98
   584
   430
   -55
  -808
  -211
  -666
  -682
  -740
  -628
   -38
   -85
  -164
 -1831
   -71
  -164
 -1088
   467
  -700
  -615
   132
  -473
  -875
    61
  -274
   135
  -693
 -1079
 -1032
  -691
    77
  -268
    69
   407
  1123
   402
  -960
  -777
  1211
  -372
  -344
    72
   -85
  -297
   431
  -817
   -36
 -1081
  -598
   -42
   974
   384
  -161
  -364
   685
  2235
   271
  1548
  1123
  -195
 -1177
  1441
  -233
   647
  -168
  -841
  -844
   899
  -670
   476
   -19
  -339
   278
   278
   908
  1436
  -126
 -1188
  -453
  -600
  1464
  -318
  -404
 -1448
    76
  -273
  -392
   128
   422
    68
   -83
   674
   650
  1112
  -592
   285
  -388
  -374
   513
   765
   534
   222
   192
   437
    64
   580
  -231
 -1363
  -263
  -534
  -952
   139
   764
  -621
    -5
  -634
  -247
 -1079
  -112
  -941
   -48
  -157
   812
   -46
 -1082
  -791
   433
  -705
  -154
    49
  -186
  -592
  -511
   594
  -116
  -423
  1811
   209
   139
   218
   613
   324
  -467
   546
   545
 -1322
   421
  -497
   541
  -149
    14
  -272
   749
  -534
     4
  -162
   919
   216
   674
    19
   643
   223
   625
   501
   358
     9
  -277
  -637
 -1038
   712
  -754
    92
   242
  -865
   164
  -357
 -1433
   207
 -1285
 -1170
 -1038
  -212
   852
   452
 -1093
  -415
   363
  -551
 -1426
  -528
   188
   122
  -186
  -124
  -998
  -270
   628
   658
   208
  -182
   999
   232
   377
  -500
   771
  1099
    74
  -422
  -378
   653
  1526
   161
  -180
   366
   236
   203
   636
   307
  1151
   370
  1237
    25
   775
   401
   138
  1214
  1174
   374
   271
   292
  1224
  -977
  -947
  -161
   -38
   818
   924
  -445
  -372
   789
  -281
   -15
  -203
  -406
  -716
   -27
   288
   -42
  -182
  -167
 -1291
  -905
   140
  -169
  -601
  -307
 -1792
 -2315
 -1034
    86
 -1307
  -680
 -1286
   470
   862
  -158
   866
   490
  -839
   334
  -303
  -435
  -291
  -239
 -1009
  -512
   537
   141
  -213
  -360
   366
  -103
   974
   166
   785
   517
  -593
   275
 -1421
   -67
 -1269
   203
    33
    82
  -453
  -227
  -624
  -865
 -1056
   -25
  -836
  -233
 -1030
   476
   729
  -402
   303
   -83
   728
   255
  -360
   120
  -498
  1233
   994
   310
   572
   256
  1041
  -188
   273
   179
   381
   536
   188
   422
  -269
   457
 -1087
  -377
 -1204
  -599
  -940
   581
    82
  -595
   110
   452
   152
   171
  -723
   107
   213
  -409
  -959
  -271
   848
  -604
   449
   278
   394
  -146
    22
  1016
   769
   186
  -140
   702
 -1119
  -209
   444
  -308
  -429
  -684
  -961
   827
  -983
   468
    -1
  -316
  -686
  -491
  -592
 -1013
  -455
  1118
  -681
   -71
   -39
  -969
   -40
  -367
  -668
  -289
 -1678
  -950
   292
  -513
  -902
   -77
   397
    59
   -40
  1248
  -949
    -4
   328
    85
    84
   -12
   149
   358
  -166
   355
    -1
   224
  -697
   579
  1156
   451
   994
   907
   622
  -433
   -75
 -1353
 -1562
 -1390
  -601
   488
  -569
 -1231
  -964
   736
    93
    98
  -349
  -157
 -1338
  -897
   -84
  -996
   -77
  -587
  -473
  -780
   324
   783
  -407
   -99
    86
  1224
  1148
  -429
   628
  -568
   156
 -1266
  -603
  -617
  -178
  -481
  -586
   453
   598
  -727
  -775
  -559
  -889
  -792
  -497
  -153
   -94
  -226
  1067
  1666
  -128
   398
   505
   479
   350
   -45
   265
   788
  1827
   650
   -46
   930
  -455
    79
   900
   601
   602
   841
   914
   857
   687
  1066
   802
   658
   555
   367
   573
   591
  1243
   724
   -76
   136
   575
   892
   -34
   -86
   276
  -370
   -26
  -363
  -293
  -788
  -781
   129
  -935
  -197
  -730
  -643
  -689
 -1857
 -1448
   497
   440
    95
  -299
   906
   259
   384
  1310
   328
   325
  -246
   -79
  -508
 -1187
  -854
  -296
   660
  -178
  -507
  -221
  -360
 -1131
 -1410
   178
  -915
    70
  -535
  -598
  -479
  -727
   492
   274
  -307
  -230
  -582
  -733
    88
  -330
  -878
  -583
  -331
   502
   722
   614
   882
   269
   379
  -647
   365
   986
 -1138
  -680
 -1330
   -40
   -98
   473
  -261
  -374
 -1193
  -563
  -843
    69
  -784
  -464
    63
   992
   349
  1168
   642
  -368
   803
   -99
   605
   395
   169
  -304
   -97
   546
   518
  -344
    87
   214
   387
   202
  -733
   371
   205
   835
   659
 -1313
   859
   108
 -1035
  1050
   533
   -99
  -758
  -419
   622
   643
  -184
  -184
     0
   915
  -641
  1348
   930
   858
  1361
    44
   665
    91
   779
    99
   392
   544
  -595
  -654
  -200
   939
   686
    21
  -605
  -224
   477
  -613
    -7
  -376
  -152
   611
   693
   589
   765
   -26
  -409
  -665
   652
  1894
   797
   827
  -279
   696
   989
   323
   -17
   200
    -7
   370
   903
   439
   803
  1370
   110
  -137
   146
  -819
  -915
   125
   -13
  -994
  -871
    -3
  -203
  -374
  -849
  -416
  -189
   -43
   446
   -45
   290
    95
  1422
   315
   189
   841
  -298
   531
   142
  -566
  -200
   162
  -717
  -398
  -948
  -567
     5
  -248
  -428
 -1732
   143
  -499
    24
   699
   173
  -380
   601
   121
   221
   154
   375
  -252
   448
   836
    57
   462
  1259
   647
  -318
   856
   237
 -1021
   452
  1456
   945
   107
   926
  -227
   488
  -582
   239
   132
  -980
   617
  -551
    -4
    51
   152
    87
   187
   841
   490
  -485
   -40
   942
   187
  1168
   483
  -237
   487
   357
  -556
   552
  -106
 -1483
   -91
   278
 -1568
  -965
  -709
  -374
   733
 -1624
  -107
  -500
 -1121
   -83
  -819
    94
   -97
   772
   596
   445
  1009
  -443
   525
  -595
  -280
  -451
   404
   178
   490
   238
   -41
   164
   200
   861
   877
  -369
   262
   837
 -1260
   227
   377
    -5
  1387
   310
  -718
   514
  -368
  -259
  -511
   605
    11
   377
    -6
  -368
   571
   455
  -171
  -910
  -435
 -1029
  -621
  -496
  -486
  -218
   502
  1271
  1126
   672
  -114
  -559
   -47
 -1070
  -885
  -528
  -446
  -195
  -213
  -587
  -641
   418
   420
   534
   343
   244
   361
  -355
  -271
  1227
    98
  1735
   925
   655
   302
   503
   -66
  1424
  1101
   -14
   562
  1269
    99
   573
   835
 -1311
 -1198
  -946
   120
  -809
   216
   133
   992
   608
  -640
   273
   628
   221
   759
   197
   160
   116
  -961
  -357
  -427
  -718
   399
   900
   -97
  -368
  -371
  -370
   132
  -342
  -815
  -385
    74
  1026
   893
   335
   838
   952
   828
   688
   -54
  -349
  1529
  1074
  1075
   155
  -329
   854
  -302
   146
   485
   776
    44
   555
    22
   146
   145
  -174
   -35
  -985
  -695
 -1029
  -451
  -154
  -959
  1005
  -531
 -1068
 -1062
  -565
   477
    60
  1087
  1173
   710
   548
   768
   513
   -59
    69
   292
  -828
   914
   355
  -487
   266
  -805
   750
   104
   208
  -367
   -45
   943
   309
  -293
   406
   335
  -509
   454
   931
   575
   -74
   499
   -39
   903
  -443
  -447
  -145
  -445
 -1167
  -654
 -1167
   745
  -399
   401
   558
  -475
  -501
   -27
   111
  1327
  1015
   449
   268
   773
   501
   676
  -649
  -455
  -718
  -277
     6
 -1132
     8
  -424
    58
  -343
   112
   113
   987
   975
   104
  -646
   140
   -35
  -931
  -585
  -520
  -555
  -497
  -324
   248
   743
  1080
   376
  1544
   124
   401
   697
  -188
   560
  1134
  1162
   314
  -304
   991
 -1223
  1206
   761
  1126
   385
   279
   432
   -88
   846
   256
  -543
   317
  -288
 -1491
    89
    29
   -84
 -1736
 -1076
  -363
  -271
  -137
  -183
  -811
   346
   660
   971
  -542
 -1049
  -576
   510
  -283
  -387
   691
  -439
  -207
  -835
   103
   141
  -513
   424
  -468
   179
  -261
  -659
  -222
 -1005
  -203
  -171
   -87
   339
  -320
   681
   806
   441
   342
   205
  -326
 -1143
   270
   182
   456
  -444
  -672
  -519
  -693
  -195
   310
  1043
   887
    80
    32
   905
  -117
   561
   598
   362
  -974
    61
  -385
  -729
  -266
   450
  -420
   234
  1203
   -39
 -1464
  -128
   -54
  -654
  -223
  -227
  -668
  -830
 -1267
 -1087
  -265
   106
   690
   179
   402
   -97
   269
   395
   396
   -90
   765
   147
   129
  -702
    80
   -15
   -13
  -746
   569
  1033
   102
   397
  1107
   -95
   -70
   101
  -108
 -1341
   242
  -783
  -716
  -885
 -1251
  -244
   265
  -646
   671
  -244
 -1033
  -824
  -266
   378
   285
   662
   502
   272
    99
  1097
  -293
  1436
  1116
   554
  1248
  -924
  1005
   126
   986
   443
   704
    10
   367
  1006
  1469
  -242
   224
   539
  -107
   600
   315
   354
   859
  -374
   705
    41
    34
 -1115
    28
  -385
    31
   130
   285
   329
   615
  -130
   -78
  -584
  -949
  -263
  -220
  -345
  -742
   689
   619
  -368
   838
   571
   107
   925
  -176
  -879
   628
 -1464
  -423
 -1312
  -549
  -790
   254
   120
  -752
   366
  -993
   -90
   130
   423
  -682
   154
    58
  -394
   723
  1384
  -893
  -598
  -426
    84
  -922
   712
   909
    95
   520
   663
   -60
  -543
  -328
   -83
  -408
   211
  -706
  -363
  -192
   109
   342
   395
  -542
   -53
   959
    -6
   672
  -450
  -188
  -456
   148
    17
   803
  -207
  -314
  -866
   300
  -268
   527
   166
  -311
  -709
  -868
  -980
  -610
  -266
  -823
  -661
  -740
   573
   384
   530
   634
    12
   406
   -11
   304
 -1147
 -1114
 -1731
   -21
  -547
 -1089
    -7
    65
   629
  -267
   722
   102
   302
  -385
  -783
  -342
  -445
  -290
   352
  -384
   811
  -543
   733
  1050
  -144
   -14
   746
   135
   631
  -286
    79
  -917
  -813
   439
   918
  -447
   180
  -150
   643
  -483
  1432
   949
   585
  1377
   977
   267
   452
  1221
   962
    87
   321
   887
   906
   675
   280
  -456
    -4
    19
  -242
  1259
  -438
  -196
 -1092
   832
   178
  -128
  -700
    83
   -85
  -130
  -258
  -465
 -1213
   337
  -323
  -851
  -680
    56
   331
   557
  -410
  -293
   851
   382
   583
   726
   916
  -347
   370
  -157
   594
   675
   255
   167
   666
  -714
  -594
    40
 -1081
    93
 -1258
  -935
  -485
  -519
  -161
   153
  -330
  -662
  -564
   -40
  -635
   877
  -148
   -30
   159
   381
  -149
   346
   822
   433
   629
  -262
  -485
  -392
  -237
  -475
  -756
   159
   401
    -6
  -189
  -552
  -328
  -133
  -375
  -435
    -5
  -801
   -11
   704
  -595
  -346
    29
  -120
   509
   132
  1221
   296
  1080
   944
   373
    90
  1193
  -562
   638
   372
    41
  1270
   298
   815
  -475
   -73
  1171
    65
   844
   205
   562
    34
   347
   -88
  -194
   550
   477
  1217
   439
   506
  1419
   816
  -107
  1027
   391
  -414
   -54
   604
   739
  -563
  -260
   102
  -286
  -742
    71
   665
   -10
   -73
  1100
  -230
   539
   752
   714
   142
   198
     4
   148
   406
   152
   482
   738
  -302
   223
  -128
  -152
 -1321
  -132
  -373
 -1421
   411
  -148
 -1142
   103
  -959
  -773
  -728
   -18
  -189
  -284
  -356
  -245
   -54
 -1225
   -70
  -576
 -1153
 -1572
   792
  -734
 -1451
  -755
  -521
   760
  -204
  -375
   687
   129
   976
  -157
   295
   796
   323
   365
 -1222
   265
 -1016
  -992
  -652
  -343
  -686
  -914
  -653
  -564
  -210
   391
  -766
  -540
   185
  -442
   532
   633
   364
  -531
   330
  -233
  -476
   691
   -64
  -605
   294
   246
    19
  -752
    -8
  -361
  -864
 -1583
  -931
 -1000
  -103
  -246
   -47
  -445
  -228
   290
  -350
     4
  -381
  -861
  -427
  -889
  -318
  -300
   123
   -56
  -168
  -508
   124
  -428
  -287
  1188
    19
   132
  -886
  -990
   695
   101
    45
   848
   355
   459
   498
  1199
  1296
   570
  1490
   778
   155
   103
  1279
   231
    83
  -421
  -207
  -297
   -67
   129
   387
  -798
  -150
  -621
 -1045
   281
  -567
  -831
  -263
    61
  -354
  -141
 -1006
   120
  -544
 -1086
  -670
  -296
   504
   267
   115
  -139
  -196
   520
  -146
  1309
  1145
  -167
    64
   274
  -132
   381
   411
   233
  -443
  -402
   582
   149
   335
    99
   224
  1072
  -445
 -1125
  -204
  -116
   141
  -753
  -468
   -63
   -83
  -291
  -953
  -305
  -217
   194
   -95
   319
   637
  -125
  -893
    -6
  -432
   -10
  -128
  -709
  -546
  -808
   838
   -38
   362
   431
   666
   268
   -19
  -855
  -673
  -707
   198
  -341
  -893
   338
    -3
  -477
   667
   156
  -251
   673
  -656
  -214
 -1577
 -1189
  -320
 -1134
 -1690
  -470
  -947
 -1070
   792
  -140
  -510
  -145
  -471
  -906
    29
  -108
  -582
   106
   282
  -837
  -554
 -1945
  -264
   217
  -272
  -747
   241
   338
  1077
     2
   493
  -262
   131
  -210
  -170
  -161
    19
  -201
    37
   242
  1023
   746
   633
   517
   549
   165
  -609
    90
   235
 -1287
  -403
   -45
 -1403
  -403
    83
   366
   499
 -1028
  -522
  -383
   407
   872
   -79
  -209
   494
  -671
   672
  -880
  -424
   172
   -77
    78
    -6
  -374
  -399
   748
   353
  -386
  -226
   546
     9
   -27
  -477
   168
   370
  -843
   376
  -142
   671
  -425
   -83
 -1562
    12
  -870
   540
   396
 -1016
 -1170
 -1291
  -185
   451
  -915
  -191
   336
  -895
    88
   321
   389
   518
  -674
   902
   567
  -320
  -737
   436
  -330
  -994
 -1053
  -621
   848
   213
    13
   120
    81
   857
   505
   899
  1030
   -12
   714
     0
    -5
   478
   867
  1222
   449
  -376
  -803
  -384
   386
  -781
  -958
  -461
   -99
   229
   145
  -274
   -61
  -628
 -1153
 -1328
  -614
  -615
 -1164
  -159
   477
  -807
  -262
  -808
    38
    -4
   626
  -209
  -888
  -393
  -781
  -233
   511
   375
   541
  -126
  -658
   437
   595
   120
  -618
   310
   197
   703
  -697
  -159
    69
  -176
  -239
   -18
   263
   558
   129
   270
   660
  1036
  -340
 -1004
  -230
    -6
  -464
  -325
  -452
  -893
  -142
  -309
   110
   115
   203
   373
  1345
  -150
   462
   -41
  -715
   432
  -946
  -915
  -326
  -302
 -1199
  -894
  -866
   452
  -540
  1121
  -248
  -740
  -323
  -683
   863
   177
  1076
   574
   165
   705
  1103
  -570
  -587
  -219
  -553
  -481
  -941
   -92
  -482
   170
   974
   525
   762
  -384
   231
  1050
   166
  1667
  -284
   184
    42
  -509
   366
   645
  1294
   512
  -352
  -467
   -36
   895
   640
   118
   -59
   -11
   185
   -65
  -323
  -195
  -431
   -89
   547
  -279
  -677
  -218
  -286
   -75
  -309
  -246
   273
  -649
   327
  -821
   540
   642
  -993
   835
  -224
  -168
  -462
   713
   121
   611
   581
  -683
   244
 -1076
   176
    18
 -1475
   -11
   627
  -372
   -79
   -62
   328
   318
   847
  1069
  1061
   701
  1185
   849
    22
  -350
   232
    77
  -669
  -367
  -200
  1041
   -75
   635
   597
   -83
  1767
  1313
  1006
  -872
   565
  -506
  1178
  -251
   413
   368
   685
   677
   284
   187
  -396
 -1235
  -641
   225
   597
  -376
   341
   374
   128
   653
   577
   178
   905
  1180
  -687
   133
   443
 -1043
  -934
  -375
  -303
    32
  -581
   -88
 -1009
   501
  -613
  -890
   328
   608
   955
   962
  1596
    -4
   578
  -341
  -179
  -592
  1028
   -45
  -189
  -383
  -198
  -352
 -1201
  -311
   -29
  -533
   -87
  -879
  -610
   -15
  -193
  -470
  -273
   476
   -89
   939
   698
   963
   834
   224
  -224
    98
   323
   843
  1561
  1410
   128
     0
   227
   817
   387
   403
   708
   751
   936
  -842
  -429
  -437
  -302
  -460
   279
  -696
  -629
  -132
  1004
   390
   205
   451
  1452
   773
   855
   -36
  -153
   -49
   -84
   -51
  -586
   566
   224
  -596
 -1021
   430
  -597
 -1014
   317
  -642
  -614
  -712
  -638
  -569
  -846
   430
  -746
   -53
  -818
   420
   306
  -176
  -916
   -87
  -240
 -1116
  -228
   654
   956
  -231
  -125
  -288
   664
  -937
   239
  -247
   235
   522
  -618
   660
   206
    90
   480
   870
  -190
  -127
   660
  -454
   535
   300
  -628
   676
   314
   663
   239
  1001
   903
   670
  1287
  -221
  -990
  -797
  -638
  -414
   -79
   183
  -775
  -408
    53
  -569
  -772
   -29
  -758
    12
  -712
    43
  -591
  -370
  -131
   546
  -174
  -896
  -620
  -563
   716
  -380
   624
   159
   691
   165
   650
   517
   339
   307
   633
  1006
    55
   934
  -581
  1392
   544
   -31
   664
  1078
  1694
  1270
  -446
   -61
   668
   545
   602
   478
   887
   919
   -24
   211
  -471
  -553
  -459
   106
   125
  -816
   303
  -969
 -1247
  -133
  -407
   821
  -209
   430
  -963
  -943
   299
  -831
  -438
   373
 -1145
  -378
    69
  -181
   765
   268
   269
   960
  -721
   546
   849
   398
   502
   172
   923
   745
    48
  -404
   265
  -149
  -597
   295
   720
  1038
  1002
   448
   228
  1018
  -215
  -690
  -415
  -609
 -1626
    52
  -862
  -200
  -855
   496
   113
  -516
  -183
  -402
   329
 -1064
   140
   724
   248
   449
   617
   364
   -40
  -100
  1444
   119
   357
   229
   359
  1050
   795
    57
  -590
   445
   372
    46
  -333
  -161
   -32
    84
   426
    -9
   -62
  -367
  1190
     7
   518
  -877
   214
   927
   520
  -484
  -162
   -88
  -452
   447
   420
   218
   685
  -605
   233
   234
   613
  -109
 -1211
  -339
  -520
 -1285
  -998
   448
     9
  -344
 -1146
  -522
  -118
   368
  -216
  -473
   284
    14
   271
     6
  -425
  -277
  -187
   234
  -195
   187
   218
  -743
   453
  -379
  -160
   112
   387
    46
    88
  -143
  -307
  -870
    88
  -733
  -175
  -306
  -384
  -663
  -587
  -854
   369
  -247
 -1147
   474
  -881
  -639
  -915
  -669
  -231
 -1473
  -399
  -430
  -465
   849
  -301
   752
   870
   438
  -248
   -94
   344
  -630
     9
  -310
   -64
  -244
  -854
   340
  -488
  -959
    67
    10
    16
  -241
 -1058
  -700
  -306
  -556
  -875
  -822
  -319
 -1641
  -665
   298
  -977
  -656
 -1411
   -67
  -220
  -526
   251
  -239
   322
  -782
  -764
  -967
  -463
  -266
  -432
    -9
   318
  -238
  -293
   132
   575
   590
  -308
  1408
   -82
  -105
  -730
  -461
  -280
  -470
  -435
  -183
  -389
   314
  -143
  1229
   628
  -241
   408
   965
   962
  1137
  1003
    90
   475
   310
   618
  -133
    96
  -164
  -334
   463
  -872
 -1718
   615
  -793
   561
   821
    -8
  -374
   239
   609
  -116
  -591
   402
   600
   160
   570
  -301
   360
  -340
   309
   874
 -1017
  -363
   556
   -83
   -59
 -1198
  -288
   134
  -239
  -705
  -983
  -301
   257
  -128
   -16
  -711
  -993
  -402
  -478
  -125
   136
  -495
  -592
   395
   582
   293
   755
   183
   910
   133
  1096
  -145
   121
   386
 -1424
  -749
  -156
   430
  -469
   817
    88
   -21
   690
    53
   911
   765
  1515
   241
  -369
   304
   -89
  -299
  -299
  -174
   506
  1111
   259
   954
   637
   389
   365
  -272
   309
   364
   497
  -352
  1732
   297
  -235
  1042
   177
   154
   660
   382
  1459
   444
   232
  -432
   359
   412
   324
 -1235
  -506
   389
   115
   -34
  -386
 -1149
    29
   627
  -219
   546
   607
 -1129
  -788
   -48
  -109
   277
    97
  -259
  -759
   323
   -52
   102
    97
  -319
   508
   235
  1569
  1178
    18
  -500
   666
   -87
   100
   624
   205
   554
  1414
  -386
  -509
  -624
  -622
 -1140
  -337
  -573
 -1358
   469
   214
   -28
  -435
 -1160
    -2
   221
  -434
  -456
    10
   829
  1132
   208
   141
  2036
   387
   312
  1098
   -31
  -156
   539
   229
   170
   230
   174
  -641
  -955
 -1402
 -1357
  -764
  -392
   631
  -272
   481
  1194
   664
   374
   -50
  -271
  -423
    63
    16
  -935
  -756
  -335
  -636
   222
  -909
  -940
  -279
 -1030
  -700
  -132
   368
 -1167
   -67
   253
  -166
  1001
  -340
  1033
  -910
   500
   -54
  -145
   744
  -418
  -196
  -177
   972
   959
   316
   704
  -151
   197
  -877
   197
   388
   313
   304
  -161
   388
  -151
   196
  -179
   410
   394
  -513
   467
  -234
    66
  -718
   517
    30
  -140
   597
  -355
   355
  -764
   882
  -293
   241
   -59
   -36
   849
   -85
   637
  1139
  -164
   785
   897
  1401
   298
 -1066
   478
   536
   320
   214
   282
  -285
    96
   247
   578
   300
   564
  -172
    57
   152
  1100
  1206
    22
   496
  1156
   388
   960
    -5
  -624
   782
 -1490
  -926
  -810
  -448
  -636
  -311
  -158
  1152
   639
   616
   499
  1166
   457
  -312
  -518
  -310
  -437
   160
  -157
 -1090
  -302
  -457
  -224
  -631
  -202
   162
  -451
   945
  -640
  -826
   107
  -461
  -169
  -541
  -477
   -90
   368
  -109
   131
  -316
   123
  -527
    39
   148
  1370
   249
   837
   134
   689
   426
    72
    72
   383
   595
  -340
  -217
  -593
  -778
  -239
   -59
 -1132
  -165
   467
    58
    47
  -800
  -338
  -958
   -94
  -951
   583
   323
     9
   -77
 -1079
   316
   350
   -45
  -785
 -1109
  -463
  -502
  -400
  -742
    53
    66
  -362
  -321
  -544
  -837
  -931
  -100
   146
  -564
  -841
  -224
  -540
  -615
  -138
  -399
  -950
  -467
  -112
  -658
  -649
    28
  -254
 -1013
  -612
  -765
   829
  -420
  -242
  -250
  -445
  -147
 -1109
  -217
   570
  -527
  -101
  1841
    49
   480
   190
     1
   254
   266
  1503
   977
   308
  -161
    70
   420
  -511
  -554
  -605
 -1225
  -675
   408
 -1130
  -736
  -530
  -567
  -404
    53
  -605
  -908
   500
  -599
   118
   697
   209
   586
  1045
  -231
   590
  1077
  -180
 -1040
   381
  -417
   220
   325
  -163
  -437
   519
   333
  -825
   -76
 -1689
  -202
  -561
   100
    78
   426
   223
   122
   657
   541
   509
  -188
   813
   845
   388
   127
   634
   -82
  1259
  1037
  -272
  -420
  -335
  -325
  -353
   196
 -1208
 -1127
  -984
   589
  1336
  1175
   706
   869
   808
   108
    -9
    18
  -611
  -336
  -476
  -417
    41
  -486
  -101
   613
   229
  -364
   280
   723
   253
   594
   924
   639
   696
   407
     6
   306
   418
  -253
   353
   488
   916
   603
   543
   215
   681
   967
   627
   426
  1400
  -123
  -758
   301
   863
  -301
  -784
   553
  1156
   508
  -302
   893
   366
   338
   645
   582
  -522
   -51
    24
    87
   352
  -496
    60
    12
  -516
     4
  -284
  -367
 -1246
  -136
   128
  -151
   844
    31
   704
  1617
  -102
    99
  -161
   -32
  -116
   441
  -170
  -115
    32
   907
   272
  -225
    -4
   544
  -299
  1166
   611
  -694
    24
  -353
 -1335
  -822
  -755
  -547
  -429
  -539
  -206
 -1119
  -248
  -855
   179
 -1216
  -700
  -124
   216
   765
  -322
   708
   901
   958
  1048
  -680
  -576
  -706
   183
   564
 -1077
 -1036
  -246
  -499
  -927
    22
  -488
   561
    -1
   436
  -342
  -204
 -1454
    -5
  -718
 -1501
  -400
  -741
   -48
  -221
  -284
  -683
  -398
   116
   401
    30
   263
  -118
  -133
    43
   386
   -24
   662
  -138
  -349
   -82
  -799
 -1604
  -924
 -1697
  -779
  -874
  -262
  -899
   931
    86
  1605
   837
   -28
  -112
  -287
   -87
   288
 -1632
   131
   190
  -185
  -736
   308
   191
  -614
  1184
   404
  1639
   431
   341
   420
   921
   393
   347
   847
   553
   913
  -244
  -381
   604
   157
   121
   591
    24
    44
   172
   103
  -965
  -307
  -431
  -422
 -1605
   302
 -1203
  -634
   859
  -452
   486
    60
   833
  -471
   292
   329
  -233
  1088
   889
  1079
   353
   157
   425
  1272
   346
   806
  -670
   -75
    53
  -579
  -613
  -378
  -476
  -938
    23
  -441
  -451
  -438
  -226
 -1296
   649
   520
   863
   175
  1011
   349
   708
  -714
   613
   507
 -1012
  -107
  -226
  -148
  -161
  -543
  -419
   -98
  -708
   145
  -849
  -303
  -144
   316
   -78
   207
   372
   224
  -299
     2
  -316
   599
   583
   -70
  -259
  -302
  -243
   -99
   318
  -918
  -157
  -351
  -962
 -1011
  -605
    18
 -1066
  -591
   657
  -954
  -439
  -151
   131
  -644
  -669
   171
  -255
   778
   958
  1438
    30
  -110
   417
   394
  1075
  -221
   665
 -1119
  -510
 -1349
  -559
  -390
  -306
  -650
    -6
  -278
  -553
  -337
  -610
   360
   693
   197
  -247
   702
   131
  -115
   410
   477
   520
   457
  -159
  -247
   722
  -237
  -315
   454
   418
   315
   458
   779
   674
   891
   461
   397
  -877
   252
   162
  -529
  -396
  -629
   325
  -907
 -1186
  -296
   416
   324
  -475
   367
  -909
  -473
  -187
   347
   268
  -999
  -487
   -53
   140
   440
  -284
  -194
    42
   175
  1431
  -241
  -447
  -332
   272
  -253
  -209
  -102
 -1386
  -579
  -230
  -334
  -263
   176
  1472
   244
   263
   712
   720
   492
    73
 -1137
   -75
   190
  -575
 -1206
 -1697
   179
   220
   942
   533
   107
   333
   900
   635
   710
    29
   292
   703
   503
   546
   406
   -86
    96
   503
   356
   673
  -119
 -1669
  -998
   -83
  -704
  -327
   878
  -937
 -1089
  -555
  -696
   202
    40
  -637
  -302
  -756
 -1108
 -1206
  -780
   237
  -679
   142
   -44
   453
   -89
   -98
   365
  -323
  -303
   613
   935
  1599
   333
   536
    75
   151
   113
   771
   189
   983
    -8
  -366
   217
   383
   542
   956
  1081
  -419
   -37
  1048
   597
   221
  -915
  -379
  -710
   236
  -353
  -603
   607
  -367
  -907
  -197
  -348
  -335
   220
  -105
  -883
   141
  -222
  -240
   494
   191
   753
   993
   739
   101
  -264
    30
  -508
   779
   -15
   238
  -523
  1632
   171
  1207
  2063
   113
   220
   802
  1069
    39
   358
    32
   283
  -481
   185
  1175
  -121
   338
   634
  -360
    -4
   452
   535
    -3
  -169
    74
   489
   696
  -482
   896
   624
    78
   112
  1308
  -628
   -79
  1208
   844
  1184
   513
  1013
   437
   969
   -72
  2007
  1400
     1
  -423
  1003
  1090
    -6
   302
  1080
   712
   808
   489
  1232
  -973
   349
   636
   595
   738
  -107
   619
   303
   -90
   530
  1078
    21
   537
 -1340
   -86
    33
  -334
   637
  -245
   114
   294
   939
   934
   886
  -255
   405
   392
  -121
  -334
  -555
   -11
  -916
 -1263
  -927
  -975
 -1036
  -467
  -487
  -113
 -1164
  -381
  -362
   411
   125
  1512
   -10
   129
   206
   354
  -411
   322
   104
  1544
   253
   514
   172
   235
    44
    82
  -331
  -956
 -1012
  -906
  -667
 -1251
   -75
   -94
   421
  -640
  -315
  -425
  -519
   468
  -419
 -1060
   -13
  -675
  -279
  -777
  -591
   122
  -324
 -1100
  -666
   352
  -291
   120
   286
  -102
    43
   676
  -307
   488
   767
   412
   485
  -140
  1109
  1146
   175
  -217
   158
  -524
   -14
   930
  -237
  -164
  -203
  -249
  -653
   419
   251
  -811
  -238
  -840
  -421
  -114
     2
 -1036
  -642
  -451
  -532
  -293
  -642
  -318
  -910
  -824
  -487
  -409
   497
 -1241
  -704
   320
  -522
  -446
   497
   251
    25
   243
   387
   240
   642
   586
  -150
  -576
  -222
   -99
  -263
  1240
  1305
  -550
   977
   -69
   280
  -158
   -20
    76
  1012
  -581
    29
  -297
 -1463
   194
   569
   745
  1113
   686
   561
  -701
   497
   705
   328
  -524
  -245
  -105
   -17
   282
  -441
   -79
  -198
   809
   967
  1041
   147
   803
  -549
   456
    70
  1144
    -3
   614
   891
   270
   795
   939
  -140
  -589
   297
  -685
 -1031
  -556
  -223
  -899
   100
  -955
  -203
  -672
  -143
    56
  -243
   151
    89
  1211
   -23
  1022
  1094
  -534
  1204
   989
   693
  -902
   931
  1167
   869
   490
   907
  -266
  -621
  -304
  -593
  -807
  -872
   -72
   106
   173
   620
   -57
   411
   -54
    43
   226
  -223
   931
  1064
  -106
   714
  -920
   561
  -121
   415
  1133
    57
   637
  -787
  -716
  -233
   255
  -199
  -408
   701
   450
   184
  -176
   882
    -7
   109
  -150
  -620
   -12
   -30
  1193
  1080
   261
   870
   513
   410
   688
   224
   183
    81
  -728
   199
  -234
   429
   150
  -606
  -872
  -918
   269
  -274
    42
   -94
   258
   938
   193
   378
   323
   505
   653
   768
   484
   721
  -489
    56
   446
   415
   358
  -829
 -1102
   346
    88
  1075
   848
  -338
    76
  -214
  -797
   284
 -1078
  -339
  -453
   482
   678
   927
   413
    97
   443
  -196
  -223
  -639
    35
   543
   241
  -415
    38
   865
   728
  -560
   834
    94
  -389
  -844
  -425
  -339
  -568
  -350
   -34
   197
    49
   335
   534
  -171
   108
   656
   152
 -1027
 -1510
    13
   297
  1007
   792
  1269
   758
   328
   400
  1036
   101
  1082
  1138
   706
    92
  -198
  -875
  -153
  -301
  -436
   -18
   -32
  -132
  -404
   -39
  -172
   419
   178
  1957
   191
  -228
 -1040
  -411
  -515
  -551
 -1573
  -434
  -285
 -1254
  -681
  -171
 -1278
 -1098
  -426
  -629
 -1234
    12
    12
    12
    12
