     0
     0
    -1
    -4
   -10
   -14
   -14
   -10
   -10
   -11
   -10
   -11
   -11
   -17
   -16
   -17
   -18
   -19
   -20
   -20
   -20
   -17
   -17
   -17
   -17
   -20
   -18
   -17
   -18
   -20
   -21
   -22
   -23
   -24
   -18
   -16
   -15
   -10
   -14
    -4
    17
    51
   117
   183
   237
   266
   303
   362
   408
   455
   517
   612
   678
   733
   807
   854
   895
   967
  1001
  1063
  1089
  1127
  1156
  1159
  1155
  1192
  1226
  1251
  1264
  1294
  1311
  1308
  1346
  1382
  1422
  1479
  1484
  1514
  1548
  1609
  1656
  1705
  1732
  1775
  1834
  1850
  1865
  1851
  1862
  1850
  1821
  1838
  1826
  1803
  1802
  1798
  1824
  1867
  1915
  1955
  1992
  2032
  2030
  2028
  2024
  2027
  2050
  2061
  2056
  2075
  2075
  2084
  2077
  2070
  2085
  2082
  2085
  2067
  2065
  2063
  2064
  2027
  2005
  1952
  1948
  1928
  1926
  1922
  1906
  1908
  1890
  1906
  1925
  1925
  1942
  1961
  1963
  1914
  1934
  1959
  1942
  1945
  1934
  1949
  1951
  1989
  1976
  1980
  2023
  2081
  2083
  2085
  2114
  2126
  2149
  2163
  2164
  2173
  2169
  2165
  2147
  2174
  2179
  2169
  2184
  2209
  2206
  2204
  2195
  2177
  2216
  2210
  2219
  2224
  2203
  2195
  2161
  2200
  2238
  2247
  2260
  2280
  2291
  2294
  2302
  2269
  2234
  2190
  2170
  2144
  2142
  2141
  2166
  2202
  2219
  2246
  2243
  2249
  2241
  2236
  2242
  2233
  2262
  2260
  2274
  2280
  2281
  2279
  2286
  2280
  2248
  2250
  2244
  2235
  2234
  2245
  2240
  2236
  2263
  2277
  2304
  2324
  2330
  2326
  2338
  2329
  2352
  2351
  2355
  2340
  2342
  2350
  2364
  2385
  2430
  2453
  2469
  2484
  2485
  2488
  2499
  2483
  2491
  2487
  2470
  2442
  2443
  2414
  2404
  2372
  2337
  2359
  2337
  2340
  2342
  2342
  2344
  2326
  2294
  2235
  2236
  2250
  2245
  2239
  2207
  2192
  2163
  2128
  2087
  2073
  2070
  2065
  2066
  2069
  2053
  2082
  2090
  2109
  2113
  2148
  2191
  2210
  2267
  2264
  2260
  2264
  2266
  2268
  2251
  2221
  2217
  2204
  2191
  2165
  2167
  2172
  2167
  2184
  2207
  2187
  2183
  2189
  2199
  2194
  2166
  2160
  2110
  2058
  2041
  2042
  2057
  2074
  2088
  2127
  2138
  2128
  2152
  2143
  2144
  2145
  2161
  2184
  2162
  2182
  2192
  2197
  2200
  2207
  2208
  2223
  2249
  2270
  2283
  2301
  2314
  2308
  2290
  2268
  2239
  2205
  2204
  2182
  2182
  2185
  2184
  2176
  2177
  2138
  2127
  2119
  2112
  2107
  2112
  2108
  2158
  2181
  2170
  2172
  2179
  2194
  2180
  2196
  2223
  2231
  2211
  2207
  2220
  2251
  2284
  2303
  2321
  2326
  2361
  2365
  2362
  2372
  2352
  2365
  2332
  2304
  2277
  2263
  2254
  2242
  2240
  2244
  2231
  2219
  2222
  2210
  2199
  2191
  2205
  2198
  2226
  2265
  2279
  2320
  2332
  2338
  2367
  2380
  2407
  2426
  2406
  2429
  2426
  2419
  2417
  2396
  2371
  2356
  2350
  2320
  2292
  2283
  2276
  2254
  2231
  2220
  2202
  2207
  2206
  2211
  2230
  2242
  2230
  2246
  2261
  2270
  2272
  2295
  2295
  2302
  2320
  2343
  2342
  2358
  2366
  2364
  2344
  2315
  2309
  2320
  2315
  2314
  2312
  2306
  2305
  2277
  2249
  2217
  2180
  2140
  2127
  2101
  2079
  2061
  2034
  2042
  2021
  2030
  2043
  2008
  2024
  2035
  2049
  2030
  2025
  2025
  1997
  1975
  1947
  1922
  1880
  1861
  1842
  1836
  1838
  1847
  1846
  1838
  1815
  1768
  1764
  1760
  1753
  1761
  1755
  1799
  1818
  1809
  1824
  1825
  1808
  1836
  1872
  1874
  1880
  1910
  1908
  1912
  1911
  1908
  1897
  1894
  1848
  1850
  1825
  1813
  1803
  1819
  1814
  1795
  1790
  1768
  1755
  1769
  1767
  1771
  1771
  1751
  1719
  1712
  1709
  1708
  1708
  1716
  1705
  1720
  1754
  1766
  1786
  1809
  1825
  1823
  1800
  1791
  1793
  1806
  1807
  1817
  1814
  1827
  1824
  1856
  1872
  1874
  1885
  1902
  1926
  1920
  1952
  2004
  2020
  2038
  2054
  2073
  2071
  2049
  2059
  2053
  2061
  2064
  2062
  2072
  2065
  2059
  2060
  2053
  2031
  2009
  2014
  2018
  2014
  2022
  2023
  2030
  2052
  2083
  2092
  2095
  2099
  2102
  2111
  2137
  2165
  2167
  2187
  2207
  2204
  2205
  2203
  2210
  2214
  2224
  2243
  2244
  2245
  2232
  2217
  2212
  2192
  2159
  2152
  2160
  2161
  2166
  2145
  2148
  2110
  2090
  2054
  2045
  2035
  2032
  2032
  2065
  2096
  2128
  2139
  2147
  2145
  2147
  2163
  2158
  2179
  2240
  2244
  2230
  2229
  2226
  2215
  2205
  2185
  2195
  2181
  2174
  2156
  2151
  2133
  2091
  2080
  2090
  2074
  2039
  2036
  2040
  2041
  2073
  2120
  2126
  2151
  2151
  2150
  2156
  2142
  2118
  2105
  2060
  2036
  2024
  2012
  2017
  2011
  2009
  1996
  1999
  1961
  1966
  1965
  1966
  1958
  1959
  1948
  1932
  1936
  1903
  1890
  1888
  1904
  1894
  1884
  1858
  1842
  1803
  1797
  1787
  1759
  1734
  1751
  1722
  1715
  1728
  1737
  1747
  1740
  1741
  1730
  1688
  1675
  1691
  1683
  1685
  1703
  1727
  1752
  1754
  1770
  1803
  1817
  1815
  1813
  1770
  1781
  1784
  1777
  1731
  1723
  1731
  1728
  1760
  1774
  1807
  1839
  1856
  1859
  1855
  1860
  1870
  1885
  1919
  1932
  1944
  1950
  1948
  1947
  1910
  1901
  1876
  1900
  1900
  1900
  1906
  1889
  1885
  1912
  1948
  1944
  1951
  1957
  1955
  1943
  1930
  1938
  1918
  1898
  1889
  1889
  1881
  1853
  1835
  1816
  1778
  1784
  1783
  1781
  1782
  1789
  1781
  1782
  1771
  1737
  1728
  1724
  1728
  1725
  1700
  1675
  1669
  1659
  1661
  1655
  1653
  1684
  1731
  1741
  1745
  1765
  1768
  1767
  1764
  1766
  1755
  1739
  1724
  1704
  1707
  1716
  1726
  1711
  1698
  1664
  1664
  1674
  1653
  1657
  1662
  1656
  1647
  1632
  1606
  1595
  1581
  1588
  1606
  1606
  1610
  1632
  1653
  1664
  1672
  1676
  1692
  1707
  1712
  1695
  1698
  1681
  1654
  1638
  1635
  1647
  1676
  1705
  1717
  1737
  1757
  1758
  1753
  1750
  1717
  1697
  1685
  1682
  1684
  1679
  1660
  1673
  1673
  1719
  1754
  1776
  1797
  1796
  1799
  1792
  1816
  1845
  1865
  1863
  1882
  1882
  1879
  1882
  1888
  1898
  1921
  1922
  1935
  1933
  1930
  1927
  1940
  1955
  1952
  1972
  1962
  1940
  1966
  1985
  1990
  1952
  1937
  1941
  1912
  1921
  1917
  1925
  1947
  1961
  1986
  2002
  2024
  2018
  2006
  1999
  2004
  2009
  2006
  2021
  2030
  2034
  2036
  2031
  2053
  2077
  2100
  2100
  2099
  2102
  2101
  2093
  2117
  2139
  2142
  2138
  2143
  2140
  2136
  2134
  2133
  2097
  2113
  2118
  2103
  2103
  2105
  2108
  2122
  2128
  2146
  2151
  2141
  2155
  2153
  2151
  2183
  2202
  2203
  2212
  2223
  2227
  2228
  2228
  2235
  2248
  2250
  2264
  2266
  2245
  2218
  2215
  2194
  2198
  2199
  2198
  2226
  2216
  2192
  2168
  2145
  2118
  2093
  2071
  2055
  2032
  2006
  1995
  2008
  1999
  1995
  1969
  1960
  1943
  1948
  1936
  1895
  1871
  1866
  1826
  1820
  1823
  1824
  1825
  1804
  1767
  1769
  1722
  1719
  1725
  1733
  1724
  1756
  1761
  1772
  1788
  1795
  1798
  1801
  1790
  1790
  1783
  1745
  1731
  1734
  1729
  1724
  1730
  1735
  1765
  1752
  1766
  1775
  1795
  1808
  1810
  1816
  1850
  1851
  1859
  1870
  1859
  1851
  1839
  1795
  1777
  1718
  1689
  1679
  1676
  1673
  1678
  1663
  1612
  1610
  1622
  1592
  1578
  1577
  1582
  1556
  1538
  1502
  1508
  1500
  1493
  1491
  1483
  1484
  1496
  1467
  1453
  1451
  1444
  1455
  1457
  1476
  1484
  1474
  1511
  1520
  1517
  1517
  1534
  1542
  1533
  1534
  1546
  1545
  1558
  1535
  1521
  1506
  1482
  1451
  1451
  1450
  1452
  1463
  1475
  1485
  1528
  1540
  1531
  1552
  1550
  1550
  1571
  1559
  1578
  1571
  1576
  1576
  1574
  1566
  1560
  1546
  1538
  1537
  1525
  1520
  1524
  1539
  1529
  1525
  1542
  1540
  1547
  1535
  1527
  1527
  1508
  1527
  1507
  1494
  1485
  1456
  1454
  1449
  1446
  1448
  1467
  1466
  1479
  1488
  1484
  1486
  1498
  1524
  1564
  1579
  1584
  1597
  1596
  1592
  1601
  1604
  1628
  1655
  1686
  1706
  1700
  1699
  1699
  1689
  1708
  1719
  1733
  1732
  1729
  1732
  1743
  1762
  1761
  1803
  1840
  1831
  1838
  1840
  1841
  1850
  1857
  1854
  1868
  1874
  1880
  1868
  1881
  1883
  1866
  1871
  1859
  1839
  1827
  1842
  1850
  1857
  1849
  1860
  1880
  1874
  1874
  1869
  1873
  1865
  1837
  1809
  1813
  1802
  1798
  1790
  1776
  1738
  1713
  1678
  1675
  1674
  1671
  1670
  1669
  1639
  1586
  1555
  1516
  1514
  1505
  1507
  1502
  1500
  1485
  1437
  1440
  1444
  1445
  1448
  1453
  1467
  1473
  1470
  1470
  1482
  1471
  1471
  1472
  1463
  1481
  1488
  1484
  1480
  1479
  1470
  1474
  1482
  1495
  1466
  1453
  1444
  1433
  1432
  1455
  1486
  1481
  1478
  1480
  1495
  1492
  1497
  1490
  1492
  1467
  1489
  1482
  1460
  1463
  1462
  1468
  1461
  1446
  1430
  1431
  1412
  1389
  1374
  1372
  1352
  1329
  1330
  1339
  1327
  1325
  1329
  1332
  1324
  1330
  1356
  1364
  1367
  1368
  1367
  1376
  1371
  1342
  1339
  1353
  1376
  1379
  1385
  1393
  1381
  1360
  1339
  1350
  1349
  1352
  1348
  1354
  1345
  1330
  1315
  1323
  1312
  1315
  1318
  1325
  1328
  1325
  1331
  1356
  1350
  1355
  1359
  1354
  1387
  1373
  1387
  1414
  1412
  1408
  1413
  1383
  1372
  1397
  1381
  1385
  1398
  1405
  1422
  1428
  1424
  1439
  1445
  1425
  1440
  1448
  1451
  1475
  1475
  1493
  1500
  1516
  1521
  1514
  1510
  1506
  1514
  1532
  1537
  1520
  1508
  1510
  1511
  1522
  1536
  1524
  1538
  1548
  1552
  1551
  1549
  1552
  1539
  1509
  1507
  1518
  1520
  1479
  1479
  1438
  1422
  1421
  1407
  1401
  1391
  1389
  1387
  1388
  1406
  1419
  1439
  1456
  1443
  1440
  1446
  1465
  1464
  1446
  1466
  1460
  1464
  1461
  1459
  1476
  1476
  1445
  1449
  1437
  1417
  1429
  1419
  1389
  1391
  1431
  1414
  1417
  1427
  1419
  1417
  1413
  1417
  1443
  1471
  1471
  1474
  1476
  1481
  1475
  1455
  1442
  1425
  1436
  1427
  1381
  1374
  1380
  1352
  1337
  1341
  1340
  1330
  1328
  1328
  1340
  1345
  1349
  1329
  1353
  1373
  1371
  1362
  1323
  1340
  1343
  1386
  1377
  1380
  1383
  1378
  1377
  1378
  1372
  1357
  1354
  1363
  1336
  1361
  1355
  1351
  1357
  1381
  1381
  1402
  1412
  1400
  1391
  1412
  1399
  1403
  1412
  1406
  1410
  1407
  1413
  1388
  1383
  1404
  1397
  1396
  1396
  1398
  1384
  1365
  1323
  1300
  1311
  1299
  1295
  1294
  1288
  1272
  1263
  1248
  1236
  1251
  1271
  1264
  1286
  1281
  1285
  1292
  1308
  1320
  1331
  1322
  1319
  1318
  1296
  1303
  1284
  1292
  1284
  1288
  1281
  1276
  1248
  1248
  1249
  1245
  1245
  1251
  1261
  1249
  1277
  1274
  1290
  1293
  1291
  1287
  1299
  1302
  1293
  1303
  1324
  1327
  1327
  1322
  1325
  1336
  1366
  1371
  1376
  1380
  1369
  1358
  1368
  1343
  1336
  1321
  1312
  1333
  1316
  1312
  1318
  1293
  1275
  1269
  1280
  1295
  1285
  1285
  1277
  1274
  1255
  1239
  1235
  1215
  1207
  1203
  1183
  1214
  1224
  1200
  1214
  1207
  1190
  1215
  1213
  1206
  1206
  1217
  1238
  1240
  1237
  1242
  1242
  1254
  1224
  1232
  1206
  1195
  1190
  1189
  1180
  1197
  1192
  1204
  1213
  1219
  1215
  1215
  1222
  1233
  1259
  1242
  1203
  1198
  1201
  1204
  1215
  1235
  1237
  1252
  1251
  1239
  1238
  1232
  1227
  1211
  1210
  1199
  1187
  1192
  1191
  1198
  1206
  1211
  1205
  1205
  1213
  1210
  1215
  1209
  1208
  1206
  1214
  1188
  1189
  1176
  1173
  1174
  1174
  1169
  1146
  1137
  1131
  1117
  1115
  1127
  1141
  1166
  1155
  1165
  1149
  1160
  1157
  1158
  1166
  1180
  1209
  1226
  1219
  1220
  1209
  1219
  1222
  1209
  1192
  1191
  1174
  1153
  1140
  1131
  1132
  1136
  1135
  1159
  1161
  1166
  1143
  1147
  1158
  1144
  1131
  1118
  1095
  1113
  1097
  1098
  1112
  1114
  1093
  1107
  1126
  1132
  1132
  1132
  1133
  1125
  1099
  1107
  1094
  1076
  1073
  1075
  1101
  1103
  1118
  1107
  1104
  1101
  1111
  1129
  1136
  1143
  1153
  1166
  1186
  1171
  1172
  1173
  1170
  1172
  1183
  1215
  1225
  1234
  1233
  1237
  1248
  1261
  1280
  1285
  1290
  1283
  1284
  1279
  1285
  1302
  1301
  1296
  1298
  1302
  1292
  1287
  1292
  1278
  1303
  1314
  1324
  1314
  1316
  1318
  1326
  1330
  1339
  1353
  1359
  1345
  1340
  1333
  1357
  1364
  1371
  1353
  1355
  1351
  1344
  1343
  1343
  1352
  1366
  1350
  1353
  1353
  1353
  1349
  1346
  1361
  1353
  1369
  1355
  1329
  1328
  1327
  1336
  1329
  1340
  1332
  1340
  1319
  1287
  1274
  1262
  1246
  1251
  1241
  1231
  1232
  1229
  1248
  1238
  1243
  1259
  1251
  1248
  1249
  1261
  1268
  1253
  1241
  1241
  1224
  1215
  1208
  1205
  1203
  1198
  1191
  1170
  1151
  1146
  1130
  1129
  1122
  1129
  1146
  1167
  1151
  1162
  1179
  1184
  1180
  1167
  1161
  1137
  1131
  1132
  1124
  1123
  1117
  1118
  1128
  1122
  1151
  1151
  1152
  1162
  1163
  1155
  1138
  1140
  1133
  1127
  1119
  1116
  1114
  1110
  1098
  1114
  1110
  1117
  1134
  1122
  1136
  1135
  1129
  1114
  1120
  1139
  1182
  1202
  1206
  1200
  1194
  1215
  1180
  1180
  1184
  1183
  1198
  1206
  1216
  1215
  1222
  1228
  1231
  1230
  1230
  1237
  1232
  1233
  1225
  1214
  1216
  1217
  1219
  1203
  1196
  1175
  1174
  1183
  1189
  1182
  1176
  1195
  1204
  1188
  1227
  1223
  1225
  1224
  1222
  1231
  1209
  1208
  1217
  1252
  1248
  1246
  1239
  1239
  1219
  1207
  1223
  1204
  1212
  1210
  1209
  1198
  1166
  1153
  1145
  1131
  1131
  1127
  1124
  1142
  1144
  1152
  1161
  1191
  1184
  1184
  1174
  1170
  1166
  1173
  1175
  1187
  1172
  1168
  1181
  1184
  1153
  1158
  1151
  1155
  1151
  1150
  1155
  1163
  1161
  1157
  1169
  1155
  1135
  1151
  1138
  1129
  1146
  1128
  1108
  1092
  1068
  1044
  1063
  1079
  1076
  1084
  1091
  1089
  1080
  1078
  1075
  1073
  1088
  1077
  1050
  1046
  1049
  1047
  1049
  1032
  1035
  1011
  1021
  1016
   998
   988
   997
  1002
  1000
  1015
  1028
  1039
  1032
  1023
  1030
  1046
  1064
  1064
  1067
  1080
  1079
  1062
  1059
  1061
  1056
  1062
  1056
  1052
  1043
  1049
  1047
  1049
  1056
  1062
  1071
  1056
  1066
  1064
  1058
  1057
  1067
  1070
  1078
  1078
  1081
  1082
  1097
  1104
  1083
  1079
  1067
  1054
  1044
  1043
  1042
  1047
  1032
  1027
  1026
  1014
  1013
  1018
  1020
  1017
  1015
  1006
   975
   964
   969
   971
   979
   994
   981
   967
   957
   972
   958
   957
   955
   949
   944
   948
   953
   940
   945
   936
   944
   939
   937
   928
   921
   929
   926
   928
   928
   946
   935
   939
   934
   906
   905
   905
   903
   901
   886
   891
   884
   905
   916
   904
   898
   882
   877
   845
   844
   848
   840
   841
   835
   851
   856
   858
   874
   852
   865
   860
   853
   849
   836
   847
   839
   833
   832
   843
   833
   816
   823
   821
   821
   812
   800
   806
   807
   792
   789
   790
   785
   791
   809
   817
   805
   804
   809
   808
   797
   790
   781
   775
   775
   778
   770
   775
   777
   787
   796
   791
   792
   800
   804
   823
   829
   847
   860
   866
   849
   861
   852
   863
   864
   868
   876
   869
   870
   856
   839
   831
   816
   816
   792
   785
   769
   781
   783
   793
   796
   802
   824
   809
   824
   823
   803
   800
   804
   830
   815
   806
   781
   798
   796
   771
   780
   763
   780
   773
   773
   765
   772
   792
   787
   778
   782
   777
   767
   783
   781
   783
   793
   798
   813
   812
   817
   823
   832
   809
   812
   810
   812
   805
   802
   807
   809
   807
   813
   824
   828
   826
   819
   832
   805
   805
   807
   817
   819
   817
   822
   841
   848
   858
   855
   845
   856
   871
   884
   885
   894
   915
   903
   888
   878
   876
   875
   872
   844
   859
   852
   830
   835
   842
   842
   841
   836
   810
   776
   773
   759
   758
   760
   767
   751
   760
   754
   764
   745
   723
   720
   725
   726
   720
   700
   692
   696
   690
   691
   685
   693
   708
   736
   720
   716
   725
   725
   721
   722
   725
   722
   728
   720
   725
   727
   730
   730
   755
   746
   734
   745
   748
   746
   744
   731
   740
   788
   785
   784
   787
   786
   787
   785
   799
   788
   785
   773
   777
   773
   768
   772
   774
   770
   772
   771
   771
   771
   773
   769
   758
   755
   752
   766
   759
   772
   790
   782
   781
   787
   782
   787
   793
   802
   800
   812
   810
   797
   796
   795
   798
   797
   802
   810
   823
   801
   819
   817
   815
   815
   811
   808
   834
   821
   826
   815
   814
   814
   810
   814
   824
   804
   789
   782
   782
   781
   781
   779
   771
   781
   782
   770
   766
   764
   796
   803
   804
   799
   785
   787
   802
   819
   822
   820
   813
   819
   814
   829
   827
   816
   794
   772
   759
   759
   768
   771
   773
   773
   767
   775
   786
   791
   788
   795
   796
   801
   800
   796
   783
   779
   777
   767
   784
   784
   778
   771
   758
   738
   735
   735
   737
   736
   742
   754
   782
   796
   806
   806
   814
   818
   831
   822
   820
   828
   819
   806
   827
   837
   842
   853
   864
   880
   888
   893
   893
   895
   895
   905
   910
   907
   908
   904
   905
   912
   919
   890
   872
   866
   868
   862
   854
   855
   850
   854
   872
   855
   848
   840
   832
   818
   824
   821
   821
   819
   820
   813
   809
   809
   805
   793
   787
   769
   770
   762
   745
   732
   718
   719
   727
   734
   740
   723
   723
   722
   728
   719
   727
   744
   734
   736
   735
   739
   736
   734
   748
   764
   774
   780
   782
   778
   773
   776
   761
   738
   740
   732
   731
   745
   749
   742
   745
   743
   755
   744
   727
   730
   731
   738
   736
   727
   729
   710
   707
   702
   702
   702
   704
   691
   689
   700
   698
   699
   691
   696
   697
   725
   737
   736
   739
   737
   733
   698
   675
   683
   689
   698
   700
   696
   691
   704
   712
   688
   677
   684
   693
   696
   694
   693
   689
   669
   677
   677
   669
   679
   665
   672
   683
   691
   697
   702
   690
   682
   666
   669
   661
   670
   659
   666
   672
   671
   680
   710
   705
   701
   680
   683
   686
   686
   683
   679
   672
   669
   656
   666
   663
   665
   664
   665
   649
   634
   642
   645
   646
   647
   648
   651
   643
   650
   656
   669
   668
   671
   664
   657
   649
   639
   648
   650
   651
   650
   658
   661
   650
   663
   665
   670
   670
   680
   662
   671
   667
   658
   643
   643
   656
   655
   666
   656
   645
   649
   659
   657
   658
   659
   657
   654
   624
   632
   631
   631
   633
   635
   635
   634
   634
   645
   644
   649
   647
   647
   644
   637
   635
   639
   652
   644
   637
   642
   636
   637
   628
   639
   638
   649
   648
   646
   652
   649
   636
   651
   669
   671
   669
   669
   685
   675
   661
   669
   651
   652
   652
   644
   650
   653
   655
   640
   630
   633
   633
   634
   637
   639
   639
   653
   660
   658
   658
   658
   643
   650
   635
   628
   626
   629
   628
   622
   627
   630
   624
   621
   635
   634
   613
   616
   605
   590
   610
   603
   601
   610
   605
   608
   612
   602
   615
   621
   612
   598
   588
   572
   570
   576
   592
   585
   583
   577
   575
   575
   574
   582
   593
   596
   598
   598
   602
   598
   597
   592
   592
   608
   605
   602
   593
   590
   591
   580
   595
   592
   606
   576
   567
   578
   571
   579
   593
   596
   594
   603
   596
   603
   610
   610
   607
   616
   622
   628
   626
   626
   615
   606
   613
   628
   639
   638
   635
   633
   638
   637
   631
   623
   617
   626
   625
   623
   623
   618
   599
   604
   605
   576
   576
   569
   581
   580
   597
   593
   595
   592
   597
   595
   595
   587
   600
   599
   607
   599
   599
   596
   591
   590
   593
   590
   597
   596
   581
   581
   564
   568
   556
   548
   571
   576
   575
   575
   569
   563
   563
   562
   568
   568
   550
   546
   543
   537
   537
   545
   545
   543
   562
   584
   572
   584
   575
   579
   558
   551
   570
   567
   560
   564
   535
   540
   545
   542
   542
   543
   550
   550
   547
   550
   541
   540
   544
   543
   538
   537
   525
   507
   513
   510
   509
   510
   509
   508
   503
   498
   498
   516
   509
   510
   511
   516
   495
   491
   490
   514
   506
   507
   509
   503
   499
   493
   528
   511
   508
   510
   520
   536
   538
   542
   515
   517
   520
   523
   523
   521
   523
   513
   521
   528
   523
   527
   521
   531
   516
   518
   530
   523
   521
   519
   511
   508
   497
   486
   475
   473
   485
   488
   494
   497
   518
   499
   506
   500
   509
   510
   497
   496
   492
   476
   473
   471
   476
   480
   488
   475
   482
   485
   499
   504
   505
   506
   501
   486
   494
   493
   509
   510
   510
   510
   514
   517
   514
   519
   513
   507
   504
   497
   500
   514
   520
   525
   528
   540
   536
   522
   525
   513
   517
   520
   519
   511
   510
   487
   477
   465
   466
   458
   456
   451
   448
   452
   457
   445
   466
   479
   482
   486
   488
   496
   489
   488
   470
   482
   482
   465
   459
   461
   459
   461
   456
   435
   429
   429
   427
   427
   423
   435
   424
   428
   444
   426
   443
   437
   447
   452
   465
   457
   441
   445
   447
   448
   452
   441
   443
   420
   446
   434
   450
   451
   458
   454
   454
   464
   474
   469
   469
   474
   470
   477
   504
   526
   521
   524
   527
   530
   525
   546
   550
   533
   522
   522
   520
   521
   520
   543
   541
   546
   546
   536
   533
   529
   531
   530
   511
   512
   501
   503
   507
   505
   509
   511
   498
   488
   485
   498
   494
   483
   480
   473
   482
   480
   489
   485
   484
   487
   485
   482
   489
   492
   493
   499
   500
   499
   494
   500
   489
   507
   509
   505
   499
   503
   496
   498
   516
   519
   512
   509
   512
   513
   528
   523
   506
   497
   474
   464
   454
   481
   493
   474
   494
   491
   500
   502
   500
   500
   493
   477
   477
   486
   477
   469
   469
   473
   482
   485
   488
   482
   474
   473
   468
   469
   466
   457
   452
   445
   446
   459
   454
   457
   454
   454
   462
   455
   461
   459
   457
   457
   462
   450
   447
   435
   425
   424
   427
   428
   438
   422
   407
   407
   404
   404
   407
   414
   406
   399
   400
   403
   388
   375
   383
   379
   389
   385
   392
   386
   396
   397
   392
   389
   392
   376
   376
   375
   379
   400
   391
   400
   424
   427
   411
   399
   402
   395
   392
   392
   385
   380
   390
   382
   383
   391
   392
   397
   388
   391
   394
   394
   406
   396
   376
   383
   380
   390
   403
   410
   417
   415
   424
   422
   430
   431
   427
   432
   423
   413
   404
   397
   400
   386
   380
   371
   363
   358
   353
   356
   355
   354
   368
   364
   355
   353
   352
   350
   347
   340
   328
   318
   335
   344
   339
   338
   336
   317
   300
   296
   309
   312
   309
   309
   303
   306
   309
   318
   306
   319
   311
   300
   293
   281
   295
   318
   305
   301
   301
   301
   308
   305
   307
   298
   307
   304
   305
   305
   304
   304
   314
   319
   325
   334
   335
   338
   336
   337
   338
   357
   349
   344
   359
   358
   368
   383
   372
   377
   369
   369
   367
   367
   369
   373
   384
   384
   389
   380
   376
   382
   378
   382
   369
   378
   382
   388
   396
   398
   401
   394
   415
   422
   413
   410
   406
   404
   398
   387
   407
   409
   415
   403
   401
   393
   387
   390
   381
   373
   363
   363
   365
   363
   358
   363
   357
   358
   358
   370
   361
   364
   346
   361
   356
   342
   342
   332
   332
   333
   328
   324
   313
   316
   314
   308
   308
   307
   309
   313
   318
   326
   342
   331
   340
   339
   347
   349
   349
   361
   355
   364
   350
   336
   326
   333
   336
   334
   328
   322
   323
   323
   318
   324
   317
   322
   302
   292
   292
   295
   309
   313
   317
   308
   319
   318
   318
   317
   317
   321
   329
   324
   321
   325
   324
   322
   318
   315
   309
   320
   317
   316
   310
   308
   313
   295
   285
   289
   274
   272
   275
   271
   275
   271
   275
   260
   264
   262
   270
   273
   262
   257
   253
   227
   224
   235
   224
   232
   231
   229
   228
   234
   242
   252
   250
   247
   249
   248
   247
   258
   249
   251
   249
   244
   251
   252
   241
   235
   228
   230
   231
   232
   228
   233
   237
   256
   257
   252
   254
   249
   249
   242
   226
   212
   227
   224
   225
   224
   233
   237
   233
   226
   232
   242
   249
   250
   249
   251
   240
   241
   242
   239
   238
   235
   230
   229
   243
   243
   246
   247
   235
   239
   244
   230
   236
   240
   225
   229
   216
   223
   206
   210
   216
   207
   207
   199
   207
   216
   197
   192
   182
   166
   172
   171
   171
   167
   173
   164
   150
   165
   172
   183
   179
   182
   180
   184
   189
   194
   204
   194
   198
   196
   198
   189
   196
   192
   204
   202
   200
   198
   206
   210
   210
   194
   182
   179
   181
   179
   173
   166
   189
   190
   191
   185
   179
   176
   176
   184
   185
   185
   194
   197
   196
   212
   222
   224
   239
   233
   241
   242
   242
   243
   248
   250
   242
   250
   268
   257
   259
   268
   267
   253
   281
   271
   253
   244
   240
   245
   239
   219
   211
   205
   197
   196
   200
   210
   213
   214
   214
   211
   229
   233
   235
   236
   229
   219
   198
   223
   225
   229
   225
   223
   220
   220
   228
   233
   227
   230
   229
   229
   228
   234
   221
   252
   253
   259
   259
   257
   268
   265
   256
   239
   274
   267
   272
   261
   252
   242
   234
   233
   236
   231
   230
   230
   224
   209
   198
   204
   206
   195
   193
   185
   181
   175
   175
   164
   167
   181
   187
   190
   190
   195
   210
   219
   242
   239
   238
   234
   247
   247
   244
   259
   266
   273
   282
   281
   279
   283
   286
   274
   268
   268
   269
   269
   268
   259
   267
   247
   263
   259
   259
   259
   269
   269
   273
   284
   289
   285
   289
   290
   277
   268
   274
   272
   249
   257
   266
   271
   269
   282
   264
   260
   238
   224
   223
   224
   224
   232
   205
   217
   218
   211
   213
   209
   198
   212
   215
   209
   209
   217
   216
   216
   215
   209
   207
   205
   210
   192
   179
   175
   146
   159
   173
   170
   171
   170
   167
   185
   182
   193
   202
   195
   193
   195
   204
   203
   209
   217
   218
   227
   241
   246
   246
   250
   251
   243
   237
   242
   253
   257
   259
   266
   264
   270
   263
   256
   257
   255
   257
   256
   252
   242
   235
   222
   212
   209
   225
   218
   223
   224
   222
   228
   226
   238
   234
   233
   232
   241
   239
   228
   220
   218
   215
   208
   220
   209
   203
   203
   195
   181
   168
   169
   164
   162
   161
   144
   150
   167
   171
   170
   179
   173
   171
   166
   169
   162
   157
   165
   174
   180
   181
   182
   180
   197
   205
   211
   214
   203
   214
   205
   213
   195
   206
   201
   206
   204
   197
   200
   206
   214
   207
   211
   219
   218
   224
   204
   204
   189
   194
   206
   208
   225
   241
   257
   265
   262
   264
   260
   257
   255
   271
   256
   252
   250
   253
   256
   261
   261
   259
   255
   264
   260
   255
   252
   256
   260
   256
   239
   246
   246
   252
   264
   243
   230
   215
   205
   210
   200
   196
   208
   199
   186
   185
   167
   166
   151
   153
   152
   153
   146
   152
   165
   173
   181
   181
   180
   177
   181
   184
   191
   184
   196
   196
   188
   196
   196
   213
   213
   204
   212
   207
   211
   218
   229
   236
   228
   229
   229
   234
   244
   234
   251
   258
   254
   256
   261
   261
   263
   267
   264
   263
   244
   239
   245
   246
   243
   239
   242
   240
   225
   214
   206
   195
   193
   197
   187
   186
   180
   177
   171
   170
   161
   160
   155
   155
   165
   166
   164
   162
   158
   169
   154
   142
   141
   149
   146
   146
   146
   147
   140
   147
   136
   131
   128
   126
   125
   134
   137
   128
   138
   149
   148
   147
   141
   132
   124
   122
   125
   117
   119
   116
   119
   108
   116
   106
   111
   107
   108
   107
   106
   110
   111
    98
    94
    91
    91
    89
    82
    76
    70
    77
    74
    63
    67
    66
    66
    78
    77
    87
    92
    89
   100
   100
   102
   103
    95
    91
    86
    78
    61
    72
    70
    64
    75
    85
    92
    95
    94
    91
    89
    91
    87
    58
    42
    27
    20
    13
    -4
   -12
     3
   -14
   -12
   -14
   -11
   -13
    -5
    -5
     1
    10
    25
    42
    40
    35
    35
    30
    26
    31
    27
    37
    34
    33
    28
    18
    15
     3
    -3
    13
    28
    29
    27
    20
    28
    33
    31
    27
    29
    28
    25
    26
    31
    39
    49
    45
    46
    48
    49
    53
    68
    82
    94
   104
   102
    97
    96
    96
    96
   115
    95
   104
    90
    95
    95
    94
    79
    81
    71
    74
    65
    61
    62
    60
    76
    88
    69
    81
    84
    86
    89
    91
    85
    90
    98
    83
    84
    78
    78
    77
    74
    95
    95
    97
   102
   101
   103
    99
    85
    88
    86
   101
   106
   106
   106
   107
   108
   117
   127
   120
   116
   111
   111
   108
   100
   119
   122
   126
   129
   135
   131
   125
   123
   114
   104
   105
   106
   104
   102
   102
   128
   118
   116
   104
   113
   110
   110
   107
    90
   104
   121
   119
   125
   124
   124
   123
   133
    99
    99
    84
    79
    78
    77
    74
    77
    59
    53
    54
    44
    41
    39
    29
    37
    55
    45
    69
    73
    74
    74
    82
    91
    87
    87
    95
    97
    97
   103
    94
    82
    72
    69
    72
    75
    76
    76
    77
    74
    63
    62
    70
    68
    68
    67
    71
    73
    50
    53
    58
    42
    39
    42
    58
    59
    51
    54
    61
    58
    56
    56
    51
    62
    64
    47
    50
    40
    44
    45
    44
    48
    46
    50
    62
    59
    63
    53
    59
    61
    69
    65
    80
    88
    87
    87
    93
   103
   117
   135
   144
   151
   152
   149
   161
   155
   165
   187
   202
   214
   211
   211
   207
   212
   207
   212
   222
   217
   206
   204
   206
   217
   217
   209
   211
   215
   220
   217
   219
   207
   197
   192
   186
   186
   189
   177
   168
   163
   156
   157
   154
   154
   153
   131
   131
   128
   121
   111
    97
   103
   104
   104
   104
   110
   109
    86
    89
    81
    76
    62
    53
    52
    42
    45
    44
    57
    54
    53
    53
    51
    48
    56
    58
    64
    65
    65
    67
    59
    47
    59
    56
    50
    49
    41
    33
    45
    36
    45
    39
    41
    40
    39
    34
    23
    16
    13
    19
    13
    -3
   -17
   -33
   -43
   -45
   -48
   -48
   -47
   -53
   -50
   -48
   -50
   -53
   -59
   -69
   -79
   -82
   -82
   -89
   -85
   -80
   -83
   -94
  -100
  -100
   -99
   -94
   -96
  -100
   -94
  -104
  -119
  -130
  -132
  -120
  -121
  -105
  -110
  -101
   -92
   -71
   -69
   -75
   -70
   -78
  -100
  -114
  -108
  -105
  -101
   -99
   -96
   -87
   -88
   -78
   -75
   -74
   -74
   -73
   -76
   -66
   -52
   -38
   -43
   -44
   -42
   -45
   -63
   -52
   -39
   -44
   -34
   -30
   -22
   -18
   -14
   -18
    -1
    -5
    -5
    -6
    -6
    -1
    -6
   -10
    -3
    13
    26
    29
    26
    13
    10
    10
     8
     0
    -5
   -19
   -28
   -13
   -21
   -19
   -20
   -20
   -27
   -39
   -45
   -34
   -24
   -17
   -28
   -35
   -47
   -45
   -52
   -44
   -51
   -45
   -46
   -46
   -53
   -60
   -62
   -61
   -67
   -84
   -84
   -84
   -87
   -88
   -89
   -95
  -113
  -128
  -136
  -126
  -133
  -137
  -142
  -144
  -152
  -158
  -157
  -169
  -163
  -166
  -168
  -156
  -169
  -178
  -182
  -170
  -173
  -172
  -171
  -168
  -152
  -139
  -134
  -131
  -113
  -104
  -106
  -119
  -119
  -110
  -121
  -127
  -129
  -128
  -132
  -141
  -124
  -128
  -113
  -122
  -117
  -117
  -118
  -119
  -114
  -118
  -132
  -129
  -132
  -124
  -136
  -123
  -114
  -130
  -122
  -125
  -126
  -129
  -118
  -118
  -113
  -101
   -93
   -81
   -81
   -89
   -90
   -86
   -93
  -110
  -112
  -122
  -123
  -125
  -128
  -122
  -113
  -103
   -86
   -92
   -99
   -98
   -99
   -94
   -93
   -88
   -87
   -84
   -88
   -91
  -107
  -108
  -103
   -85
   -81
   -87
   -86
   -90
   -90
   -90
   -94
   -92
   -91
   -84
   -84
   -86
   -89
   -88
   -85
   -83
   -86
   -86
   -84
   -93
   -86
   -92
  -101
   -90
   -99
  -100
   -95
   -96
   -96
   -99
   -98
  -103
  -100
   -90
   -98
   -91
   -99
   -94
   -97
   -99
  -110
  -112
  -115
  -105
  -109
  -107
  -116
  -127
  -113
  -117
  -113
  -116
  -116
  -122
  -131
  -141
  -145
  -146
  -152
  -159
  -157
  -148
  -133
  -129
  -130
  -135
  -130
  -130
  -130
  -138
  -150
  -158
  -178
  -174
  -173
  -176
  -176
  -171
  -158
  -151
  -145
  -129
  -134
  -130
  -129
  -118
  -112
  -122
  -128
  -130
  -138
  -134
  -131
  -125
  -121
  -109
   -90
   -77
   -71
   -72
   -72
   -77
   -92
   -98
   -97
  -101
  -109
   -97
   -95
   -86
   -84
   -68
   -48
   -51
   -52
   -53
   -53
   -58
   -37
   -49
   -41
   -53
   -48
   -47
   -52
   -56
   -54
   -74
   -75
   -82
   -80
   -80
   -81
   -75
   -75
   -66
   -79
   -76
   -87
   -91
   -89
   -79
   -68
   -70
   -66
   -64
   -71
   -71
   -71
   -65
   -59
   -59
   -50
   -43
   -27
   -15
   -15
   -16
    -2
    -5
     7
     4
    16
    20
    25
    24
    29
    32
    23
    37
    34
    38
    32
    14
    16
    17
    -5
   -16
   -17
   -18
   -19
   -27
   -27
   -17
   -38
   -35
   -38
   -33
   -33
   -20
   -20
     0
    11
    20
    17
    16
    14
     8
    14
    10
    16
    26
    22
    26
    26
    30
    35
    33
    22
    31
    28
    25
    23
    22
    17
    14
    -1
    -9
   -18
   -15
   -14
    -9
   -13
   -31
   -34
   -40
   -42
   -44
   -46
   -52
   -59
   -57
   -66
   -70
   -68
   -69
   -67
   -64
   -54
   -52
   -48
   -41
   -35
   -37
   -45
   -58
   -62
   -82
   -74
   -85
   -85
   -81
   -81
   -79
   -88
  -100
  -106
  -116
  -119
  -128
  -137
  -139
  -154
  -161
  -169
  -176
  -176
  -172
  -167
  -170
  -173
  -184
  -186
  -187
  -196
  -201
  -201
  -207
  -219
  -219
  -217
  -221
  -226
  -231
  -229
  -232
  -220
  -210
  -205
  -201
  -193
  -194
  -194
  -193
  -194
  -186
  -182
  -172
  -171
  -167
  -156
  -165
  -172
  -165
  -177
  -173
  -180
  -181
  -184
  -186
  -184
  -203
  -208
  -217
  -226
  -229
  -229
  -224
  -213
  -209
  -198
  -213
  -215
  -214
  -213
  -207
  -210
  -192
  -186
  -194
  -196
  -196
  -201
  -206
  -211
  -213
  -215
  -212
  -216
  -213
  -226
  -233
  -232
  -235
  -239
  -247
  -244
  -246
  -247
  -244
  -245
  -233
  -221
  -217
  -214
  -217
  -214
  -221
  -230
  -236
  -253
  -248
  -253
  -255
  -259
  -240
  -240
  -232
  -232
  -238
  -237
  -239
  -237
  -239
  -257
  -253
  -246
  -227
  -239
  -243
  -236
  -239
  -231
  -222
  -226
  -216
  -207
  -200
  -197
  -197
  -195
  -190
  -178
  -161
  -162
  -164
  -149
  -143
  -137
  -121
  -113
  -110
  -108
  -112
  -115
  -123
  -122
  -124
  -129
  -136
  -147
  -150
  -142
  -133
  -147
  -142
  -130
  -119
  -124
  -118
  -112
  -107
   -94
   -75
   -87
   -92
   -91
   -91
   -90
   -84
   -89
   -95
   -85
   -87
   -87
   -84
   -83
   -62
   -57
   -55
   -40
   -25
   -23
   -25
   -26
   -28
   -29
   -40
   -30
   -33
   -36
   -33
   -34
   -38
   -47
   -32
   -51
   -62
   -67
   -68
   -73
   -74
   -61
   -56
   -56
   -56
   -58
   -57
   -55
   -65
   -76
   -82
   -86
   -94
  -109
  -111
  -107
  -103
  -104
   -91
   -88
   -83
   -74
   -75
   -73
   -69
   -63
   -62
   -55
   -63
   -65
   -62
   -63
   -71
   -79
   -76
   -90
   -91
   -91
  -101
  -109
   -99
   -81
   -77
   -85
   -78
   -81
   -87
   -88
  -101
  -115
  -123
  -130
  -135
  -136
  -144
  -135
  -130
  -129
  -117
  -119
  -106
   -96
  -100
  -105
  -104
  -117
  -122
  -123
  -123
  -116
  -114
  -110
  -111
  -109
  -101
  -100
   -88
   -88
   -86
   -85
   -82
   -75
   -86
   -83
   -82
   -88
   -84
   -87
   -89
   -83
  -103
  -118
  -126
  -132
  -133
  -141
  -137
  -125
  -117
  -123
  -119
  -126
  -124
  -122
  -130
  -134
  -143
  -143
  -160
  -162
  -164
  -161
  -169
  -167
  -169
  -179
  -173
  -182
  -192
  -196
  -201
  -200
  -188
  -196
  -198
  -192
  -190
  -196
  -199
  -208
  -203
  -209
  -212
  -219
  -220
  -220
  -206
  -209
  -209
  -195
  -194
  -190
  -190
  -187
  -189
  -180
  -153
  -150
  -137
  -137
  -132
  -134
  -140
  -146
  -153
  -172
  -165
  -166
  -163
  -164
  -154
  -167
  -154
  -150
  -149
  -148
  -145
  -142
  -146
  -141
  -159
  -159
  -162
  -168
  -172
  -174
  -185
  -191
  -207
  -212
  -212
  -213
  -213
  -216
  -218
  -231
  -218
  -216
  -225
  -228
  -230
  -233
  -242
  -249
  -248
  -261
  -261
  -258
  -256
  -238
  -229
  -212
  -197
  -201
  -192
  -193
  -193
  -196
  -193
  -199
  -226
  -236
  -234
  -236
  -231
  -234
  -235
  -248
  -254
  -246
  -245
  -245
  -260
  -251
  -242
  -231
  -225
  -231
  -213
  -202
  -203
  -208
  -210
  -221
  -238
  -242
  -246
  -253
  -245
  -252
  -256
  -267
  -261
  -283
  -288
  -286
  -287
  -286
  -293
  -297
  -321
  -328
  -338
  -348
  -346
  -343
  -346
  -341
  -339
  -351
  -348
  -348
  -350
  -367
  -382
  -392
  -384
  -395
  -393
  -399
  -400
  -400
  -392
  -386
  -371
  -366
  -365
  -356
  -346
  -345
  -350
  -367
  -350
  -345
  -346
  -358
  -358
  -360
  -362
  -356
  -367
  -372
  -372
  -370
  -370
  -369
  -363
  -355
  -338
  -329
  -305
  -303
  -300
  -299
  -290
  -283
  -284
  -278
  -270
  -270
  -262
  -243
  -237
  -234
  -227
  -239
  -236
  -231
  -240
  -238
  -243
  -236
  -241
  -252
  -264
  -264
  -269
  -281
  -286
  -296
  -292
  -296
  -290
  -300
  -301
  -295
  -292
  -285
  -282
  -272
  -274
  -272
  -270
  -270
  -265
  -263
  -268
  -294
  -300
  -307
  -308
  -305
  -301
  -296
  -304
  -297
  -275
  -260
  -254
  -245
  -238
  -237
  -228
  -221
  -212
  -219
  -217
  -213
  -223
  -224
  -228
  -232
  -241
  -232
  -240
  -243
  -236
  -227
  -211
  -199
  -197
  -202
  -208
  -216
  -220
  -225
  -229
  -230
  -236
  -238
  -237
  -238
  -242
  -244
  -239
  -229
  -228
  -224
  -226
  -218
  -235
  -233
  -243
  -254
  -262
  -267
  -265
  -262
  -258
  -239
  -234
  -221
  -215
  -219
  -219
  -221
  -216
  -205
  -198
  -190
  -184
  -170
  -163
  -170
  -195
  -206
  -203
  -214
  -231
  -234
  -240
  -233
  -237
  -234
  -236
  -238
  -244
  -244
  -241
  -248
  -250
  -256
  -253
  -251
  -253
  -256
  -254
  -257
  -251
  -243
  -245
  -248
  -238
  -237
  -236
  -234
  -226
  -220
  -202
  -194
  -197
  -193
  -196
  -197
  -197
  -213
  -227
  -243
  -249
  -257
  -261
  -256
  -262
  -255
  -251
  -249
  -252
  -261
  -271
  -272
  -272
  -272
  -277
  -285
  -291
  -298
  -298
  -296
  -291
  -287
  -261
  -246
  -230
  -229
  -227
  -230
  -231
  -229
  -230
  -237
  -243
  -244
  -244
  -255
  -253
  -244
  -236
  -230
  -232
  -233
  -230
  -231
  -235
  -237
  -224
  -222
  -221
  -219
  -215
  -216
  -213
  -207
  -196
  -176
  -181
  -185
  -184
  -185
  -183
  -190
  -194
  -209
  -218
  -217
  -225
  -231
  -229
  -241
  -245
  -251
  -244
  -255
  -258
  -261
  -257
  -261
  -271
  -275
  -286
  -293
  -292
  -289
  -284
  -277
  -277
  -272
  -258
  -254
  -250
  -249
  -254
  -267
  -285
  -291
  -307
  -312
  -320
  -318
  -311
  -305
  -291
  -271
  -263
  -254
  -254
  -257
  -252
  -241
  -226
  -239
  -229
  -234
  -234
  -236
  -238
  -241
  -250
  -249
  -243
  -250
  -253
  -253
  -249
  -242
  -237
  -226
  -221
  -214
  -205
  -208
  -206
  -205
  -205
  -200
  -204
  -202
  -201
  -203
  -203
  -219
  -231
  -238
  -249
  -256
  -253
  -254
  -256
  -255
  -265
  -273
  -277
  -288
  -287
  -281
  -279
  -266
  -256
  -256
  -261
  -260
  -259
  -260
  -268
  -276
  -275
  -271
  -267
  -273
  -277
  -279
  -278
  -271
  -264
  -266
  -263
  -270
  -271
  -274
  -285
  -296
  -314
  -317
  -323
  -322
  -320
  -322
  -314
  -312
  -324
  -331
  -335
  -353
  -350
  -340
  -336
  -331
  -325
  -332
  -316
  -314
  -313
  -315
  -324
  -323
  -315
  -303
  -296
  -294
  -291
  -299
  -301
  -306
  -308
  -321
  -321
  -323
  -323
  -329
  -325
  -323
  -316
  -283
  -291
  -285
  -287
  -290
  -280
  -269
  -261
  -261
  -253
  -252
  -249
  -248
  -255
  -238
  -232
  -228
  -225
  -224
  -228
  -228
  -223
  -220
  -215
  -181
  -158
  -161
  -159
  -161
  -159
  -170
  -156
  -141
  -142
  -142
  -141
  -142
  -147
  -143
  -143
  -135
  -118
  -116
  -104
  -102
  -108
  -107
  -117
   -98
   -98
   -92
   -89
   -90
   -93
   -97
  -116
  -136
  -150
  -161
  -167
  -171
  -171
  -147
  -141
  -128
  -129
  -123
  -116
  -109
  -114
  -114
  -115
  -115
  -110
  -100
  -101
  -100
   -96
   -92
   -94
   -91
  -101
   -92
  -100
  -120
  -124
  -143
  -144
  -156
  -167
  -181
  -180
  -181
  -186
  -201
  -205
  -229
  -238
  -250
  -245
  -239
  -250
  -250
  -260
  -276
  -280
  -283
  -284
  -285
  -281
  -272
  -283
  -300
  -293
  -309
  -308
  -306
  -309
  -303
  -299
  -291
  -278
  -275
  -284
  -283
  -293
  -293
  -304
  -309
  -321
  -325
  -330
  -330
  -334
  -335
  -342
  -336
  -328
  -325
  -325
  -326
  -332
  -347
  -346
  -347
  -352
  -357
  -357
  -357
  -365
  -379
  -389
  -391
  -401
  -403
  -400
  -399
  -388
  -378
  -370
  -366
  -355
  -344
  -335
  -328
  -328
  -323
  -321
  -307
  -302
  -299
  -301
  -303
  -319
  -340
  -349
  -360
  -374
  -377
  -377
  -392
  -404
  -416
  -411
  -420
  -427
  -427
  -424
  -422
  -408
  -407
  -401
  -392
  -380
  -389
  -381
  -383
  -391
  -399
  -413
  -422
  -420
  -423
  -425
  -426
  -425
  -432
  -435
  -449
  -460
  -465
  -464
  -460
  -449
  -433
  -419
  -387
  -383
  -382
  -384
  -387
  -398
  -392
  -392
  -400
  -402
  -413
  -416
  -417
  -411
  -403
  -376
  -356
  -350
  -355
  -353
  -344
  -339
  -341
  -346
  -353
  -360
  -366
  -369
  -374
  -384
  -388
  -396
  -389
  -390
  -396
  -399
  -399
  -397
  -397
  -375
  -347
  -329
  -328
  -328
  -327
  -321
  -319
  -312
  -328
  -333
  -330
  -328
  -327
  -330
  -340
  -344
  -355
  -371
  -386
  -385
  -391
  -388
  -386
  -393
  -406
  -414
  -412
  -415
  -418
  -405
  -399
  -389
  -386
  -386
  -385
  -383
  -384
  -387
  -378
  -387
  -399
  -408
  -416
  -418
  -416
  -412
  -405
  -400
  -391
  -383
  -379
  -381
  -380
  -382
  -368
  -351
  -338
  -327
  -318
  -318
  -320
  -323
  -316
  -316
  -298
  -304
  -300
  -299
  -287
  -287
  -296
  -309
  -305
  -318
  -324
  -334
  -344
  -346
  -349
  -347
  -360
  -367
  -375
  -379
  -379
  -373
  -389
  -394
  -395
  -413
  -421
  -425
  -426
  -424
  -416
  -411
  -402
  -395
  -377
  -381
  -387
  -391
  -396
  -403
  -419
  -433
  -439
  -430
  -419
  -421
  -418
  -407
  -406
  -407
  -406
  -398
  -402
  -414
  -410
  -420
  -417
  -419
  -426
  -428
  -439
  -436
  -428
  -430
  -440
  -451
  -454
  -452
  -457
  -454
  -449
  -434
  -421
  -407
  -401
  -394
  -396
  -401
  -416
  -427
  -429
  -429
  -440
  -443
  -441
  -435
  -423
  -395
  -386
  -375
  -372
  -364
  -372
  -370
  -371
  -389
  -391
  -384
  -378
  -365
  -362
  -361
  -347
  -341
  -333
  -326
  -333
  -333
  -325
  -340
  -357
  -371
  -371
  -387
  -389
  -395
  -396
  -397
  -398
  -385
  -385
  -381
  -374
  -367
  -350
  -353
  -341
  -343
  -344
  -330
  -322
  -313
  -310
  -313
  -310
  -302
  -290
  -280
  -293
  -287
  -294
  -303
  -313
  -320
  -330
  -338
  -345
  -348
  -354
  -381
  -378
  -390
  -391
  -390
  -398
  -400
  -408
  -415
  -422
  -426
  -434
  -452
  -460
  -462
  -463
  -473
  -471
  -476
  -487
  -480
  -487
  -491
  -484
  -489
  -483
  -475
  -463
  -454
  -434
  -441
  -425
  -414
  -411
  -397
  -401
  -389
  -384
  -382
  -383
  -389
  -400
  -412
  -425
  -439
  -449
  -453
  -442
  -430
  -421
  -415
  -419
  -407
  -406
  -406
  -411
  -416
  -427
  -439
  -446
  -453
  -451
  -454
  -454
  -460
  -468
  -472
  -473
  -472
  -471
  -468
  -466
  -470
  -483
  -489
  -482
  -488
  -492
  -492
  -491
  -497
  -512
  -520
  -541
  -544
  -543
  -543
  -542
  -536
  -510
  -505
  -500
  -491
  -476
  -477
  -471
  -464
  -456
  -442
  -420
  -416
  -406
  -404
  -405
  -402
  -404
  -413
  -424
  -432
  -441
  -447
  -447
  -450
  -445
  -446
  -456
  -467
  -471
  -474
  -473
  -463
  -452
  -427
  -415
  -421
  -406
  -403
  -404
  -407
  -415
  -407
  -409
  -413
  -416
  -417
  -415
  -414
  -402
  -385
  -369
  -360
  -347
  -351
  -354
  -367
  -385
  -397
  -420
  -419
  -421
  -425
  -427
  -427
  -433
  -422
  -394
  -381
  -368
  -363
  -361
  -365
  -348
  -335
  -330
  -315
  -302
  -307
  -306
  -301
  -303
  -287
  -278
  -277
  -273
  -270
  -274
  -282
  -293
  -305
  -325
  -341
  -353
  -359
  -363
  -373
  -387
  -390
  -404
  -416
  -424
  -425
  -423
  -424
  -409
  -404
  -399
  -383
  -383
  -383
  -385
  -386
  -398
  -399
  -397
  -403
  -407
  -407
  -410
  -410
  -416
  -425
  -425
  -436
  -445
  -443
  -445
  -455
  -464
  -471
  -463
  -469
  -475
  -477
  -476
  -475
  -470
  -459
  -450
  -441
  -442
  -441
  -440
  -440
  -434
  -428
  -411
  -404
  -397
  -394
  -384
  -374
  -363
  -365
  -361
  -355
  -354
  -354
  -353
  -360
  -373
  -380
  -384
  -386
  -393
  -393
  -393
  -399
  -409
  -415
  -419
  -430
  -435
  -439
  -440
  -447
  -450
  -462
  -468
  -481
  -479
  -487
  -489
  -491
  -505
  -504
  -509
  -510
  -522
  -521
  -515
  -524
  -543
  -543
  -551
  -543
  -544
  -542
  -537
  -528
  -514
  -500
  -497
  -487
  -486
  -484
  -482
  -484
  -466
  -458
  -443
  -420
  -415
  -415
  -417
  -411
  -396
  -383
  -369
  -369
  -367
  -365
  -365
  -368
  -378
  -380
  -389
  -396
  -399
  -400
  -403
  -406
  -414
  -424
  -420
  -430
  -435
  -438
  -432
  -433
  -418
  -408
  -400
  -378
  -365
  -358
  -363
  -350
  -349
  -339
  -335
  -347
  -352
  -355
  -353
  -344
  -341
  -339
  -341
  -333
  -329
  -327
  -329
  -333
  -340
  -351
  -365
  -373
  -382
  -395
  -404
  -394
  -396
  -397
  -407
  -427
  -442
  -442
  -449
  -447
  -455
  -465
  -469
  -482
  -491
  -487
  -485
  -495
  -475
  -458
  -444
  -431
  -425
  -425
  -427
  -427
  -421
  -438
  -431
  -446
  -448
  -452
  -444
  -446
  -437
  -415
  -399
  -398
  -395
  -396
  -395
  -390
  -392
  -379
  -373
  -364
  -363
  -362
  -359
  -352
  -346
  -323
  -315
  -306
  -308
  -307
  -307
  -298
  -292
  -289
  -294
  -277
  -282
  -273
  -272
  -269
  -259
  -246
  -241
  -230
  -231
  -235
  -236
  -245
  -258
  -264
  -273
  -281
  -289
  -290
  -291
  -286
  -278
  -283
  -272
  -267
  -268
  -266
  -268
  -271
  -270
  -270
  -251
  -246
  -249
  -244
  -240
  -223
  -213
  -202
  -208
  -212
  -217
  -222
  -236
  -245
  -255
  -267
  -273
  -287
  -299
  -306
  -318
  -325
  -329
  -351
  -365
  -363
  -369
  -374
  -375
  -358
  -343
  -330
  -307
  -309
  -305
  -307
  -305
  -299
  -288
  -274
  -247
  -246
  -247
  -248
  -248
  -246
  -243
  -249
  -239
  -238
  -232
  -236
  -242
  -250
  -267
  -289
  -295
  -302
  -306
  -307
  -305
  -313
  -318
  -331
  -349
  -366
  -373
  -371
  -367
  -360
  -363
  -355
  -342
  -345
  -351
  -348
  -346
  -339
  -345
  -338
  -319
  -316
  -316
  -316
  -316
  -312
  -315
  -313
  -307
  -304
  -291
  -284
  -293
  -302
  -319
  -335
  -336
  -344
  -349
  -361
  -365
  -374
  -380
  -399
  -416
  -429
  -433
  -436
  -437
  -437
  -442
  -447
  -447
  -458
  -461
  -459
  -460
  -460
  -475
  -493
  -519
  -537
  -541
  -544
  -542
  -535
  -516
  -495
  -491
  -481
  -475
  -475
  -476
  -460
  -458
  -454
  -455
  -428
  -427
  -428
  -430
  -430
  -428
  -416
  -420
  -415
  -415
  -415
  -408
  -402
  -388
  -385
  -379
  -375
  -368
  -367
  -363
  -350
  -339
  -326
  -316
  -302
  -296
  -290
  -292
  -284
  -275
  -279
  -263
  -260
  -261
  -261
  -264
  -272
  -290
  -303
  -305
  -312
  -314
  -315
  -313
  -307
  -309
  -316
  -315
  -322
  -326
  -321
  -324
  -317
  -326
  -325
  -322
  -318
  -315
  -314
  -311
  -313
  -319
  -315
  -309
  -320
  -316
  -321
  -320
  -328
  -336
  -336
  -343
  -350
  -353
  -356
  -357
  -351
  -337
  -330
  -335
  -332
  -340
  -341
  -349
  -350
  -363
  -380
  -394
  -393
  -398
  -405
  -407
  -420
  -433
  -456
  -470
  -472
  -474
  -471
  -468
  -463
  -459
  -442
  -440
  -430
  -422
  -420
  -414
  -412
  -401
  -386
  -387
  -376
  -370
  -366
  -368
  -376
  -393
  -406
  -422
  -430
  -431
  -428
  -429
  -427
  -445
  -459
  -472
  -481
  -489
  -490
  -486
  -475
  -472
  -454
  -451
  -453
  -452
  -453
  -453
  -454
  -452
  -466
  -484
  -483
  -485
  -486
  -489
  -495
  -506
  -517
  -516
  -518
  -524
  -524
  -524
  -526
  -547
  -551
  -558
  -565
  -566
  -566
  -563
  -557
  -532
  -523
  -506
  -494
  -496
  -495
  -494
  -483
  -470
  -459
  -458
  -448
  -438
  -429
  -430
  -426
  -423
  -408
  -396
  -383
  -376
  -375
  -375
  -375
  -366
  -338
  -336
  -331
  -318
  -308
  -303
  -302
  -303
  -291
  -279
  -270
  -269
  -263
  -251
  -240
  -235
  -246
  -238
  -230
  -232
  -231
  -231
  -232
  -223
  -207
  -212
  -211
  -207
  -203
  -191
  -198
  -200
  -193
  -209
  -211
  -217
  -219
  -215
  -213
  -196
  -192
  -183
  -181
  -189
  -191
  -191
  -194
  -190
  -189
  -185
  -181
  -173
  -172
  -172
  -177
  -193
  -209
  -238
  -259
  -265
  -275
  -288
  -289
  -293
  -287
  -287
  -282
  -283
  -285
  -286
  -287
  -275
  -278
  -272
  -266
  -259
  -258
  -262
  -270
  -294
  -299
  -309
  -320
  -321
  -324
  -325
  -318
  -311
  -309
  -302
  -297
  -293
  -290
  -290
  -290
  -295
  -311
  -315
  -335
  -351
  -361
  -365
  -370
  -385
  -384
  -392
  -401
  -400
  -412
  -435
  -430
  -442
  -457
  -468
  -472
  -476
  -478
  -482
  -474
  -469
  -462
  -462
  -462
  -464
  -461
  -449
  -437
  -426
  -412
  -413
  -408
  -403
  -395
  -405
  -410
  -419
  -423
  -440
  -459
  -467
  -475
  -487
  -489
  -504
  -508
  -507
  -516
  -520
  -518
  -525
  -514
  -494
  -476
  -468
  -452
  -453
  -448
  -449
  -442
  -421
  -420
  -395
  -385
  -383
  -382
  -388
  -393
  -406
  -425
  -442
  -445
  -440
  -446
  -447
  -440
  -428
  -413
  -390
  -384
  -380
  -377
  -378
  -382
  -402
  -418
  -433
  -443
  -455
  -465
  -473
  -490
  -486
  -500
  -512
  -527
  -530
  -531
  -529
  -526
  -503
  -490
  -485
  -481
  -480
  -483
  -485
  -487
  -495
  -494
  -502
  -515
  -525
  -526
  -524
  -521
  -504
  -488
  -462
  -461
  -453
  -453
  -449
  -454
  -458
  -474
  -465
  -472
  -478
  -481
  -480
  -477
  -477
  -466
  -447
  -421
  -426
  -418
  -423
  -431
  -453
  -458
  -475
  -484
  -491
  -492
  -492
  -489
  -502
  -529
  -533
  -538
  -537
  -538
  -539
  -546
  -559
  -574
  -578
  -584
  -583
  -585
  -596
  -594
  -587
  -571
  -564
  -551
  -537
  -537
  -534
  -530
  -536
  -545
  -550
  -556
  -567
  -567
  -567
  -557
  -542
  -516
  -510
  -491
  -484
  -485
  -484
  -477
  -480
  -474
  -460
  -452
  -447
  -442
  -431
  -429
  -426
  -408
  -406
  -405
  -400
  -412
  -412
  -421
  -431
  -440
  -446
  -453
  -467
  -479
  -482
  -489
  -495
  -500
  -513
  -524
  -529
  -543
  -546
  -551
  -560
  -566
  -567
  -581
  -589
  -588
  -589
  -590
  -606
  -608
  -616
  -620
  -622
  -626
  -629
  -631
  -632
  -629
  -634
  -637
  -640
  -641
  -642
  -641
  -653
  -648
  -658
  -669
  -670
  -671
  -672
  -673
  -674
  -671
  -682
  -700
  -695
  -693
  -697
  -687
  -665
  -648
  -637
  -625
  -628
  -628
  -630
  -636
  -642
  -650
  -655
  -659
  -660
  -652
  -650
  -642
  -629
  -624
  -610
  -597
  -594
  -593
  -593
  -599
  -608
  -605
  -609
  -613
  -619
  -619
  -620
  -615
  -612
  -615
  -632
  -641
  -655
  -657
  -657
  -656
  -640
  -623
  -602
  -584
  -582
  -583
  -585
  -572
  -564
  -555
  -543
  -533
  -533
  -533
  -537
  -542
  -538
  -549
  -567
  -574
  -588
  -591
  -590
  -583
  -576
  -562
  -556
  -551
  -543
  -543
  -539
  -538
  -542
  -536
  -520
  -516
  -514
  -514
  -519
  -524
  -536
  -544
  -554
  -559
  -565
  -564
  -563
  -557
  -551
  -529
  -516
  -510
  -505
  -505
  -506
  -510
  -499
  -489
  -472
  -468
  -470
  -470
  -477
  -477
  -489
  -496
  -506
  -523
  -535
  -534
  -541
  -552
  -554
  -564
  -566
  -576
  -579
  -582
  -580
  -571
  -561
  -548
  -536
  -530
  -523
  -515
  -512
  -499
  -484
  -481
  -474
  -458
  -452
  -454
  -456
  -467
  -468
  -467
  -474
  -486
  -493
  -499
  -509
  -507
  -510
  -519
  -533
  -540
  -550
  -555
  -562
  -573
  -571
  -582
  -586
  -594
  -606
  -607
  -607
  -612
  -627
  -633
  -645
  -645
  -643
  -651
  -650
  -639
  -627
  -613
  -604
  -598
  -594
  -594
  -592
  -592
  -603
  -620
  -619
  -629
  -632
  -636
  -637
  -638
  -642
  -640
  -653
  -660
  -666
  -668
  -668
  -654
  -655
  -637
  -622
  -604
  -596
  -596
  -592
  -593
  -573
  -563
  -547
  -532
  -529
  -533
  -532
  -538
  -550
  -561
  -570
  -572
  -584
  -589
  -592
  -605
  -608
  -606
  -616
  -624
  -628
  -640
  -645
  -649
  -662
  -671
  -667
  -667
  -669
  -670
  -670
  -670
  -679
  -700
  -706
  -712
  -709
  -710
  -711
  -715
  -720
  -721
  -719
  -721
  -720
  -717
  -719
  -721
  -722
  -729
  -741
  -747
  -749
  -740
  -735
  -723
  -722
  -698
  -687
  -679
  -669
  -670
  -672
  -670
  -656
  -640
  -621
  -604
  -589
  -580
  -578
  -573
  -557
  -543
  -536
  -519
  -511
  -514
  -522
  -527
  -537
  -555
  -575
  -580
  -586
  -587
  -588
  -589
  -602
  -601
  -605
  -612
  -618
  -628
  -632
  -632
  -641
  -644
  -645
  -652
  -650
  -652
  -647
  -644
  -620
  -601
  -583
  -571
  -564
  -564
  -566
  -570
  -583
  -597
  -606
  -608
  -612
  -614
  -616
  -627
  -629
  -641
  -655
  -659
  -657
  -657
  -662
  -666
  -681
  -688
  -691
  -700
  -705
  -706
  -705
  -695
  -695
  -686
  -670
  -658
  -650
  -641
  -645
  -643
  -649
  -660
  -661
  -663
  -669
  -680
  -671
  -667
  -659
  -650
  -640
  -640
  -638
  -637
  -639
  -643
  -648
  -638
  -651
  -657
  -666
  -666
  -672
  -687
  -681
  -682
  -695
  -708
  -712
  -711
  -717
  -703
  -688
  -687
  -679
  -666
  -664
  -664
  -664
  -661
  -655
  -633
  -612
  -606
  -605
  -602
  -600
  -605
  -609
  -624
  -623
  -620
  -625
  -626
  -625
  -618
  -610
  -593
  -576
  -567
  -549
  -546
  -544
  -537
  -527
  -520
  -506
  -498
  -490
  -484
  -485
  -470
  -467
  -461
  -458
  -446
  -439
  -439
  -441
  -451
  -460
  -487
  -502
  -514
  -530
  -532
  -534
  -537
  -547
  -556
  -563
  -577
  -584
  -585
  -584
  -573
  -547
  -533
  -518
  -511
  -511
  -513
  -513
  -515
  -506
  -495
  -472
  -481
  -476
  -476
  -477
  -475
  -462
  -449
  -440
  -432
  -424
  -425
  -420
  -416
  -414
  -404
  -402
  -399
  -392
  -390
  -395
  -405
  -414
  -417
  -436
  -455
  -468
  -476
  -491
  -504
  -507
  -517
  -523
  -534
  -547
  -554
  -556
  -556
  -547
  -538
  -524
  -511
  -516
  -516
  -516
  -521
  -533
  -548
  -558
  -569
  -567
  -569
  -568
  -572
  -583
  -601
  -608
  -616
  -619
  -626
  -631
  -628
  -623
  -618
  -605
  -594
  -589
  -590
  -591
  -584
  -581
  -566
  -536
  -528
  -528
  -527
  -525
  -520
  -509
  -505
  -492
  -490
  -492
  -498
  -498
  -500
  -506
  -520
  -528
  -544
  -554
  -553
  -553
  -550
  -538
  -521
  -514
  -503
  -497
  -494
  -484
  -476
  -466
  -465
  -457
  -450
  -445
  -442
  -442
  -440
  -427
  -432
  -430
  -424
  -419
  -421
  -422
  -424
  -415
  -405
  -408
  -399
  -394
  -388
  -391
  -403
  -421
  -436
  -450
  -462
  -474
  -474
  -475
  -480
  -483
  -500
  -517
  -514
  -513
  -513
  -515
  -516
  -526
  -523
  -530
  -535
  -544
  -540
  -539
  -534
  -529
  -528
  -517
  -501
  -501
  -506
  -512
  -521
  -527
  -534
  -544
  -561
  -567
  -563
  -566
  -569
  -588
  -595
  -595
  -607
  -611
  -609
  -610
  -603
  -587
  -567
  -552
  -545
  -538
  -539
  -541
  -540
  -540
  -529
  -526
  -519
  -518
  -507
  -502
  -502
  -507
  -502
  -496
  -500
  -493
  -489
  -473
  -450
  -434
  -427
  -424
  -409
  -403
  -397
  -394
  -385
  -394
  -397
  -398
  -393
  -392
  -394
  -411
  -416
  -436
  -459
  -475
  -495
  -513
  -505
  -505
  -503
  -508
  -502
  -498
  -486
  -483
  -486
  -487
  -481
  -490
  -479
  -481
  -483
  -480
  -476
  -477
  -484
  -493
  -500
  -511
  -526
  -532
  -541
  -541
  -535
  -531
  -532
  -526
  -520
  -517
  -515
  -519
  -532
  -543
  -546
  -570
  -586
  -601
  -605
  -617
  -624
  -639
  -658
  -665
  -675
  -684
  -687
  -684
  -681
  -673
  -672
  -654
  -644
  -644
  -644
  -646
  -645
  -624
  -620
  -603
  -603
  -587
  -585
  -588
  -590
  -602
  -618
  -630
  -644
  -656
  -665
  -674
  -681
  -683
  -697
  -704
  -713
  -716
  -715
  -714
  -698
  -686
  -670
  -647
  -636
  -631
  -631
  -632
  -625
  -608
  -599
  -589
  -587
  -582
  -578
  -565
  -556
  -551
  -545
  -538
  -523
  -517
  -515
  -518
  -532
  -531
  -539
  -567
  -574
  -581
  -584
  -582
  -576
  -563
  -539
  -533
  -526
  -519
  -517
  -518
  -507
  -495
  -491
  -472
  -469
  -474
  -472
  -478
  -485
  -502
  -524
  -547
  -569
  -578
  -577
  -572
  -564
  -547
  -539
  -527
  -527
  -523
  -521
  -521
  -522
  -515
  -506
  -491
  -483
  -481
  -482
  -483
  -490
  -493
  -510
  -532
  -545
  -554
  -556
  -555
  -549
  -535
  -533
  -523
  -521
  -516
  -515
  -516
  -523
  -529
  -537
  -569
  -589
  -601
  -617
  -622
  -630
  -641
  -651
  -664
  -665
  -671
  -673
  -675
  -676
  -688
  -692
  -708
  -724
  -729
  -730
  -733
  -736
  -738
  -742
  -742
  -751
  -751
  -759
  -768
  -771
  -782
  -772
  -786
  -788
  -791
  -794
  -792
  -791
  -784
  -764
  -741
  -743
  -741
  -739
  -737
  -727
  -724
  -701
  -683
  -674
  -659
  -655
  -650
  -646
  -625
  -621
  -613
  -601
  -595
  -590
  -591
  -594
  -603
  -612
  -624
  -637
  -648
  -652
  -649
  -643
  -624
  -614
  -608
  -603
  -597
  -599
  -598
  -598
  -588
  -565
  -570
  -555
  -547
  -543
  -544
  -529
  -521
  -520
  -502
  -487
  -481
  -481
  -485
  -491
  -511
  -535
  -556
  -570
  -577
  -580
  -581
  -586
  -602
  -623
  -633
  -641
  -652
  -664
  -665
  -679
  -684
  -683
  -703
  -720
  -723
  -724
  -721
  -712
  -695
  -684
  -669
  -657
  -651
  -652
  -652
  -654
  -663
  -673
  -686
  -702
  -709
  -711
  -712
  -721
  -730
  -753
  -763
  -775
  -772
  -776
  -775
  -769
  -761
  -742
  -723
  -708
  -705
  -705
  -703
  -698
  -683
  -670
  -664
  -656
  -648
  -644
  -644
  -652
  -668
  -681
  -695
  -705
  -710
  -708
  -709
  -708
  -695
  -687
  -668
  -660
  -658
  -658
  -660
  -667
  -676
  -682
  -686
  -693
  -698
  -705
  -709
  -711
  -712
  -725
  -742
  -746
  -744
  -745
  -746
  -745
  -754
  -764
  -764
  -762
  -771
  -773
  -770
  -767
  -749
  -733
  -730
  -710
  -698
  -699
  -699
  -685
  -681
  -648
  -634
  -625
  -615
  -614
  -606
  -614
  -621
  -639
  -663
  -678
  -683
  -690
  -688
  -679
  -664
  -664
  -649
  -636
  -627
  -608
  -612
  -610
  -599
  -588
  -570
  -569
  -564
  -564
  -564
  -570
  -578
  -582
  -608
  -628
  -632
  -632
  -633
  -645
  -650
  -647
  -654
  -656
  -660
  -662
  -664
  -673
  -693
  -701
  -718
  -720
  -728
  -730
  -725
  -713
  -700
  -690
  -677
  -659
  -649
  -648
  -649
  -652
  -658
  -665
  -678
  -689
  -697
  -705
  -706
  -721
  -718
  -722
  -731
  -742
  -749
  -758
  -762
  -777
  -784
  -782
  -793
  -788
  -790
  -789
  -780
  -775
  -771
  -757
  -754
  -743
  -732
  -732
  -737
  -742
  -755
  -770
  -783
  -796
  -802
  -808
  -816
  -815
  -820
  -825
  -821
  -830
  -832
  -841
  -849
  -858
  -865
  -881
  -878
  -881
  -885
  -893
  -894
  -894
  -900
  -892
  -897
  -899
  -906
  -907
  -904
  -883
  -876
  -858
  -853
  -847
  -840
  -830
  -814
  -800
  -794
  -782
  -781
  -774
  -759
  -756
  -753
  -744
  -738
  -716
  -696
  -683
  -674
  -674
  -673
  -672
  -658
  -643
  -630
  -621
  -613
  -610
  -618
  -624
  -631
  -646
  -651
  -654
  -667
  -676
  -679
  -693
  -710
  -716
  -725
  -734
  -738
  -739
  -741
  -744
  -756
  -766
  -781
  -794
  -795
  -797
  -794
  -786
  -776
  -758
  -727
  -709
  -703
  -703
  -708
  -710
  -718
  -725
  -738
  -751
  -753
  -755
  -755
  -750
  -740
  -722
  -705
  -689
  -689
  -689
  -690
  -695
  -694
  -714
  -723
  -747
  -749
  -753
  -757
  -742
  -731
  -716
  -713
  -693
  -691
  -688
  -692
  -696
  -708
  -715
  -727
  -737
  -745
  -745
  -745
  -735
  -720
  -699
  -677
  -669
  -662
  -657
  -664
  -669
  -681
  -700
  -706
  -717
  -728
  -728
  -725
  -721
  -720
  -704
  -683
  -682
  -678
  -679
  -681
  -672
  -665
  -645
  -634
  -629
  -621
  -617
  -606
  -605
  -610
  -603
  -598
  -592
  -583
  -583
  -584
  -589
  -601
  -623
  -633
  -645
  -648
  -651
  -654
  -672
  -685
  -692
  -707
  -729
  -737
  -736
  -739
  -742
  -742
  -752
  -763
  -771
  -773
  -775
  -776
  -771
  -758
  -738
  -730
  -720
  -711
  -708
  -706
  -709
  -721
  -726
  -741
  -755
  -754
  -758
  -749
  -737
  -721
  -699
  -686
  -687
  -681
  -682
  -682
  -677
  -663
  -647
  -642
  -627
  -623
  -624
  -625
  -633
  -646
  -659
  -670
  -679
  -680
  -693
  -696
  -707
  -714
  -714
  -723
  -730
  -741
  -745
  -746
  -735
  -728
  -712
  -705
  -688
  -675
  -675
  -675
  -691
  -712
  -721
  -731
  -736
  -746
  -751
  -751
  -754
  -769
  -767
  -775
  -788
  -794
  -794
  -792
  -782
  -773
  -753
  -736
  -727
  -725
  -725
  -727
  -727
  -716
  -697
  -684
  -676
  -661
  -658
  -662
  -663
  -675
  -695
  -699
  -706
  -712
  -719
  -729
  -741
  -744
  -764
  -777
  -781
  -779
  -782
  -783
  -780
  -787
  -783
  -785
  -784
  -786
  -789
  -787
  -786
  -766
  -754
  -739
  -731
  -736
  -734
  -746
  -757
  -767
  -769
  -778
  -782
  -783
  -784
  -784
  -789
  -791
  -801
  -806
  -814
  -824
  -837
  -834
  -831
  -840
  -853
  -860
  -876
  -883
  -884
  -885
  -888
  -898
  -906
  -905
  -908
  -905
  -905
  -906
  -902
  -891
  -869
  -861
  -847
  -835
  -826
  -826
  -833
  -831
  -840
  -843
  -848
  -853
  -854
  -850
  -840
  -827
  -810
  -803
  -788
  -779
  -768
  -772
  -780
  -786
  -810
  -831
  -840
  -845
  -837
  -834
  -820
  -802
  -794
  -784
  -764
  -760
  -761
  -758
  -754
  -771
  -779
  -791
  -797
  -811
  -811
  -799
  -788
  -780
  -767
  -763
  -760
  -744
  -740
  -735
  -714
  -708
  -696
  -690
  -685
  -676
  -668
  -653
  -633
  -626
  -611
  -603
  -598
  -592
  -591
  -594
  -599
  -612
  -627
  -641
  -652
  -666
  -674
  -681
  -693
  -701
  -714
  -725
  -736
  -746
  -750
  -749
  -742
  -736
  -728
  -727
  -726
  -719
  -716
  -708
  -708
  -702
  -695
  -691
  -687
  -687
  -684
  -688
  -694
  -704
  -706
  -718
  -722
  -729
  -729
  -723
  -716
  -703
  -685
  -670
  -659
  -656
  -653
  -669
  -685
  -702
  -717
  -737
  -751
  -759
  -762
  -762
  -766
  -786
  -806
  -823
  -826
  -829
  -829
  -830
  -833
  -852
  -871
  -875
  -884
  -881
  -882
  -882
  -884
  -898
  -918
  -934
  -940
  -940
  -939
  -936
  -924
  -901
  -884
  -862
  -854
  -847
  -845
  -847
  -838
  -829
  -815
  -792
  -783
  -769
  -758
  -749
  -740
  -724
  -703
  -697
  -683
  -680
  -679
  -681
  -687
  -701
  -721
  -729
  -741
  -753
  -766
  -767
  -755
  -734
  -725
  -708
  -674
  -662
  -645
  -641
  -624
  -618
  -616
  -611
  -600
  -594
  -595
  -596
  -594
  -584
  -567
  -547
  -549
  -544
  -543
  -545
  -548
  -559
  -576
  -594
  -613
  -622
  -630
  -647
  -658
  -661
  -669
  -678
  -687
  -696
  -692
  -702
  -705
  -714
  -720
  -739
  -748
  -749
  -749
  -750
  -757
  -762
  -772
  -788
  -797
  -798
  -803
  -813
  -824
  -832
  -836
  -844
  -852
  -855
  -857
  -858
  -850
  -864
  -883
  -890
  -909
  -914
  -914
  -913
  -919
  -918
  -920
  -939
  -945
  -953
  -963
  -960
  -959
  -960
  -970
  -977
  -982
  -988
  -989
  -989
  -988
  -988
  -993
  -994
  -998
 -1002
 -1000
  -993
  -996
  -997
  -997
  -995
 -1001
  -999
 -1007
 -1009
 -1016
 -1010
 -1012
 -1019
 -1024
 -1022
 -1026
 -1031
 -1030
 -1037
 -1046
 -1044
 -1048
 -1053
 -1051
 -1049
 -1048
 -1059
 -1061
 -1054
 -1055
 -1057
 -1059
 -1066
 -1069
 -1066
 -1069
 -1069
 -1070
 -1071
 -1066
 -1056
 -1050
 -1033
 -1015
 -1000
  -979
  -967
  -954
  -945
  -949
  -967
  -969
  -974
  -982
  -990
  -985
  -965
  -952
  -935
  -925
  -910
  -895
  -891
  -876
  -879
  -881
  -885
  -899
  -903
  -904
  -908
  -911
  -906
  -894
  -881
  -878
  -869
  -860
  -856
  -858
  -859
  -854
  -844
  -833
  -822
  -815
  -809
  -808
  -811
  -818
  -828
  -840
  -852
  -855
  -862
  -864
  -858
  -846
  -834
  -820
  -806
  -797
  -780
  -762
  -755
  -744
  -733
  -725
  -712
  -694
  -684
  -688
  -681
  -662
  -654
  -644
  -628
  -619
  -619
  -615
  -617
  -629
  -635
  -641
  -661
  -670
  -685
  -698
  -710
  -722
  -736
  -746
  -763
  -771
  -786
  -781
  -774
  -778
  -767
  -755
  -748
  -735
  -728
  -731
  -723
  -719
  -704
  -696
  -674
  -658
  -657
  -662
  -660
  -665
  -672
  -688
  -701
  -710
  -718
  -719
  -720
  -718
  -704
  -688
  -682
  -669
  -662
  -664
  -666
  -672
  -676
  -689
  -705
  -715
  -728
  -729
  -730
  -737
  -750
  -751
  -770
  -787
  -797
  -800
  -803
  -810
  -819
  -838
  -844
  -852
  -856
  -858
  -857
  -848
  -832
  -808
  -795
  -781
  -779
  -778
  -777
  -775
  -765
  -760
  -742
  -723
  -715
  -715
  -720
  -728
  -738
  -743
  -746
  -757
  -765
  -768
  -767
  -762
  -748
  -741
  -742
  -737
  -729
  -726
  -731
  -746
  -760
  -768
  -774
  -788
  -794
  -791
  -800
  -808
  -825
  -829
  -843
  -851
  -852
  -853
  -852
  -850
  -855
  -872
  -883
  -892
  -899
  -899
  -897
  -894
  -872
  -862
  -853
  -839
  -830
  -829
  -834
  -838
  -843
  -854
  -867
  -881
  -883
  -886
  -888
  -881
  -880
  -858
  -845
  -837
  -825
  -822
  -824
  -833
  -841
  -849
  -860
  -861
  -867
  -867
  -866
  -863
  -850
  -847
  -827
  -820
  -816
  -796
  -794
  -790
  -776
  -763
  -758
  -749
  -745
  -744
  -744
  -748
  -756
  -766
  -775
  -784
  -784
  -785
  -779
  -769
  -761
  -752
  -728
  -717
  -707
  -693
  -682
  -676
  -668
  -652
  -649
  -651
  -648
  -647
  -647
  -640
  -625
  -614
  -614
  -603
  -596
  -585
  -580
  -578
  -577
  -578
  -571
  -558
  -561
  -563
  -572
  -573
  -587
  -598
  -616
  -619
  -625
  -629
  -629
  -621
  -610
  -606
  -592
  -580
  -571
  -566
  -568
  -563
  -559
  -555
  -558
  -555
  -557
  -551
  -546
  -541
  -544
  -549
  -542
  -539
  -524
  -526
  -526
  -523
  -520
  -514
  -502
  -495
  -487
  -487
  -490
  -496
  -504
  -534
  -551
  -563
  -570
  -571
  -572
  -581
  -591
  -616
  -641
  -654
  -657
  -658
  -654
  -642
  -624
  -616
  -615
  -611
  -613
  -601
  -597
  -590
  -586
  -581
  -569
  -554
  -540
  -540
  -540
  -536
  -535
  -538
  -517
  -507
  -504
  -503
  -503
  -491
  -483
  -469
  -461
  -457
  -459
  -458
  -457
  -457
  -456
  -457
  -452
  -447
  -443
  -435
  -423
  -423
  -422
  -419
  -402
  -400
  -397
  -397
  -397
  -397
  -392
  -394
  -377
  -382
  -381
  -381
  -381
  -379
  -375
  -372
  -370
  -373
  -371
  -371
  -371
  -366
  -366
  -368
  -365
  -352
  -342
  -345
  -344
  -346
  -356
  -362
  -363
  -362
  -359
  -359
  -358
  -359
  -365
  -371
  -375
  -376
  -367
  -362
  -363
  -373
  -397
  -421
  -449
  -473
  -482
  -505
  -519
  -534
  -554
  -565
  -589
  -607
  -616
  -629
  -631
  -655
  -669
  -683
  -705
  -713
  -713
  -717
  -715
  -711
  -702
  -682
  -668
  -663
  -658
  -659
  -659
  -657
  -642
  -629
  -622
  -617
  -608
  -609
  -616
  -626
  -634
  -654
  -673
  -681
  -691
  -696
  -699
  -688
  -677
  -656
  -642
  -645
  -644
  -644
  -647
  -655
  -670
  -677
  -689
  -703
  -714
  -717
  -714
  -712
  -704
  -681
  -669
  -660
  -654
  -652
  -652
  -655
  -655
  -642
  -634
  -640
  -639
  -633
  -633
  -625
  -615
  -603
  -590
  -590
  -584
  -575
  -579
  -594
  -606
  -633
  -651
  -663
  -670
  -671
  -668
  -655
  -649
  -645
  -630
  -616
  -619
  -614
  -609
  -625
  -643
  -664
  -680
  -694
  -699
  -700
  -700
  -706
  -720
  -738
  -746
  -752
  -755
  -758
  -760
  -766
  -780
  -796
  -818
  -823
  -828
  -830
  -826
  -825
  -822
  -810
  -789
  -781
  -775
  -771
  -775
  -776
  -787
  -796
  -808
  -823
  -835
  -839
  -837
  -834
  -819
  -806
  -785
  -767
  -758
  -753
  -744
  -740
  -734
  -717
  -710
  -699
  -697
  -687
  -687
  -681
  -667
  -658
  -650
  -646
  -646
  -646
  -646
  -643
  -636
  -621
  -609
  -607
  -605
  -605
  -606
  -603
  -595
  -587
  -570
  -566
  -561
  -560
  -560
  -561
  -559
  -543
  -537
  -528
  -519
  -515
  -525
  -536
  -560
  -577
  -587
  -601
  -608
  -611
  -612
  -622
  -638
  -666
  -690
  -707
  -709
  -710
  -712
  -721
  -734
  -749
  -763
  -778
  -785
  -786
  -786
  -775
  -759
  -755
  -747
  -738
  -737
  -738
  -736
  -737
  -735
  -721
  -712
  -702
  -690
  -685
  -693
  -699
  -729
  -747
  -764
  -775
  -781
  -783
  -786
  -795
  -804
  -816
  -830
  -836
  -834
  -844
  -847
  -857
  -868
  -879
  -885
  -894
  -899
  -901
  -907
  -900
  -905
  -925
  -932
  -936
  -942
  -943
  -945
  -944
  -950
  -950
  -963
  -966
  -969
  -974
  -976
  -975
  -974
  -979
  -977
  -979
  -981
  -984
  -985
  -989
  -990
  -999
 -1000
 -1002
  -999
 -1006
 -1010
 -1011
 -1019
 -1033
 -1038
 -1039
 -1042
 -1044
 -1043
 -1043
 -1060
 -1073
 -1088
 -1091
 -1101
 -1103
 -1097
 -1076
 -1058
 -1044
 -1024
 -1004
  -989
  -977
  -980
  -982
  -989
  -999
 -1004
 -1010
 -1014
 -1007
 -1004
  -993
  -979
  -963
  -936
  -909
  -907
  -900
  -896
  -891
  -875
  -857
  -854
  -847
  -846
  -845
  -845
  -838
  -829
  -805
  -791
  -780
  -785
  -784
  -784
  -783
  -773
  -761
  -755
  -755
  -749
  -748
  -743
  -747
  -737
  -726
  -707
  -706
  -701
  -701
  -704
  -711
  -734
  -752
  -771
  -786
  -791
  -792
  -794
  -804
  -820
  -839
  -853
  -863
  -865
  -865
  -870
  -868
  -861
  -849
  -836
  -828
  -822
  -816
  -807
  -800
  -784
  -791
  -784
  -780
  -778
  -777
  -778
  -777
  -768
  -737
  -722
  -704
  -703
  -703
  -703
  -710
  -730
  -742
  -762
  -772
  -766
  -775
  -786
  -796
  -804
  -818
  -830
  -839
  -846
  -841
  -842
  -832
  -829
  -807
  -807
  -796
  -787
  -780
  -787
  -792
  -802
  -826
  -835
  -850
  -851
  -854
  -853
  -853
  -840
  -831
  -825
  -818
  -814
  -814
  -812
  -815
  -823
  -833
  -843
  -860
  -870
  -872
  -879
  -890
  -896
  -903
  -920
  -925
  -924
  -931
  -937
  -947
  -955
  -964
  -975
  -985
  -989
  -990
  -990
  -996
  -998
 -1004
 -1011
 -1029
 -1032
 -1030
 -1020
 -1014
 -1005
  -992
  -969
  -962
  -956
  -955
  -955
  -967
  -978
 -1002
 -1014
 -1008
 -1013
 -1013
 -1010
 -1000
  -992
  -977
  -974
  -960
  -947
  -948
  -948
  -937
  -925
  -911
  -898
  -893
  -876
  -870
  -856
  -845
  -830
  -815
  -800
  -794
  -784
  -782
  -772
  -779
  -773
  -757
  -759
  -746
  -740
  -744
  -752
  -757
  -770
  -774
  -801
  -810
  -817
  -819
  -819
  -813
  -802
  -788
  -766
  -754
  -750
  -748
  -750
  -763
  -780
  -791
  -812
  -830
  -840
  -842
  -838
  -829
  -817
  -800
  -781
  -768
  -768
  -766
  -767
  -778
  -796
  -812
  -822
  -828
  -835
  -836
  -835
  -829
  -818
  -807
  -806
  -804
  -799
  -795
  -791
  -771
  -756
  -749
  -731
  -722
  -719
  -719
  -717
  -708
  -703
  -693
  -690
  -683
  -674
  -673
  -665
  -661
  -646
  -641
  -633
  -627
  -624
  -623
  -626
  -636
  -650
  -666
  -689
  -702
  -709
  -711
  -715
  -720
  -724
  -741
  -758
  -781
  -790
  -795
  -804
  -814
  -821
  -835
  -845
  -873
  -873
  -880
  -877
  -856
  -846
  -831
  -825
  -817
  -806
  -801
  -787
  -776
  -758
  -748
  -731
  -716
  -712
  -711
  -710
  -708
  -701
  -691
  -685
  -674
  -677
  -678
  -680
  -674
  -672
  -667
  -639
  -632
  -628
  -626
  -621
  -615
  -607
  -607
  -613
  -604
  -600
  -590
  -584
  -579
  -569
  -565
  -567
  -559
  -554
  -559
  -570
  -590
  -604
  -615
  -628
  -634
  -651
  -653
  -650
  -648
  -643
  -641
  -631
  -624
  -621
  -620
  -619
  -613
  -608
  -598
  -592
  -579
  -573
  -573
  -574
  -566
  -570
  -568
  -564
  -551
  -554
  -545
  -540
  -533
  -532
  -538
  -530
  -524
  -521
  -518
  -520
  -532
  -551
  -572
  -586
  -604
  -628
  -635
  -645
  -653
  -663
  -686
  -699
  -714
  -719
  -730
  -732
  -729
  -726
  -717
  -710
  -710
  -698
  -700
  -706
  -724
  -733
  -742
  -750
  -763
  -776
  -785
  -795
  -811
  -819
  -826
  -838
  -845
  -854
  -857
  -857
  -850
  -840
  -826
  -813
  -799
  -791
  -790
  -777
  -769
  -748
  -740
  -727
  -713
  -712
  -711
  -716
  -726
  -740
  -756
  -778
  -787
  -794
  -794
  -788
  -787
  -778
  -764
  -757
  -743
  -741
  -734
  -737
  -745
  -757
  -770
  -784
  -784
  -789
  -796
  -794
  -784
  -773
  -766
  -760
  -757
  -757
  -753
  -755
  -760
  -785
  -808
  -828
  -839
  -844
  -850
  -848
  -842
  -833
  -812
  -803
  -789
  -788
  -788
  -789
  -783
  -772
  -774
  -756
  -744
  -735
  -727
  -723
  -712
  -704
  -697
  -691
  -679
  -678
  -677
  -667
  -675
  -687
  -701
  -706
  -721
  -736
  -745
  -755
  -773
  -778
  -792
  -815
  -825
  -834
  -838
  -844
  -854
  -866
  -873
  -887
  -900
  -902
  -904
  -905
  -914
  -921
  -940
  -958
  -970
  -977
  -980
  -971
  -972
  -965
  -941
  -921
  -905
  -906
  -908
  -905
  -902
  -885
  -869
  -852
  -832
  -826
  -822
  -823
  -823
  -812
  -798
  -777
  -768
  -770
  -769
  -768
  -771
  -763
  -748
  -736
  -734
  -731
  -731
  -735
  -746
  -758
  -773
  -781
  -793
  -802
  -807
  -820
  -839
  -851
  -868
  -882
  -895
  -895
  -895
  -888
  -883
  -877
  -862
  -856
  -843
  -834
  -828
  -817
  -814
  -808
  -802
  -799
  -791
  -783
  -780
  -784
  -794
  -807
  -823
  -838
  -858
  -859
  -865
  -861
  -859
  -847
  -832
  -827
  -815
  -808
  -810
  -812
  -818
  -833
  -856
  -874
  -887
  -895
  -899
  -899
  -902
  -907
  -925
  -929
  -930
  -934
  -943
  -944
  -949
  -949
  -952
  -960
  -965
  -970
  -970
  -972
  -969
  -952
  -929
  -916
  -914
  -902
  -896
  -888
  -872
  -866
  -859
  -847
  -836
  -826
  -824
  -825
  -821
  -810
  -788
  -785
  -780
  -777
  -778
  -780
  -778
  -766
  -749
  -747
  -744
  -738
  -741
  -745
  -756
  -764
  -783
  -800
  -814
  -824
  -826
  -831
  -845
  -859
  -870
  -879
  -888
  -900
  -902
  -894
  -887
  -869
  -863
  -848
  -839
  -830
  -826
  -816
  -809
  -802
  -786
  -781
  -766
  -757
  -757
  -759
  -756
  -749
  -737
  -730
  -730
  -732
  -735
  -742
  -744
  -753
  -769
  -786
  -800
  -802
  -806
  -809
  -816
  -824
  -838
  -855
  -872
  -873
  -880
  -883
  -878
  -865
  -853
  -845
  -840
  -836
  -827
  -822
  -814
  -801
  -780
  -773
  -764
  -762
  -760
  -762
  -777
  -779
  -790
  -818
  -831
  -836
  -842
  -858
  -866
  -881
  -889
  -899
  -917
  -931
  -932
  -928
  -918
  -914
  -886
  -861
  -849
  -843
  -841
  -842
  -842
  -853
  -864
  -880
  -893
  -896
  -896
  -897
  -882
  -874
  -861
  -848
  -836
  -834
  -836
  -840
  -848
  -859
  -865
  -878
  -897
  -908
  -913
  -916
  -926
  -930
  -938
  -940
  -950
  -959
  -962
  -960
  -954
  -940
  -928
  -909
  -898
  -897
  -894
  -894
  -892
  -882
  -868
  -859
  -853
  -840
  -838
  -839
  -846
  -860
  -872
  -894
  -902
  -907
  -909
  -910
  -915
  -918
  -940
  -956
  -962
  -975
  -983
  -999
 -1012
 -1012
 -1018
 -1021
 -1031
 -1041
 -1048
 -1050
 -1056
 -1054
 -1060
 -1069
 -1072
 -1077
 -1080
 -1090
 -1104
 -1105
 -1108
 -1115
 -1123
 -1126
 -1128
 -1127
 -1122
 -1105
 -1085
 -1070
 -1059
 -1050
 -1042
 -1025
 -1016
 -1003
  -987
  -976
  -966
  -958
  -954
  -944
  -934
  -933
  -922
  -920
  -908
  -906
  -897
  -890
  -878
  -866
  -854
  -844
  -842
  -840
  -839
  -840
  -842
  -840
  -815
  -810
  -796
  -794
  -788
  -782
  -771
  -752
  -744
  -725
  -714
  -712
  -711
  -723
  -731
  -752
  -770
  -785
  -793
  -801
  -803
  -802
  -791
  -787
  -779
  -770
  -757
  -755
  -756
  -758
  -770
  -781
  -800
  -814
  -832
  -836
  -838
  -842
  -836
  -831
  -820
  -814
  -811
  -808
  -807
  -807
  -808
  -822
  -831
  -849
  -863
  -872
  -875
  -870
  -863
  -854
  -842
  -827
  -813
  -806
  -803
  -800
  -796
  -790
  -777
  -774
  -765
  -761
  -761
  -766
  -779
  -788
  -804
  -821
  -837
  -841
  -843
  -844
  -849
  -865
  -881
  -900
  -912
  -916
  -913
  -914
  -905
  -891
  -874
  -862
  -849
  -843
  -838
  -846
  -862
  -874
  -886
  -898
  -915
  -923
  -924
  -921
  -908
  -901
  -877
  -869
  -859
  -853
  -854
  -856
  -862
  -866
  -878
  -893
  -900
  -903
  -903
  -901
  -897
  -879
  -881
  -869
  -861
  -852
  -850
  -855
  -859
  -877
  -885
  -898
  -913
  -926
  -935
  -937
  -946
  -960
  -974
  -991
 -1006
 -1004
 -1004
  -995
  -989
  -971
  -951
  -925
  -908
  -901
  -901
  -901
  -903
  -891
  -874
  -864
  -853
  -852
  -848
  -849
  -842
  -829
  -834
  -824
  -822
  -815
  -812
  -814
  -819
  -837
  -844
  -859
  -870
  -874
  -873
  -873
  -872
  -883
  -893
  -912
  -926
  -931
  -932
  -931
  -924
  -908
  -899
  -891
  -880
  -869
  -870
  -874
  -880
  -890
  -899
  -927
  -944
  -946
  -946
  -947
  -951
  -960
  -964
  -982
  -990
  -992
  -993
  -994
  -997
 -1004
 -1014
 -1011
 -1015
 -1023
 -1021
 -1021
 -1024
 -1028
 -1038
 -1044
 -1057
 -1063
 -1068
 -1074
 -1078
 -1082
 -1090
 -1088
 -1095
 -1096
 -1098
 -1098
 -1102
 -1107
 -1110
 -1125
 -1134
 -1134
 -1131
 -1123
 -1103
 -1087
 -1061
 -1041
 -1023
 -1017
 -1017
 -1014
 -1012
  -998
  -968
  -955
  -946
  -942
  -941
  -937
  -949
  -962
  -974
  -986
  -987
 -1002
 -1004
 -1004
  -989
  -982
  -954
  -935
  -913
  -909
  -892
  -888
  -883
  -869
  -856
  -847
  -840
  -832
  -824
  -823
  -821
  -808
  -801
  -796
  -787
  -777
  -785
  -793
  -806
  -822
  -841
  -855
  -861
  -867
  -869
  -869
  -871
  -884
  -897
  -914
  -929
  -935
  -937
  -933
  -923
  -909
  -900
  -888
  -874
  -866
  -866
  -863
  -851
  -845
  -845
  -841
  -836
  -827
  -825
  -825
  -835
  -843
  -851
  -868
  -883
  -887
  -885
  -881
  -874
  -869
  -852
  -839
  -826
  -823
  -828
  -828
  -831
  -836
  -851
  -865
  -875
  -878
  -879
  -878
  -868
  -854
  -830
  -816
  -809
  -808
  -809
  -809
  -807
  -799
  -785
  -781
  -775
  -771
  -769
  -768
  -764
  -759
  -757
  -762
  -749
  -741
  -741
  -744
  -756
  -773
  -796
  -810
  -817
  -828
  -837
  -845
  -853
  -862
  -882
  -896
  -920
  -932
  -930
  -932
  -936
  -938
  -949
  -962
  -973
  -975
  -975
  -977
  -979
  -983
  -998
 -1006
 -1019
 -1020
 -1032
 -1046
 -1054
 -1068
 -1074
 -1077
 -1085
 -1088
 -1091
 -1092
 -1097
 -1105
 -1115
 -1120
 -1126
 -1126
 -1131
 -1130
 -1131
 -1139
 -1156
 -1148
 -1157
 -1166
 -1169
 -1168
 -1156
 -1135
 -1103
 -1076
 -1066
 -1059
 -1061
 -1062
 -1052
 -1031
 -1014
  -997
  -977
  -974
  -973
  -975
  -981
  -991
 -1003
 -1007
 -1017
 -1021
 -1032
 -1034
 -1046
 -1053
 -1059
 -1064
 -1064
 -1065
 -1065
 -1066
 -1069
 -1085
 -1090
 -1097
 -1104
 -1111
 -1110
 -1103
 -1088
 -1074
 -1040
 -1019
 -1002
  -994
  -992
  -993
  -984
  -963
  -955
  -949
  -934
  -929
  -934
  -941
  -946
  -955
  -968
  -974
  -985
  -986
  -985
  -984
  -970
  -965
  -955
  -937
  -929
  -919
  -916
  -918
  -921
  -937
  -949
  -968
  -972
  -976
  -977
  -976
  -976
  -990
  -996
 -1002
 -1008
 -1020
 -1030
 -1031
 -1029
 -1045
 -1055
 -1068
 -1070
 -1075
 -1075
 -1073
 -1065
 -1053
 -1029
 -1011
  -999
  -997
  -996
  -997
  -991
  -983
  -977
  -964
  -957
  -952
  -945
  -931
  -926
  -920
  -903
  -900
  -891
  -887
  -878
  -871
  -855
  -850
  -843
  -834
  -831
  -822
  -817
  -817
  -826
  -840
  -865
  -880
  -886
  -891
  -893
  -892
  -895
  -912
  -928
  -942
  -953
  -964
  -972
  -971
  -970
  -977
  -992
 -1009
 -1014
 -1014
 -1015
 -1013
 -1013
 -1024
 -1034
 -1042
 -1038
 -1048
 -1052
 -1060
 -1062
 -1069
 -1068
 -1072
 -1072
 -1076
 -1081
 -1078
 -1068
 -1061
 -1030
 -1015
 -1011
 -1007
 -1004
 -1008
 -1013
 -1019
 -1025
 -1033
 -1036
 -1037
 -1047
 -1062
 -1067
 -1075
 -1084
 -1095
 -1107
 -1112
 -1120
 -1132
 -1137
 -1146
 -1139
 -1146
 -1151
 -1154
 -1155
 -1149
 -1137
 -1119
 -1102
 -1082
 -1075
 -1060
 -1054
 -1041
 -1015
 -1001
  -986
  -970
  -956
  -951
  -943
  -927
  -919
  -900
  -885
  -866
  -859
  -848
  -844
  -846
  -851
  -864
  -875
  -885
  -896
  -907
  -914
  -908
  -908
  -888
  -880
  -871
  -864
  -858
  -853
  -862
  -867
  -875
  -887
  -895
  -907
  -913
  -918
  -918
  -909
  -898
  -881
  -859
  -847
  -834
  -830
  -832
  -843
  -852
  -872
  -891
  -900
  -903
  -904
  -907
  -912
  -924
  -938
  -951
  -951
  -958
  -960
  -957
  -946
  -930
  -909
  -899
  -885
  -881
  -882
  -880
  -874
  -861
  -844
  -821
  -809
  -794
  -794
  -791
  -787
  -778
  -765
  -757
  -747
  -745
  -741
  -740
  -736
  -728
  -709
  -693
  -683
  -677
  -677
  -678
  -674
  -671
  -669
  -660
  -647
  -639
  -632
  -631
  -623
  -617
  -614
  -612
  -614
  -604
  -597
  -593
  -589
  -587
  -588
  -587
  -573
  -576
  -576
  -573
  -572
  -561
  -551
  -554
  -553
  -543
  -540
  -543
  -553
  -566
  -580
  -605
  -624
  -644
  -656
  -664
  -675
  -687
  -709
  -728
  -740
  -745
  -742
  -742
  -737
  -728
  -717
  -716
  -702
  -704
  -708
  -718
  -732
  -750
  -757
  -773
  -782
  -789
  -800
  -801
  -808
  -819
  -830
  -844
  -848
  -854
  -856
  -856
  -848
  -843
  -831
  -821
  -809
  -794
  -802
  -801
  -810
  -821
  -835
  -848
  -856
  -861
  -863
  -862
  -869
  -882
  -914
  -930
  -934
  -945
  -957
  -957
  -946
  -938
  -901
  -895
  -889
  -884
  -881
  -883
  -893
  -903
  -920
  -936
  -940
  -943
  -947
  -938
  -929
  -924
  -907
  -890
  -878
  -875
  -870
  -871
  -876
  -888
  -901
  -907
  -915
  -923
  -925
  -925
  -930
  -946
  -959
  -980
  -991
  -995
  -994
  -991
  -991
  -971
  -952
  -932
  -924
  -911
  -910
  -907
  -924
  -937
  -952
  -958
  -962
  -970
  -961
  -950
  -944
  -932
  -913
  -898
  -887
  -876
  -867
  -864
  -854
  -840
  -833
  -821
  -809
  -804
  -801
  -802
  -805
  -798
  -782
  -766
  -761
  -753
  -749
  -752
  -762
  -775
  -787
  -807
  -824
  -836
  -846
  -850
  -865
  -874
  -883
  -897
  -910
  -919
  -930
  -946
  -958
  -967
  -984
  -994
 -1003
 -1003
 -1000
 -1003
  -990
  -973
  -949
  -928
  -920
  -907
  -907
  -908
  -906
  -894
  -890
  -886
  -879
  -864
  -853
  -837
  -822
  -818
  -820
  -806
  -797
  -796
  -795
  -798
  -799
  -811
  -829
  -844
  -854
  -854
  -854
  -854
  -860
  -875
  -886
  -897
  -914
  -921
  -918
  -914
  -905
  -896
  -888
  -884
  -883
  -884
  -878
  -872
  -861
  -859
  -848
  -839
  -822
  -822
  -819
  -823
  -829
  -847
  -866
  -886
  -902
  -908
  -910
  -912
  -916
  -927
  -943
  -948
  -953
  -967
  -976
  -980
  -985
  -984
  -991
  -999
 -1005
 -1018
 -1031
 -1035
 -1046
 -1062
 -1070
 -1087
 -1092
 -1101
 -1102
 -1103
 -1101
 -1108
 -1110
 -1111
 -1129
 -1132
 -1132
 -1132
 -1131
 -1141
 -1148
 -1161
 -1167
 -1178
 -1176
 -1160
 -1155
 -1133
 -1121
 -1095
 -1083
 -1074
 -1057
 -1049
 -1041
 -1021
 -1002
  -986
  -969
  -955
  -949
  -943
  -937
