 16384
 16384
 16383
 16385
 16381
 16377
 16377
 16374
 16373
 16372
 16369
 16366
 16366
 16355
 16349
 16347
 16347
 16345
 16345
 16341
 16340
 16336
 16335
 16335
 16331
 16330
 16328
 16326
 16323
 16323
 16323
 16324
 16322
 16320
 16320
 16318
 16317
 16315
 16315
 16302
 16273
 16235
 16169
 16108
 16073
 16037
 16008
 15943
 15909
 15906
 15862
 15823
 15772
 15736
 15702
 15665
 15638
 15625
 15600
 15572
 15580
 15571
 15552
 15545
 15523
 15454
 15415
 15391
 15343
 15295
 15255
 15243
 15222
 15211
 15173
 15167
 15176
 15133
 15100
 15091
 15089
 15080
 15088
 15059
 15051
 15034
 15004
 15005
 15006
 14982
 14974
 14946
 14917
 14910
 14899
 14896
 14881
 14824
 14837
 14811
 14813
 14811
 14808
 14809
 14795
 14793
 14759
 14771
 14754
 14734
 14734
 14705
 14716
 14676
 14668
 14650
 14662
 14632
 14601
 14574
 14582
 14576
 14548
 14516
 14512
 14509
 14510
 14514
 14502
 14477
 14462
 14453
 14464
 14447
 14433
 14425
 14419
 14393
 14398
 14387
 14389
 14382
 14380
 14367
 14375
 14368
 14348
 14369
 14328
 14324
 14334
 14351
 14343
 14335
 14346
 14338
 14360
 14358
 14326
 14316
 14303
 14249
 14237
 14232
 14222
 14211
 14210
 14205
 14178
 14154
 14164
 14147
 14124
 14129
 14128
 14135
 14142
 14130
 14152
 14159
 14167
 14164
 14182
 14173
 14168
 14130
 14144
 14147
 14143
 14132
 14121
 14121
 14102
 14118
 14114
 14140
 14125
 14122
 14136
 14124
 14144
 14156
 14151
 14135
 14119
 14133
 14124
 14121
 14123
 14124
 14114
 14116
 14093
 14075
 14087
 14078
 14084
 14078
 14102
 14094
 14087
 14078
 14085
 14071
 14058
 14045
 14032
 14028
 14031
 14030
 14029
 14025
 14025
 14034
 14027
 14035
 14006
 14008
 14005
 14005
 14023
 14015
 14026
 14035
 14033
 14019
 14026
 14009
 14025
 14028
 13992
 13989
 13963
 13929
 13936
 13932
 13936
 13940
 13922
 13904
 13889
 13869
 13869
 13868
 13855
 13875
 13833
 13829
 13798
 13796
 13798
 13795
 13812
 13833
 13887
 13915
 13920
 13937
 13933
 13945
 13919
 13911
 13921
 13946
 13956
 13967
 13969
 13944
 13941
 13943
 13907
 13902
 13887
 13886
 13884
 13880
 13865
 13848
 13828
 13837
 13836
 13805
 13815
 13811
 13777
 13746
 13732
 13708
 13712
 13713
 13723
 13736
 13718
 13731
 13771
 13735
 13726
 13735
 13735
 13738
 13729
 13716
 13723
 13743
 13752
 13752
 13761
 13768
 13761
 13746
 13697
 13706
 13696
 13694
 13684
 13691
 13680
 13656
 13609
 13595
 13569
 13529
 13522
 13514
 13512
 13513
 13497
 13484
 13470
 13461
 13460
 13465
 13481
 13458
 13462
 13454
 13454
 13463
 13472
 13492
 13521
 13526
 13536
 13558
 13569
 13562
 13560
 13550
 13551
 13584
 13599
 13598
 13599
 13609
 13602
 13567
 13553
 13520
 13486
 13492
 13472
 13496
 13517
 13503
 13482
 13457
 13443
 13425
 13446
 13419
 13435
 13466
 13447
 13454
 13429
 13412
 13385
 13362
 13394
 13421
 13416
 13407
 13407
 13418
 13410
 13402
 13389
 13398
 13380
 13373
 13342
 13334
 13338
 13335
 13343
 13319
 13306
 13306
 13286
 13270
 13278
 13263
 13272
 13275
 13268
 13281
 13261
 13283
 13266
 13298
 13274
 13298
 13317
 13323
 13316
 13329
 13338
 13349
 13351
 13351
 13347
 13330
 13286
 13299
 13288
 13296
 13290
 13292
 13301
 13309
 13298
 13307
 13294
 13266
 13267
 13229
 13234
 13223
 13192
 13202
 13197
 13183
 13171
 13162
 13134
 13143
 13152
 13149
 13140
 13146
 13148
 13158
 13157
 13172
 13160
 13153
 13125
 13134
 13125
 13123
 13110
 13118
 13090
 13085
 13076
 13069
 13084
 13074
 13118
 13123
 13134
 13158
 13163
 13172
 13173
 13178
 13156
 13181
 13194
 13188
 13191
 13191
 13190
 13185
 13186
 13169
 13131
 13111
 13090
 13085
 13074
 13035
 13008
 13024
 13050
 13023
 13039
 13043
 13045
 13027
 13030
 13027
 13027
 13049
 13023
 13014
 13013
 13008
 13025
 13045
 13020
 13024
 13023
 13030
 13013
 13011
 12997
 13021
 13022
 12989
 12977
 12974
 12974
 12976
 12954
 12970
 12980
 12988
 12997
 13014
 13020
 13015
 13007
 12983
 12990
 12998
 12996
 13016
 12999
 12999
 12986
 12986
 12992
 12971
 12972
 12965
 12961
 12948
 12934
 12932
 12933
 12923
 12928
 12920
 12916
 12904
 12912
 12932
 12956
 12972
 12973
 12962
 12951
 12947
 12962
 12967
 12980
 13001
 12994
 12997
 12991
 12978
 12992
 13020
 12996
 13011
 12994
 13001
 13004
 13001
 12974
 12952
 12960
 12947
 12954
 12954
 12957
 12955
 12934
 12903
 12920
 12903
 12901
 12912
 12905
 12904
 12898
 12918
 12917
 12903
 12920
 12933
 12919
 12915
 12902
 12891
 12904
 12920
 12916
 12922
 12921
 12921
 12912
 12895
 12881
 12866
 12836
 12833
 12821
 12802
 12788
 12775
 12775
 12798
 12800
 12816
 12814
 12810
 12803
 12799
 12789
 12777
 12803
 12817
 12833
 12848
 12854
 12820
 12813
 12789
 12760
 12751
 12764
 12766
 12752
 12745
 12756
 12745
 12744
 12747
 12747
 12739
 12734
 12738
 12754
 12742
 12747
 12733
 12704
 12700
 12688
 12696
 12681
 12663
 12681
 12687
 12686
 12698
 12706
 12683
 12687
 12644
 12630
 12630
 12620
 12596
 12610
 12594
 12574
 12553
 12546
 12557
 12531
 12531
 12539
 12559
 12571
 12603
 12612
 12607
 12603
 12603
 12591
 12579
 12587
 12574
 12598
 12580
 12588
 12580
 12567
 12561
 12575
 12582
 12593
 12600
 12601
 12607
 12600
 12618
 12628
 12625
 12629
 12635
 12633
 12624
 12629
 12636
 12614
 12617
 12566
 12555
 12549
 12554
 12575
 12589
 12589
 12598
 12598
 12615
 12611
 12609
 12614
 12603
 12586
 12584
 12584
 12591
 12593
 12598
 12583
 12576
 12579
 12597
 12587
 12578
 12577
 12569
 12590
 12589
 12586
 12567
 12574
 12562
 12551
 12544
 12521
 12512
 12542
 12545
 12507
 12516
 12520
 12520
 12512
 12507
 12517
 12515
 12492
 12490
 12489
 12483
 12468
 12440
 12398
 12404
 12389
 12374
 12374
 12386
 12384
 12396
 12353
 12321
 12343
 12328
 12332
 12329
 12325
 12303
 12310
 12312
 12317
 12313
 12331
 12342
 12364
 12347
 12345
 12366
 12384
 12375
 12382
 12377
 12368
 12348
 12326
 12324
 12310
 12290
 12285
 12301
 12300
 12320
 12323
 12341
 12325
 12323
 12323
 12315
 12324
 12307
 12295
 12291
 12302
 12291
 12291
 12300
 12290
 12280
 12305
 12280
 12286
 12272
 12272
 12264
 12265
 12287
 12315
 12306
 12291
 12292
 12293
 12296
 12296
 12289
 12286
 12320
 12343
 12344
 12344
 12344
 12338
 12316
 12335
 12367
 12367
 12372
 12381
 12373
 12377
 12376
 12370
 12373
 12356
 12352
 12368
 12360
 12347
 12368
 12362
 12364
 12372
 12353
 12370
 12345
 12365
 12355
 12372
 12376
 12375
 12375
 12374
 12374
 12375
 12378
 12367
 12371
 12368
 12375
 12378
 12380
 12386
 12379
 12374
 12335
 12320
 12310
 12312
 12312
 12319
 12283
 12251
 12252
 12264
 12259
 12259
 12256
 12235
 12242
 12246
 12241
 12246
 12235
 12212
 12219
 12211
 12205
 12208
 12235
 12243
 12242
 12234
 12235
 12243
 12233
 12233
 12235
 12220
 12227
 12217
 12197
 12198
 12212
 12199
 12195
 12209
 12214
 12226
 12208
 12169
 12132
 12066
 12068
 12065
 12045
 12034
 12040
 12038
 12049
 11998
 12000
 12003
 12007
 12012
 12025
 12002
 12008
 12017
 12005
 11989
 11991
 11990
 11991
 11991
 11963
 11965
 11961
 11959
 11948
 11923
 11933
 11921
 11940
 11918
 11938
 11968
 11956
 11949
 11947
 11950
 11930
 11920
 11887
 11862
 11844
 11843
 11840
 11841
 11866
 11882
 11868
 11852
 11877
 11872
 11879
 11903
 11892
 11893
 11902
 11886
 11900
 11895
 11899
 11890
 11886
 11853
 11831
 11820
 11814
 11814
 11814
 11810
 11782
 11784
 11775
 11752
 11734
 11731
 11728
 11720
 11718
 11711
 11707
 11707
 11693
 11688
 11687
 11682
 11692
 11674
 11680
 11698
 11707
 11703
 11697
 11681
 11693
 11698
 11720
 11735
 11722
 11719
 11717
 11728
 11701
 11725
 11711
 11717
 11713
 11710
 11703
 11696
 11697
 11670
 11666
 11649
 11621
 11611
 11606
 11609
 11608
 11598
 11634
 11645
 11657
 11655
 11655
 11643
 11666
 11670
 11666
 11639
 11637
 11621
 11616
 11617
 11585
 11557
 11573
 11570
 11559
 11558
 11567
 11571
 11572
 11578
 11577
 11569
 11581
 11569
 11575
 11549
 11556
 11561
 11557
 11551
 11552
 11549
 11544
 11541
 11569
 11570
 11580
 11580
 11573
 11573
 11574
 11582
 11578
 11576
 11582
 11599
 11587
 11588
 11578
 11571
 11563
 11570
 11572
 11571
 11575
 11576
 11575
 11583
 11578
 11578
 11563
 11578
 11576
 11577
 11555
 11564
 11567
 11565
 11549
 11573
 11565
 11527
 11535
 11560
 11543
 11533
 11509
 11520
 11528
 11515
 11498
 11494
 11499
 11500
 11478
 11463
 11468
 11482
 11472
 11479
 11476
 11478
 11472
 11475
 11474
 11474
 11466
 11485
 11470
 11453
 11460
 11459
 11464
 11476
 11471
 11477
 11484
 11458
 11411
 11402
 11403
 11396
 11395
 11397
 11391
 11377
 11351
 11356
 11347
 11343
 11342
 11345
 11367
 11353
 11371
 11355
 11353
 11350
 11355
 11359
 11374
 11366
 11395
 11399
 11400
 11400
 11405
 11413
 11417
 11376
 11386
 11408
 11406
 11403
 11390
 11383
 11373
 11360
 11347
 11330
 11307
 11304
 11296
 11287
 11285
 11293
 11322
 11302
 11305
 11307
 11306
 11293
 11287
 11272
 11282
 11296
 11301
 11291
 11254
 11244
 11249
 11254
 11242
 11248
 11212
 11215
 11214
 11205
 11189
 11190
 11193
 11181
 11183
 11183
 11183
 11185
 11202
 11180
 11200
 11199
 11204
 11207
 11203
 11198
 11200
 11182
 11186
 11171
 11185
 11185
 11183
 11171
 11126
 11127
 11132
 11127
 11131
 11126
 11125
 11120
 11113
 11099
 11087
 11072
 11073
 11071
 11071
 11068
 11072
 11098
 11075
 11091
 11096
 11093
 11105
 11115
 11131
 11142
 11133
 11121
 11123
 11151
 11149
 11159
 11167
 11137
 11144
 11157
 11137
 11146
 11140
 11140
 11154
 11158
 11175
 11154
 11148
 11138
 11130
 11130
 11123
 11126
 11123
 11087
 11072
 11070
 11067
 11065
 11071
 11032
 11033
 11058
 11055
 11056
 11053
 11040
 11031
 11064
 11077
 11081
 11091
 11092
 11090
 11087
 11085
 11071
 11061
 11029
 11034
 11045
 11029
 11009
 11008
 11019
 10990
 10995
 10992
 10980
 10981
 10983
 10978
 10995
 10979
 10956
 10973
 10979
 10976
 10979
 10987
 10993
 10963
 10967
 10966
 10968
 10969
 10978
 10987
 10980
 10982
 10974
 10931
 10948
 10943
 10924
 10943
 10954
 10930
 10939
 10936
 10930
 10924
 10934
 10940
 10933
 10935
 10930
 10932
 10928
 10928
 10930
 10915
 10928
 10889
 10882
 10887
 10863
 10855
 10847
 10815
 10819
 10758
 10761
 10754
 10755
 10753
 10761
 10771
 10783
 10754
 10746
 10742
 10742
 10731
 10748
 10751
 10753
 10718
 10738
 10730
 10721
 10714
 10720
 10682
 10678
 10639
 10641
 10643
 10624
 10624
 10628
 10648
 10658
 10654
 10654
 10661
 10664
 10654
 10662
 10654
 10672
 10673
 10673
 10678
 10684
 10687
 10684
 10694
 10692
 10685
 10684
 10683
 10687
 10686
 10680
 10666
 10662
 10643
 10617
 10614
 10610
 10612
 10607
 10613
 10606
 10631
 10618
 10596
 10596
 10614
 10642
 10629
 10642
 10659
 10659
 10655
 10651
 10645
 10664
 10651
 10652
 10641
 10646
 10640
 10644
 10630
 10634
 10626
 10612
 10614
 10590
 10585
 10577
 10574
 10567
 10572
 10535
 10544
 10552
 10550
 10544
 10542
 10535
 10525
 10501
 10501
 10487
 10488
 10492
 10491
 10485
 10490
 10473
 10474
 10465
 10476
 10474
 10466
 10492
 10491
 10505
 10508
 10493
 10497
 10507
 10516
 10509
 10513
 10524
 10524
 10515
 10488
 10493
 10482
 10490
 10482
 10461
 10476
 10476
 10453
 10447
 10451
 10465
 10479
 10478
 10475
 10490
 10500
 10515
 10533
 10532
 10551
 10557
 10553
 10559
 10567
 10567
 10566
 10573
 10554
 10551
 10554
 10526
 10513
 10516
 10519
 10531
 10525
 10541
 10552
 10555
 10546
 10550
 10538
 10534
 10512
 10483
 10480
 10467
 10454
 10447
 10446
 10457
 10464
 10450
 10439
 10447
 10453
 10453
 10446
 10423
 10420
 10428
 10431
 10421
 10425
 10416
 10416
 10396
 10379
 10388
 10392
 10391
 10391
 10393
 10394
 10391
 10378
 10386
 10407
 10382
 10374
 10373
 10370
 10369
 10377
 10371
 10380
 10372
 10380
 10380
 10376
 10357
 10380
 10410
 10421
 10438
 10442
 10434
 10443
 10432
 10447
 10450
 10424
 10419
 10413
 10419
 10408
 10415
 10409
 10417
 10423
 10425
 10431
 10425
 10406
 10395
 10416
 10414
 10400
 10404
 10412
 10408
 10417
 10428
 10403
 10390
 10404
 10397
 10390
 10403
 10391
 10383
 10370
 10344
 10363
 10360
 10355
 10356
 10353
 10354
 10338
 10333
 10335
 10321
 10312
 10313
 10312
 10313
 10318
 10335
 10345
 10348
 10334
 10330
 10304
 10309
 10310
 10313
 10307
 10317
 10319
 10318
 10319
 10318
 10320
 10335
 10348
 10364
 10351
 10356
 10352
 10343
 10348
 10346
 10354
 10357
 10358
 10359
 10361
 10358
 10359
 10365
 10372
 10389
 10382
 10358
 10361
 10367
 10340
 10353
 10352
 10347
 10350
 10353
 10345
 10341
 10330
 10323
 10316
 10318
 10328
 10328
 10324
 10324
 10296
 10307
 10330
 10335
 10322
 10318
 10318
 10307
 10281
 10251
 10230
 10244
 10248
 10248
 10243
 10240
 10218
 10205
 10195
 10179
 10153
 10152
 10163
 10153
 10158
 10162
 10146
 10173
 10182
 10182
 10187
 10175
 10155
 10145
 10139
 10133
 10140
 10119
 10113
 10096
 10103
 10106
 10093
 10079
 10090
 10076
 10079
 10062
 10052
 10041
 10056
 10056
 10053
 10046
 10043
 10035
 10036
 10050
 10024
 10042
 10037
 10035
 10035
 10034
 10033
 10054
 10072
 10081
 10090
 10092
 10101
 10100
 10112
 10117
 10075
 10071
 10071
 10070
 10065
 10057
 10071
 10076
 10091
 10086
 10079
 10074
 10068
 10054
 10014
 10005
 10004
  9980
  9985
  9983
  9984
  9972
  9956
  9968
  9962
  9948
  9956
  9956
  9977
  9963
  9974
  9975
  9989
  9987
  9984
  9972
  9979
  9972
  9966
  9947
  9955
  9961
  9954
  9966
  9962
  9958
  9957
  9966
  9969
  9970
  9968
  9970
  9971
  9960
  9973
  9965
  9971
  9984
  9987
  9986
  9986
  9972
  9960
  9965
  9934
  9948
  9919
  9922
  9902
  9888
  9914
  9889
  9860
  9863
  9862
  9860
  9859
  9856
  9859
  9850
  9868
  9859
  9856
  9858
  9857
  9848
  9839
  9824
  9825
  9807
  9787
  9790
  9790
  9749
  9762
  9775
  9755
  9782
  9776
  9773
  9770
  9757
  9758
  9766
  9775
  9767
  9775
  9782
  9778
  9766
  9776
  9785
  9760
  9746
  9749
  9759
  9763
  9770
  9770
  9752
  9709
  9719
  9730
  9728
  9731
  9736
  9736
  9740
  9754
  9763
  9779
  9777
  9778
  9779
  9764
  9750
  9748
  9750
  9760
  9758
  9753
  9745
  9743
  9756
  9760
  9763
  9771
  9765
  9769
  9768
  9761
  9756
  9721
  9702
  9701
  9697
  9699
  9681
  9676
  9684
  9657
  9655
  9661
  9661
  9665
  9654
  9641
  9654
  9655
  9670
  9676
  9681
  9692
  9721
  9706
  9724
  9747
  9768
  9770
  9768
  9744
  9744
  9734
  9726
  9711
  9714
  9720
  9718
  9718
  9724
  9725
  9736
  9742
  9738
  9741
  9736
  9737
  9743
  9749
  9762
  9755
  9747
  9738
  9743
  9756
  9748
  9747
  9737
  9747
  9734
  9749
  9749
  9750
  9738
  9723
  9719
  9709
  9706
  9709
  9718
  9710
  9701
  9697
  9682
  9655
  9633
  9632
  9623
  9606
  9606
  9600
  9581
  9591
  9582
  9571
  9571
  9571
  9563
  9566
  9560
  9558
  9575
  9567
  9560
  9556
  9552
  9563
  9570
  9571
  9567
  9572
  9576
  9576
  9577
  9558
  9542
  9569
  9562
  9551
  9552
  9550
  9549
  9537
  9509
  9526
  9520
  9524
  9539
  9538
  9538
  9533
  9524
  9519
  9519
  9515
  9512
  9513
  9534
  9520
  9517
  9500
  9492
  9488
  9489
  9487
  9479
  9461
  9458
  9446
  9438
  9436
  9445
  9450
  9462
  9455
  9445
  9431
  9427
  9419
  9421
  9404
  9396
  9402
  9416
  9410
  9397
  9393
  9405
  9394
  9394
  9414
  9404
  9408
  9412
  9416
  9417
  9417
  9425
  9419
  9397
  9410
  9402
  9410
  9404
  9397
  9404
  9404
  9407
  9404
  9407
  9415
  9412
  9419
  9418
  9439
  9444
  9464
  9457
  9455
  9460
  9459
  9459
  9463
  9469
  9472
  9474
  9463
  9471
  9468
  9487
  9483
  9476
  9480
  9457
  9455
  9462
  9472
  9458
  9479
  9488
  9448
  9461
  9467
  9457
  9460
  9471
  9492
  9483
  9478
  9481
  9470
  9468
  9476
  9459
  9459
  9461
  9474
  9458
  9455
  9465
  9475
  9492
  9485
  9480
  9479
  9473
  9450
  9454
  9454
  9475
  9470
  9478
  9474
  9485
  9494
  9497
  9497
  9488
  9476
  9456
  9449
  9433
  9431
  9434
  9435
  9419
  9419
  9438
  9441
  9431
  9432
  9431
  9429
  9417
  9413
  9408
  9421
  9409
  9411
  9422
  9432
  9421
  9419
  9374
  9368
  9386
  9367
  9361
  9369
  9355
  9342
  9334
  9292
  9293
  9281
  9272
  9270
  9263
  9252
  9223
  9220
  9193
  9173
  9175
  9175
  9176
  9196
  9190
  9191
  9197
  9213
  9212
  9190
  9203
  9216
  9208
  9191
  9186
  9186
  9177
  9175
  9184
  9196
  9204
  9213
  9230
  9232
  9226
  9232
  9246
  9242
  9249
  9257
  9245
  9250
  9245
  9239
  9236
  9242
  9252
  9224
  9233
  9240
  9236
  9233
  9238
  9242
  9233
  9226
  9238
  9246
  9243
  9246
  9252
  9257
  9249
  9250
  9231
  9232
  9233
  9230
  9241
  9248
  9244
  9255
  9228
  9204
  9203
  9203
  9205
  9216
  9205
  9181
  9180
  9179
  9171
  9180
  9175
  9182
  9180
  9172
  9154
  9153
  9131
  9135
  9129
  9119
  9124
  9110
  9115
  9118
  9120
  9121
  9120
  9134
  9129
  9135
  9150
  9151
  9151
  9156
  9152
  9122
  9099
  9078
  9075
  9072
  9073
  9072
  9069
  9066
  9077
  9064
  9049
  9060
  9061
  9061
  9050
  9050
  9044
  9030
  9012
  9019
  9033
  9036
  9036
  9052
  9037
  9038
  9056
  9068
  9054
  9064
  9078
  9085
  9098
  9109
  9112
  9121
  9123
  9127
  9090
  9099
  9111
  9129
  9113
  9110
  9108
  9108
  9099
  9106
  9114
  9108
  9124
  9131
  9113
  9122
  9128
  9122
  9109
  9092
  9077
  9072
  9029
  9036
  9045
  9038
  9031
  9010
  9012
  8988
  8979
  8977
  8981
  8976
  8961
  8952
  8959
  8958
  8959
  8955
  8959
  8967
  8948
  8944
  8956
  8971
  8959
  8951
  8961
  8948
  8973
  8993
  8997
  9002
  9003
  8998
  9000
  8993
  8996
  8986
  8987
  8987
  8989
  8990
  8992
  8975
  8967
  8970
  8961
  8952
  8953
  8951
  8936
  8933
  8898
  8883
  8896
  8887
  8870
  8880
  8882
  8881
  8868
  8860
  8856
  8844
  8844
  8842
  8849
  8840
  8824
  8821
  8813
  8765
  8775
  8765
  8757
  8747
  8741
  8742
  8750
  8745
  8744
  8741
  8742
  8736
  8723
  8716
  8718
  8726
  8720
  8720
  8713
  8721
  8720
  8716
  8703
  8705
  8713
  8713
  8721
  8717
  8716
  8696
  8691
  8710
  8715
  8714
  8715
  8719
  8712
  8721
  8727
  8733
  8734
  8753
  8776
  8786
  8784
  8793
  8773
  8778
  8774
  8778
  8774
  8769
  8767
  8774
  8779
  8786
  8787
  8786
  8797
  8800
  8812
  8803
  8801
  8797
  8800
  8796
  8800
  8783
  8778
  8780
  8785
  8785
  8786
  8785
  8795
  8796
  8809
  8797
  8805
  8798
  8806
  8806
  8792
  8802
  8797
  8788
  8792
  8807
  8816
  8808
  8812
  8812
  8813
  8816
  8800
  8792
  8800
  8801
  8792
  8786
  8796
  8772
  8781
  8779
  8761
  8746
  8752
  8755
  8772
  8778
  8775
  8781
  8782
  8782
  8781
  8771
  8784
  8781
  8792
  8798
  8796
  8793
  8786
  8799
  8794
  8801
  8796
  8794
  8793
  8792
  8795
  8791
  8811
  8805
  8816
  8814
  8810
  8807
  8792
  8794
  8791
  8786
  8777
  8778
  8779
  8784
  8789
  8778
  8783
  8774
  8785
  8784
  8757
  8761
  8755
  8732
  8723
  8734
  8722
  8716
  8713
  8711
  8722
  8725
  8719
  8709
  8698
  8705
  8708
  8707
  8705
  8697
  8657
  8651
  8637
  8627
  8612
  8603
  8614
  8628
  8646
  8649
  8614
  8602
  8602
  8602
  8599
  8604
  8602
  8613
  8605
  8604
  8609
  8598
  8597
  8592
  8583
  8584
  8591
  8587
  8572
  8573
  8574
  8579
  8575
  8570
  8574
  8578
  8579
  8578
  8581
  8562
  8558
  8533
  8524
  8524
  8522
  8518
  8524
  8510
  8509
  8484
  8482
  8479
  8477
  8479
  8479
  8500
  8506
  8516
  8507
  8517
  8513
  8517
  8512
  8518
  8493
  8490
  8478
  8477
  8476
  8474
  8485
  8481
  8488
  8478
  8480
  8488
  8480
  8459
  8453
  8457
  8444
  8434
  8432
  8431
  8427
  8425
  8421
  8434
  8447
  8477
  8479
  8474
  8470
  8476
  8480
  8475
  8483
  8469
  8498
  8508
  8510
  8508
  8511
  8491
  8517
  8517
  8516
  8521
  8519
  8522
  8514
  8513
  8514
  8524
  8523
  8522
  8513
  8516
  8515
  8520
  8523
  8541
  8533
  8534
  8538
  8531
  8534
  8538
  8537
  8537
  8540
  8544
  8549
  8539
  8536
  8535
  8540
  8532
  8537
  8522
  8512
  8512
  8497
  8487
  8434
  8436
  8439
  8434
  8431
  8430
  8423
  8430
  8415
  8410
  8399
  8390
  8389
  8388
  8386
  8379
  8386
  8368
  8357
  8359
  8354
  8349
  8355
  8361
  8363
  8373
  8372
  8355
  8364
  8367
  8372
  8371
  8368
  8358
  8371
  8363
  8359
  8360
  8354
  8357
  8369
  8361
  8353
  8343
  8332
  8333
  8337
  8337
  8319
  8297
  8288
  8278
  8277
  8278
  8259
  8262
  8252
  8261
  8285
  8292
  8312
  8313
  8309
  8323
  8313
  8332
  8329
  8338
  8340
  8332
  8331
  8331
  8315
  8313
  8313
  8303
  8297
  8287
  8288
  8298
  8290
  8298
  8306
  8309
  8308
  8306
  8305
  8308
  8322
  8307
  8285
  8278
  8288
  8282
  8283
  8290
  8289
  8270
  8278
  8282
  8279
  8277
  8286
  8270
  8268
  8279
  8287
  8282
  8277
  8285
  8272
  8280
  8281
  8280
  8293
  8293
  8300
  8299
  8292
  8282
  8278
  8304
  8298
  8290
  8288
  8282
  8277
  8287
  8291
  8285
  8287
  8298
  8298
  8292
  8305
  8305
  8307
  8306
  8301
  8306
  8307
  8302
  8302
  8285
  8288
  8292
  8296
  8297
  8297
  8291
  8296
  8311
  8314
  8307
  8307
  8305
  8285
  8298
  8286
  8285
  8281
  8295
  8303
  8305
  8302
  8303
  8305
  8318
  8331
  8325
  8326
  8323
  8331
  8322
  8326
  8323
  8326
  8312
  8304
  8290
  8290
  8279
  8276
  8266
  8276
  8295
  8285
  8283
  8279
  8277
  8275
  8254
  8261
  8264
  8269
  8267
  8268
  8265
  8269
  8284
  8291
  8288
  8291
  8295
  8288
  8290
  8297
  8301
  8299
  8285
  8278
  8278
  8279
  8270
  8274
  8278
  8258
  8266
  8274
  8271
  8269
  8268
  8256
  8244
  8223
  8192
  8192
  8185
  8183
  8176
  8174
  8170
  8181
  8189
  8189
  8188
  8186
  8190
  8193
  8202
  8227
  8214
  8208
  8204
  8204
  8198
  8197
  8199
  8188
  8184
  8177
  8166
  8160
  8152
  8150
  8147
  8133
  8115
  8127
  8111
  8109
  8108
  8106
  8096
  8091
  8099
  8100
  8114
  8117
  8122
  8122
  8122
  8131
  8093
  8088
  8090
  8087
  8085
  8080
  8084
  8092
  8081
  8066
  8067
  8066
  8066
  8055
  8052
  8040
  8048
  8053
  8058
  8059
  8057
  8058
  8048
  8052
  8045
  8045
  8044
  8039
  8041
  8032
  8037
  8015
  8027
  8038
  8041
  8040
  8043
  8044
  8047
  8050
  8052
  8057
  8061
  8056
  8060
  8068
  8051
  8063
  8064
  8057
  8051
  8052
  8048
  8049
  8037
  8022
  8012
  8024
  8030
  8029
  8025
  8017
  8003
  8001
  7970
  7973
  7978
  7991
  7986
  7997
  7991
  7982
  7980
  7960
  7962
  7958
  7953
  7924
  7936
  7937
  7942
  7931
  7928
  7922
  7925
  7929
  7943
  7940
  7932
  7924
  7944
  7951
  7940
  7922
  7921
  7907
  7900
  7883
  7882
  7882
  7880
  7878
  7875
  7870
  7873
  7875
  7885
  7880
  7872
  7873
  7869
  7877
  7875
  7884
  7888
  7891
  7889
  7890
  7895
  7894
  7889
  7895
  7905
  7904
  7904
  7905
  7903
  7898
  7878
  7902
  7914
  7909
  7912
  7918
  7914
  7920
  7922
  7921
  7923
  7934
  7936
  7936
  7938
  7928
  7937
  7937
  7938
  7939
  7942
  7931
  7947
  7934
  7930
  7945
  7937
  7937
  7929
  7927
  7908
  7902
  7905
  7922
  7930
  7922
  7909
  7888
  7895
  7886
  7869
  7855
  7852
  7854
  7855
  7853
  7854
  7841
  7822
  7829
  7832
  7832
  7832
  7824
  7814
  7823
  7810
  7810
  7806
  7803
  7780
  7770
  7775
  7774
  7774
  7789
  7779
  7786
  7791
  7787
  7788
  7787
  7785
  7781
  7773
  7773
  7773
  7786
  7765
  7757
  7759
  7744
  7734
  7732
  7728
  7725
  7725
  7716
  7727
  7724
  7723
  7727
  7728
  7740
  7731
  7757
  7763
  7765
  7760
  7763
  7761
  7743
  7739
  7733
  7732
  7728
  7732
  7729
  7729
  7735
  7735
  7729
  7706
  7687
  7682
  7681
  7660
  7668
  7670
  7672
  7667
  7673
  7664
  7669
  7658
  7666
  7671
  7685
  7679
  7678
  7670
  7671
  7671
  7677
  7660
  7670
  7680
  7682
  7675
  7674
  7673
  7662
  7662
  7665
  7686
  7700
  7698
  7684
  7678
  7689
  7699
  7720
  7713
  7698
  7704
  7699
  7701
  7708
  7729
  7730
  7733
  7731
  7730
  7735
  7733
  7739
  7713
  7703
  7690
  7680
  7665
  7665
  7656
  7667
  7671
  7662
  7662
  7669
  7686
  7687
  7683
  7678
  7681
  7692
  7689
  7679
  7674
  7680
  7667
  7671
  7677
  7682
  7679
  7655
  7661
  7653
  7643
  7641
  7648
  7651
  7634
  7639
  7635
  7627
  7644
  7636
  7632
  7631
  7635
  7647
  7641
  7634
  7634
  7635
  7630
  7632
  7644
  7628
  7621
  7621
  7624
  7626
  7627
  7622
  7607
  7602
  7606
  7617
  7625
  7624
  7635
  7644
  7639
  7642
  7634
  7628
  7621
  7617
  7616
  7630
  7628
  7628
  7642
  7640
  7637
  7629
  7619
  7625
  7643
  7630
  7629
  7637
  7651
  7651
  7626
  7593
  7599
  7598
  7597
  7596
  7596
  7585
  7586
  7588
  7577
  7576
  7575
  7573
  7579
  7581
  7589
  7597
  7590
  7596
  7597
  7597
  7599
  7590
  7587
  7590
  7606
  7617
  7621
  7620
  7621
  7619
  7618
  7618
  7595
  7604
  7598
  7592
  7591
  7604
  7608
  7604
  7600
  7579
  7581
  7582
  7576
  7569
  7561
  7547
  7546
  7540
  7534
  7535
  7530
  7535
  7545
  7566
  7543
  7529
  7539
  7547
  7534
  7534
  7529
  7535
  7550
  7528
  7522
  7515
  7514
  7518
  7525
  7525
  7535
  7545
  7540
  7536
  7536
  7536
  7539
  7532
  7537
  7541
  7532
  7533
  7536
  7527
  7545
  7543
  7538
  7530
  7527
  7525
  7524
  7523
  7530
  7515
  7492
  7479
  7482
  7482
  7484
  7484
  7477
  7477
  7474
  7478
  7482
  7473
  7476
  7472
  7468
  7465
  7471
  7458
  7456
  7454
  7446
  7449
  7435
  7436
  7427
  7432
  7427
  7429
  7431
  7425
  7435
  7436
  7452
  7451
  7457
  7457
  7454
  7461
  7471
  7471
  7478
  7511
  7512
  7512
  7514
  7516
  7517
  7496
  7494
  7485
  7471
  7468
  7465
  7467
  7459
  7474
  7493
  7482
  7488
  7484
  7481
  7476
  7476
  7469
  7487
  7482
  7486
  7488
  7486
  7487
  7482
  7454
  7435
  7425
  7416
  7415
  7413
  7412
  7426
  7436
  7423
  7414
  7409
  7412
  7403
  7391
  7390
  7404
  7376
  7375
  7359
  7358
  7357
  7349
  7351
  7351
  7363
  7363
  7372
  7368
  7368
  7368
  7356
  7360
  7359
  7344
  7344
  7331
  7324
  7341
  7327
  7329
  7304
  7296
  7296
  7290
  7282
  7268
  7252
  7239
  7241
  7255
  7247
  7247
  7243
  7239
  7217
  7223
  7223
  7225
  7226
  7227
  7228
  7232
  7241
  7240
  7231
  7235
  7222
  7221
  7221
  7226
  7226
  7243
  7248
  7241
  7246
  7246
  7246
  7247
  7242
  7213
  7204
  7213
  7213
  7208
  7210
  7208
  7207
  7215
  7222
  7225
  7217
  7216
  7215
  7201
  7205
  7211
  7213
  7214
  7230
  7224
  7233
  7242
  7246
  7247
  7249
  7260
  7261
  7252
  7252
  7255
  7250
  7242
  7248
  7236
  7239
  7239
  7238
  7242
  7233
  7234
  7231
  7216
  7225
  7221
  7234
  7229
  7231
  7227
  7223
  7216
  7213
  7214
  7209
  7211
  7206
  7207
  7225
  7232
  7235
  7225
  7226
  7223
  7216
  7213
  7207
  7207
  7218
  7206
  7210
  7209
  7212
  7199
  7200
  7202
  7205
  7200
  7197
  7197
  7209
  7209
  7201
  7187
  7183
  7184
  7186
  7167
  7164
  7172
  7178
  7180
  7180
  7180
  7179
  7181
  7164
  7162
  7144
  7132
  7127
  7126
  7125
  7132
  7137
  7131
  7137
  7145
  7136
  7151
  7153
  7126
  7128
  7130
  7120
  7124
  7115
  7124
  7120
  7122
  7115
  7114
  7109
  7088
  7086
  7066
  7063
  7065
  7063
  7058
  7062
  7068
  7057
  7052
  7042
  7043
  7040
  7050
  7061
  7047
  7039
  7034
  7030
  7021
  7042
  7041
  7055
  7054
  7053
  7053
  7056
  7070
  7070
  7071
  7073
  7085
  7087
  7081
  7073
  7056
  7056
  7048
  7030
  7038
  7035
  7038
  7027
  7031
  7024
  7020
  7033
  7036
  7041
  7045
  7058
  7057
  7058
  7056
  7051
  7049
  7061
  7046
  7042
  7038
  7033
  7032
  7050
  7069
  7076
  7085
  7093
  7096
  7105
  7097
  7099
  7098
  7094
  7101
  7092
  7082
  7087
  7075
  7052
  7055
  7065
  7058
  7062
  7082
  7083
  7090
  7085
  7087
  7074
  7076
  7082
  7068
  7059
  7065
  7051
  7045
  7048
  7057
  7059
  7045
  7033
  7025
  7023
  7026
  7009
  7010
  6997
  6982
  6982
  6981
  6983
  6985
  6986
  6984
  6983
  6995
  6977
  6989
  6978
  6978
  6975
  6975
  6971
  6972
  6962
  6958
  6959
  6961
  6956
  6955
  6951
  6936
  6929
  6917
  6910
  6912
  6894
  6890
  6885
  6887
  6878
  6904
  6901
  6912
  6925
  6936
  6939
  6947
  6956
  6965
  6960
  6973
  6973
  6971
  6967
  6960
  6966
  6975
  6982
  6989
  6992
  6991
  6995
  6994
  6999
  7003
  7007
  6999
  7003
  6997
  7003
  6988
  6981
  6973
  6984
  6992
  6998
  6991
  6974
  6959
  6964
  6953
  6930
  6942
  6947
  6949
  6951
  6937
  6918
  6923
  6915
  6900
  6894
  6891
  6888
  6883
  6867
  6872
  6858
  6864
  6853
  6851
  6840
  6839
  6842
  6853
  6852
  6852
  6849
  6847
  6853
  6854
  6881
  6874
  6865
  6869
  6869
  6880
  6880
  6888
  6905
  6910
  6916
  6939
  6951
  6952
  6952
  6953
  6947
  6923
  6909
  6920
  6917
  6918
  6920
  6920
  6917
  6931
  6917
  6919
  6924
  6925
  6926
  6929
  6935
  6933
  6935
  6927
  6927
  6928
  6926
  6917
  6905
  6910
  6908
  6903
  6915
  6909
  6911
  6897
  6887
  6880
  6877
  6871
  6872
  6873
  6871
  6872
  6868
  6872
  6855
  6858
  6866
  6873
  6855
  6861
  6864
  6866
  6861
  6847
  6848
  6843
  6841
  6838
  6839
  6839
  6848
  6845
  6835
  6833
  6829
  6835
  6821
  6832
  6836
  6840
  6850
  6845
  6849
  6836
  6830
  6805
  6811
  6807
  6808
  6803
  6804
  6803
  6811
  6808
  6826
  6816
  6822
  6824
  6831
  6831
  6831
  6828
  6806
  6812
  6820
  6825
  6825
  6805
  6803
  6807
  6818
  6800
  6800
  6800
  6801
  6804
  6819
  6830
  6824
  6821
  6816
  6813
  6814
  6822
  6829
  6829
  6838
  6841
  6851
  6852
  6836
  6826
  6817
  6823
  6802
  6787
  6780
  6779
  6781
  6778
  6765
  6791
  6763
  6773
  6771
  6768
  6767
  6750
  6751
  6733
  6739
  6731
  6730
  6734
  6733
  6731
  6733
  6728
  6722
  6724
  6723
  6719
  6718
  6718
  6718
  6726
  6726
  6741
  6740
  6736
  6737
  6738
  6724
  6711
  6709
  6695
  6682
  6680
  6678
  6681
  6673
  6670
  6667
  6679
  6681
  6672
  6679
  6677
  6664
  6659
  6664
  6663
  6663
  6663
  6660
  6654
  6662
  6668
  6636
  6631
  6629
  6627
  6623
  6625
  6630
  6646
  6629
  6626
  6625
  6627
  6624
  6626
  6622
  6612
  6619
  6606
  6601
  6596
  6602
  6600
  6621
  6621
  6620
  6618
  6621
  6623
  6621
  6619
  6613
  6624
  6607
  6595
  6592
  6593
  6595
  6600
  6581
  6588
  6591
  6578
  6578
  6579
  6577
  6580
  6598
  6591
  6594
  6600
  6598
  6599
  6601
  6601
  6598
  6594
  6591
  6602
  6595
  6594
  6590
  6574
  6568
  6579
  6565
  6568
  6560
  6558
  6556
  6558
  6556
  6559
  6550
  6557
  6570
  6566
  6574
  6564
  6571
  6560
  6547
  6546
  6551
  6547
  6546
  6547
  6555
  6565
  6545
  6542
  6543
  6543
  6546
  6543
  6542
  6532
  6525
  6525
  6534
  6521
  6528
  6529
  6528
  6537
  6538
  6530
  6530
  6529
  6529
  6533
  6541
  6542
  6548
  6541
  6530
  6520
  6520
  6524
  6528
  6536
  6527
  6532
  6539
  6536
  6534
  6510
  6491
  6503
  6500
  6499
  6482
  6481
  6480
  6484
  6477
  6464
  6464
  6455
  6456
  6455
  6454
  6454
  6449
  6429
  6434
  6419
  6410
  6410
  6410
  6409
  6424
  6398
  6408
  6398
  6394
  6392
  6385
  6383
  6382
  6390
  6381
  6388
  6376
  6356
  6344
  6350
  6357
  6366
  6378
  6395
  6401
  6408
  6411
  6404
  6410
  6411
  6431
  6432
  6425
  6430
  6421
  6425
  6424
  6424
  6429
  6430
  6432
  6430
  6430
  6426
  6435
  6439
  6450
  6453
  6459
  6456
  6465
  6460
  6466
  6466
  6454
  6455
  6449
  6451
  6451
  6442
  6451
  6451
  6450
  6444
  6439
  6438
  6438
  6443
  6450
  6458
  6452
  6460
  6463
  6464
  6452
  6453
  6450
  6450
  6448
  6438
  6440
  6440
  6439
  6443
  6446
  6428
  6420
  6423
  6428
  6428
  6428
  6442
  6454
  6457
  6441
  6449
  6455
  6465
  6471
  6469
  6454
  6455
  6459
  6445
  6441
  6444
  6444
  6455
  6451
  6453
  6469
  6475
  6475
  6476
  6477
  6476
  6472
  6470
  6459
  6472
  6463
  6469
  6464
  6446
  6456
  6450
  6461
  6468
  6473
  6469
  6467
  6457
  6459
  6454
  6446
  6461
  6467
  6465
  6477
  6470
  6478
  6478
  6477
  6476
  6475
  6475
  6474
  6468
  6469
  6471
  6471
  6468
  6461
  6459
  6450
  6436
  6441
  6433
  6428
  6421
  6413
  6417
  6411
  6403
  6398
  6393
  6390
  6389
  6382
  6378
  6378
  6369
  6372
  6381
  6377
  6367
  6367
  6371
  6362
  6343
  6344
  6338
  6327
  6331
  6328
  6330
  6319
  6314
  6320
  6328
  6324
  6323
  6331
  6330
  6331
  6345
  6352
  6355
  6352
  6357
  6352
  6356
  6362
  6364
  6366
  6358
  6356
  6358
  6340
  6342
  6342
  6349
  6348
  6355
  6363
  6362
  6363
  6360
  6360
  6366
  6352
  6353
  6338
  6328
  6323
  6325
  6330
  6330
  6328
  6336
  6338
  6341
  6339
  6336
  6337
  6339
  6333
  6353
  6354
  6360
  6354
  6351
  6349
  6346
  6347
  6357
  6358
  6348
  6347
  6352
  6349
  6349
  6347
  6341
  6340
  6340
  6350
  6356
  6338
  6345
  6345
  6340
  6317
  6310
  6311
  6310
  6313
  6319
  6317
  6306
  6310
  6308
  6308
  6307
  6309
  6289
  6276
  6270
  6269
  6268
  6272
  6271
  6256
  6258
  6261
  6250
  6252
  6249
  6252
  6250
  6254
  6247
  6245
  6253
  6235
  6237
  6233
  6235
  6233
  6232
  6236
  6225
  6229
  6218
  6214
  6209
  6210
  6215
  6212
  6216
  6209
  6207
  6202
  6204
  6206
  6209
  6210
  6203
  6211
  6219
  6219
  6210
  6216
  6211
  6207
  6189
  6179
  6175
  6178
  6176
  6175
  6170
  6167
  6153
  6157
  6140
  6145
  6149
  6148
  6141
  6143
  6148
  6153
  6157
  6162
  6162
  6162
  6159
  6174
  6170
  6180
  6174
  6173
  6173
  6180
  6179
  6175
  6167
  6166
  6171
  6152
  6146
  6148
  6126
  6130
  6135
  6135
  6145
  6144
  6143
  6142
  6139
  6153
  6158
  6176
  6183
  6175
  6167
  6157
  6159
  6160
  6149
  6154
  6145
  6140
  6137
  6138
  6141
  6149
  6139
  6150
  6151
  6153
  6150
  6146
  6141
  6134
  6139
  6151
  6139
  6132
  6134
  6119
  6120
  6130
  6131
  6128
  6123
  6117
  6118
  6116
  6120
  6119
  6111
  6114
  6107
  6107
  6108
  6110
  6109
  6102
  6114
  6104
  6110
  6104
  6106
  6103
  6105
  6103
  6086
  6075
  6071
  6080
  6083
  6076
  6078
  6074
  6071
  6081
  6077
  6083
  6082
  6081
  6090
  6100
  6111
  6117
  6123
  6119
  6119
  6119
  6122
  6125
  6134
  6131
  6141
  6141
  6139
  6141
  6146
  6136
  6146
  6137
  6137
  6136
  6130
  6121
  6109
  6105
  6115
  6124
  6127
  6117
  6111
  6113
  6111
  6101
  6107
  6095
  6093
  6102
  6110
  6105
  6096
  6098
  6074
  6062
  6056
  6051
  6058
  6057
  6066
  6064
  6078
  6064
  6060
  6063
  6064
  6064
  6068
  6068
  6067
  6078
  6084
  6088
  6085
  6083
  6080
  6071
  6064
  6057
  6075
  6072
  6072
  6075
  6076
  6071
  6073
  6073
  6075
  6072
  6071
  6072
  6075
  6047
  6034
  6026
  6030
  6036
  6036
  6037
  6048
  6055
  6057
  6059
  6064
  6066
  6069
  6068
  6078
  6078
  6087
  6104
  6098
  6090
  6086
  6084
  6084
  6094
  6094
  6106
  6109
  6105
  6104
  6104
  6097
  6091
  6102
  6093
  6087
  6086
  6085
  6087
  6092
  6102
  6111
  6107
  6085
  6079
  6077
  6078
  6072
  6080
  6061
  6065
  6057
  6059
  6061
  6064
  6055
  6049
  6051
  6047
  6051
  6054
  6051
  6061
  6071
  6071
  6079
  6087
  6084
  6089
  6087
  6084
  6088
  6086
  6080
  6075
  6063
  6069
  6070
  6068
  6075
  6072
  6055
  6052
  6059
  6048
  6044
  6041
  6042
  6028
  6024
  6017
  6019
  6013
  6014
  6011
  6009
  6013
  6013
  6008
  6009
  6011
  6010
  6011
  6021
  6014
  6016
  6027
  6029
  6018
  6017
  6016
  6011
  6012
  6013
  6003
  5998
  6002
  6004
  6003
  6006
  5993
  5996
  5988
  5984
  5981
  5968
  5966
  5954
  5956
  5969
  5973
  5977
  5979
  5982
  5982
  5978
  5973
  5984
  5985
  5988
  5988
  5990
  5986
  5982
  5982
  5991
  5982
  5983
  5989
  5992
  5994
  5988
  5995
  6004
  6008
  6003
  6011
  6006
  6008
  6005
  6011
  6010
  6015
  6010
  6006
  6005
  6003
  5997
  5986
  5989
  5987
  5975
  5958
  5958
  5958
  5956
  5956
  5955
  5968
  5961
  5956
  5968
  5964
  5967
  5970
  5973
  5968
  5972
  5963
  5960
  5964
  5955
  5946
  5941
  5932
  5927
  5924
  5932
  5939
  5939
  5938
  5928
  5922
  5922
  5918
  5907
  5899
  5893
  5886
  5898
  5893
  5898
  5894
  5894
  5886
  5894
  5893
  5904
  5905
  5891
  5895
  5894
  5894
  5900
  5902
  5898
  5896
  5895
  5889
  5885
  5884
  5881
  5886
  5890
  5871
  5879
  5884
  5885
  5883
  5882
  5877
  5875
  5887
  5899
  5893
  5891
  5892
  5896
  5904
  5910
  5912
  5902
  5905
  5906
  5907
  5896
  5887
  5893
  5896
  5892
  5892
  5894
  5895
  5888
  5889
  5892
  5898
  5912
  5910
  5910
  5913
  5910
  5910
  5896
  5881
  5876
  5866
  5872
  5851
  5848
  5841
  5853
  5848
  5848
  5844
  5838
  5839
  5842
  5839
  5830
  5844
  5848
  5847
  5845
  5844
  5844
  5836
  5832
  5826
  5823
  5824
  5826
  5827
  5831
  5834
  5838
  5850
  5859
  5862
  5856
  5850
  5853
  5842
  5839
  5844
  5839
  5831
  5837
  5835
  5832
  5831
  5837
  5851
  5856
  5864
  5862
  5860
  5863
  5865
  5852
  5855
  5863
  5868
  5867
  5866
  5864
  5865
  5849
  5838
  5840
  5843
  5842
  5839
  5835
  5830
  5824
  5814
  5826
  5824
  5823
  5823
  5819
  5822
  5803
  5805
  5821
  5818
  5827
  5823
  5823
  5830
  5830
  5824
  5837
  5832
  5827
  5830
  5821
  5829
  5843
  5850
  5850
  5852
  5861
  5865
  5865
  5858
  5858
  5856
  5855
  5848
  5855
  5861
  5867
  5845
  5853
  5846
  5834
  5826
  5832
  5832
  5824
  5814
  5809
  5793
  5794
  5785
  5783
  5778
  5781
  5787
  5782
  5787
  5785
  5789
  5776
  5774
  5775
  5772
  5776
  5779
  5783
  5779
  5773
  5775
  5776
  5772
  5777
  5764
  5768
  5768
  5768
  5770
  5767
  5770
  5775
  5788
  5794
  5794
  5791
  5790
  5782
  5776
  5777
  5781
  5767
  5772
  5773
  5770
  5763
  5771
  5771
  5769
  5777
  5782
  5777
  5785
  5784
  5791
  5795
  5789
  5791
  5789
  5787
  5787
  5788
  5790
  5780
  5777
  5780
  5775
  5776
  5774
  5779
  5780
  5778
  5781
  5784
  5782
  5784
  5778
  5776
  5769
  5767
  5768
  5770
  5764
  5771
  5761
  5754
  5770
  5777
  5779
  5784
  5776
  5778
  5780
  5793
  5799
  5806
  5808
  5815
  5819
  5815
  5817
  5808
  5808
  5806
  5812
  5815
  5809
  5809
  5809
  5810
  5819
  5827
  5832
  5834
  5835
  5832
  5832
  5833
  5837
  5837
  5823
  5812
  5820
  5822
  5818
  5812
  5801
  5778
  5776
  5773
  5780
  5778
  5777
  5773
  5773
  5778
  5784
  5768
  5771
  5763
  5754
  5748
  5740
  5733
  5734
  5722
  5712
  5713
  5712
  5712
  5718
  5703
  5714
  5713
  5710
  5709
  5707
  5710
  5706
  5698
  5692
  5691
  5691
  5691
  5693
  5685
  5682
  5684
  5686
  5694
  5691
  5694
  5697
  5697
  5696
  5689
  5694
  5678
  5672
  5681
  5677
  5678
  5673
  5670
  5673
  5667
  5671
  5678
  5678
  5685
  5696
  5697
  5694
  5691
  5692
  5693
  5693
  5696
  5687
  5683
  5659
  5660
  5657
  5661
  5661
  5657
  5661
  5657
  5657
  5653
  5655
  5655
  5651
  5651
  5649
  5644
  5619
  5619
  5629
  5639
  5638
  5640
  5634
  5626
  5605
  5608
  5617
  5619
  5619
  5623
  5614
  5607
  5617
  5614
  5627
  5625
  5631
  5629
  5628
  5624
  5626
  5633
  5634
  5636
  5639
  5635
  5639
  5643
  5641
  5647
  5657
  5655
  5655
  5655
  5648
  5644
  5641
  5630
  5625
  5635
  5634
  5644
  5645
  5649
  5654
  5655
  5654
  5653
  5650
  5636
  5637
  5641
  5632
  5628
  5632
  5633
  5634
  5633
  5630
  5622
  5613
  5607
  5598
  5590
  5593
  5587
  5608
  5613
  5620
  5614
  5621
  5622
  5616
  5616
  5621
  5630
  5625
  5613
  5610
  5600
  5599
  5595
  5595
  5602
  5596
  5608
  5613
  5612
  5610
  5607
  5599
  5606
  5608
  5612
  5607
  5609
  5608
  5609
  5620
  5606
  5601
  5609
  5609
  5608
  5608
  5604
  5607
  5610
  5612
  5614
  5601
  5599
  5595
  5592
  5574
  5562
  5563
  5571
  5568
  5571
  5581
  5575
  5564
  5561
  5570
  5568
  5564
  5563
  5561
  5556
  5551
  5560
  5560
  5560
  5558
  5558
  5560
  5562
  5570
  5582
  5575
  5571
  5574
  5557
  5554
  5558
  5549
  5552
  5551
  5544
  5539
  5548
  5545
  5542
  5539
  5539
  5546
  5544
  5550
  5546
  5545
  5543
  5545
  5551
  5552
  5545
  5542
  5541
  5539
  5543
  5551
  5557
  5554
  5557
  5552
  5549
  5553
  5559
  5559
  5569
  5564
  5566
  5555
  5547
  5551
  5552
  5556
  5557
  5565
  5566
  5563
  5563
  5561
  5552
  5549
  5548
  5547
  5537
  5536
  5540
  5542
  5542
  5535
  5538
  5543
  5539
  5542
  5541
  5540
  5542
  5539
  5527
  5525
  5528
  5524
  5523
  5517
  5514
  5511
  5517
  5510
  5516
  5519
  5519
  5517
  5523
  5524
  5526
  5543
  5549
  5554
  5552
  5552
  5557
  5551
  5542
  5546
  5550
  5545
  5541
  5543
  5548
  5542
  5536
  5537
  5521
  5527
  5529
  5528
  5526
  5530
  5545
  5546
  5551
  5556
  5556
  5557
  5556
  5559
  5563
  5541
  5538
  5534
  5536
  5533
  5530
  5531
  5522
  5532
  5541
  5549
  5547
  5546
  5543
  5538
  5539
  5528
  5546
  5539
  5539
  5541
  5541
  5528
  5520
  5519
  5519
  5510
  5508
  5503
  5505
  5494
  5488
  5496
  5491
  5490
  5495
  5488
  5489
  5490
  5488
  5490
  5489
  5491
  5481
  5464
  5467
  5468
  5471
  5477
  5476
  5478
  5485
  5484
  5479
  5475
  5481
  5476
  5474
  5468
  5469
  5470
  5465
  5479
  5491
  5497
  5505
  5498
  5485
  5459
  5461
  5458
  5459
  5461
  5456
  5462
  5462
  5454
  5449
  5458
  5465
  5471
  5470
  5469
  5462
  5473
  5469
  5466
  5458
  5451
  5449
  5447
  5444
  5442
  5448
  5447
  5441
  5425
  5434
  5434
  5434
  5431
  5431
  5436
  5433
  5424
  5422
  5420
  5418
  5417
  5410
  5408
  5408
  5399
  5394
  5403
  5397
  5405
  5386
  5392
  5389
  5394
  5392
  5386
  5383
  5383
  5382
  5381
  5376
  5373
  5374
  5367
  5377
  5380
  5374
  5368
  5373
  5375
  5377
  5383
  5390
  5396
  5397
  5392
  5393
  5408
  5407
  5396
  5398
  5399
  5401
  5400
  5392
  5401
  5411
  5391
  5392
  5377
  5383
  5381
  5379
  5385
  5386
  5389
  5387
  5386
  5386
  5392
  5396
  5405
  5402
  5390
  5383
  5380
  5380
  5384
  5388
  5383
  5390
  5383
  5383
  5382
  5388
  5380
  5391
  5380
  5402
  5406
  5393
  5388
  5378
  5378
  5372
  5375
  5371
  5368
  5371
  5365
  5371
  5368
  5373
  5388
  5392
  5394
  5392
  5390
  5392
  5386
  5384
  5374
  5375
  5381
  5378
  5377
  5383
  5384
  5387
  5386
  5390
  5387
  5386
  5387
  5385
  5385
  5383
  5367
  5373
  5373
  5371
  5368
  5358
  5358
  5353
  5348
  5350
  5357
  5351
  5343
  5342
  5351
  5352
  5351
  5346
  5349
  5351
  5349
  5352
  5346
  5342
  5349
  5343
  5342
  5344
  5354
  5351
  5353
  5354
  5340
  5340
  5346
  5332
  5333
  5328
  5321
  5326
  5329
  5316
  5318
  5312
  5322
  5323
  5325
  5315
  5318
  5320
  5322
  5320
  5319
  5319
  5314
  5322
  5324
  5322
  5317
  5320
  5319
  5316
  5317
  5319
  5318
  5318
  5318
  5316
  5317
  5317
  5321
  5326
  5327
  5327
  5328
  5333
  5330
  5340
  5337
  5337
  5330
  5333
  5338
  5340
  5336
  5340
  5334
  5338
  5330
  5330
  5337
  5338
  5340
  5343
  5330
  5327
  5335
  5332
  5337
  5336
  5335
  5333
  5326
  5323
  5311
  5310
  5316
  5317
  5317
  5317
  5312
  5319
  5321
  5329
  5321
  5321
  5320
  5316
  5318
  5312
  5322
  5320
  5325
  5327
  5331
  5330
  5329
  5334
  5338
  5345
  5343
  5339
  5334
  5328
  5329
  5326
  5330
  5332
  5336
  5337
  5336
  5337
  5332
  5329
  5323
  5314
  5305
  5305
  5304
  5306
  5307
  5312
  5317
  5314
  5320
  5320
  5321
  5325
  5327
  5300
  5279
  5275
  5270
  5265
  5258
  5258
  5269
  5272
  5271
  5279
  5284
  5279
  5279
  5284
  5286
  5292
  5288
  5287
  5285
  5291
  5285
  5283
  5279
  5273
  5278
  5282
  5277
  5274
  5273
  5277
  5275
  5278
  5272
  5269
  5274
  5272
  5274
  5264
  5261
  5269
  5269
  5266
  5256
  5258
  5266
  5266
  5269
  5274
  5280
  5272
  5275
  5273
  5257
  5254
  5255
  5265
  5265
  5263
  5262
  5254
  5246
  5246
  5251
  5249
  5252
  5260
  5262
  5263
  5275
  5274
  5276
  5284
  5283
  5289
  5296
  5298
  5301
  5299
  5294
  5299
  5306
  5302
  5292
  5294
  5293
  5294
  5299
  5311
  5317
  5321
  5322
  5322
  5320
  5323
  5315
  5304
  5284
  5277
  5279
  5271
  5277
  5279
  5277
  5269
  5272
  5278
  5273
  5273
  5270
  5270
  5265
  5259
  5256
  5255
  5253
  5256
  5252
  5235
  5235
  5242
  5247
  5255
  5258
  5260
  5251
  5245
  5247
  5243
  5238
  5237
  5220
  5227
  5223
  5233
  5228
  5224
  5221
  5219
  5213
  5220
  5204
  5205
  5202
  5197
  5199
  5194
  5187
  5183
  5184
  5187
  5192
  5202
  5200
  5198
  5186
  5193
  5195
  5196
  5197
  5196
  5192
  5186
  5187
  5191
  5193
  5193
  5196
  5198
  5206
  5201
  5197
  5194
  5194
  5183
  5182
  5181
  5187
  5190
  5198
  5195
  5190
  5195
  5203
  5201
  5207
  5209
  5206
  5201
  5196
  5197
  5188
  5185
  5183
  5186
  5184
  5183
  5182
  5179
  5182
  5193
  5194
  5190
  5194
  5199
  5200
  5196
  5188
  5185
  5191
  5185
  5187
  5182
  5178
  5168
  5166
  5163
  5161
  5165
  5172
  5171
  5174
  5168
  5169
  5170
  5172
  5167
  5171
  5169
  5177
  5185
  5187
  5186
  5193
  5199
  5197
  5197
  5196
  5199
  5204
  5207
  5204
  5209
  5210
  5210
  5210
  5210
  5200
  5199
  5185
  5182
  5189
  5194
  5193
  5189
  5185
  5184
  5180
  5186
  5185
  5185
  5186
  5183
  5184
  5172
  5172
  5169
  5169
  5170
  5169
  5169
  5160
  5163
  5153
  5146
  5149
  5153
  5152
  5152
  5144
  5155
  5158
  5155
  5155
  5153
  5153
  5160
  5169
  5176
  5180
  5183
  5190
  5190
  5186
  5190
  5176
  5183
  5193
  5185
  5183
  5180
  5186
  5183
  5171
  5176
  5179
  5174
  5173
  5163
  5164
  5160
  5157
  5165
  5146
  5144
  5150
  5153
  5154
  5151
  5152
  5149
  5136
  5145
  5134
  5128
  5129
  5132
  5133
  5123
  5128
  5133
  5132
  5133
  5128
  5133
  5133
  5133
  5139
  5139
  5136
  5131
  5133
  5133
  5125
  5133
  5141
  5141
  5141
  5140
  5140
  5144
  5152
  5151
  5152
  5151
  5152
  5150
  5152
  5150
  5156
  5153
  5135
  5135
  5134
  5134
  5134
  5137
  5138
  5138
  5149
  5156
  5155
  5154
  5153
  5151
  5155
  5141
  5143
  5149
  5142
  5142
  5139
  5132
  5121
  5125
  5118
  5121
  5126
  5125
  5124
  5123
  5115
  5111
  5105
  5108
  5101
  5104
  5099
  5099
  5101
  5089
  5089
  5082
  5082
  5077
  5078
  5076
  5084
  5075
  5081
  5082
  5080
  5078
  5077
  5071
  5073
  5085
  5098
  5098
  5094
  5093
  5101
  5104
  5108
  5113
  5115
  5120
  5110
  5112
  5113
  5113
  5115
  5117
  5120
  5111
  5109
  5111
  5110
  5114
  5110
  5115
  5115
  5121
  5127
  5122
  5120
  5117
  5106
  5106
  5107
  5104
  5113
  5120
  5121
  5106
  5097
  5094
  5086
  5088
  5089
  5088
  5087
  5089
  5094
  5091
  5093
  5074
  5061
  5063
  5065
  5066
  5060
  5057
  5069
  5065
  5066
  5065
  5064
  5067
  5072
  5069
  5084
  5085
  5086
  5087
  5082
  5085
  5080
  5083
  5088
  5084
  5083
  5083
  5079
  5060
  5037
  5051
  5059
  5056
  5052
  5048
  5047
  5043
  5048
  5039
  5037
  5045
  5033
  5034
  5034
  5039
  5044
  5051
  5054
  5057
  5063
  5058
  5051
  5051
  5055
  5067
  5066
  5066
  5063
  5060
  5062
  5060
  5052
  5051
  5043
  5046
  5049
  5062
  5067
  5063
  5060
  5057
  5066
  5059
  5060
  5063
  5063
  5065
  5058
  5054
  5062
  5062
  5060
  5060
  5054
  5055
  5055
  5054
  5053
  5059
  5046
  5039
  5033
  5030
  5036
  5034
  5019
  5010
  5016
  5016
  5013
  5007
  5009
  5006
  5005
  5011
  5005
  5003
  4997
  4997
  5003
  5007
  5003
  5004
  4997
  4999
  5012
  5009
  5002
  4996
  4992
  4983
  4975
  4972
  4979
  4985
  4989
  5001
  5010
  5006
  4996
  4996
  4993
  4999
  4981
  4971
  4971
  4966
  4971
  4967
  4968
  4971
  4956
  4954
  4949
  4943
  4942
  4942
  4955
  4948
  4943
  4958
  4948
  4957
  4955
  4945
  4944
  4941
  4941
  4946
  4951
  4962
  4963
  4956
  4951
  4950
  4939
  4949
  4958
  4956
  4963
  4957
  4953
  4959
  4949
  4953
  4956
  4952
  4947
  4948
  4947
  4944
  4951
  4943
  4932
  4926
  4920
  4921
  4923
  4922
  4912
  4919
  4914
  4917
  4920
  4924
  4916
  4921
  4920
  4918
  4911
  4915
  4908
  4907
  4906
  4893
  4896
  4903
  4904
  4908
  4913
  4917
  4913
  4898
  4906
  4908
  4910
  4910
  4913
  4912
  4906
  4914
  4910
  4906
  4907
  4910
  4913
  4910
  4912
  4910
  4900
  4896
  4890
  4891
  4891
  4887
  4889
  4895
  4891
  4898
  4908
  4900
  4891
  4897
  4897
  4889
  4898
  4894
  4890
  4904
  4905
  4904
  4903
  4908
  4902
  4903
  4918
  4914
  4912
  4912
  4911
  4905
  4899
  4897
  4889
  4896
  4898
  4897
  4898
  4898
  4897
  4897
  4912
  4917
  4914
  4910
  4910
  4906
  4898
  4910
  4904
  4909
  4908
  4907
  4907
  4910
  4900
  4901
  4894
  4894
  4891
  4893
  4892
  4893
  4887
  4890
  4893
  4888
  4885
  4896
  4902
  4910
  4903
  4894
  4890
  4892
  4891
  4882
  4880
  4893
  4887
  4891
  4894
  4882
  4886
  4886
  4886
  4887
  4884
  4883
  4894
  4905
  4901
  4901
  4902
  4900
  4890
  4886
  4886
  4886
  4889
  4889
  4893
  4894
  4895
  4901
  4891
  4893
  4893
  4890
  4890
  4889
  4887
  4887
  4895
  4890
  4889
  4894
  4884
  4880
  4882
  4894
  4894
  4899
  4903
  4898
  4889
  4880
  4876
  4872
  4879
  4875
  4874
  4859
  4850
  4847
  4856
  4860
  4860
  4870
  4873
  4873
  4880
  4877
  4873
  4872
  4883
  4893
  4900
  4900
  4899
  4894
  4879
  4875
  4875
  4888
  4891
  4887
  4893
  4892
  4899
  4898
  4895
  4898
  4895
  4897
  4899
  4898
  4890
  4894
  4885
  4881
  4880
  4879
  4877
  4879
  4893
  4898
  4900
  4893
  4897
  4897
  4898
  4899
  4891
  4902
  4902
  4885
  4889
  4889
  4890
  4891
  4892
  4892
  4895
  4888
  4892
  4894
  4894
  4896
  4895
  4886
  4882
  4886
  4885
  4886
  4887
  4886
  4887
  4878
  4881
  4881
  4878
  4878
  4876
  4883
  4888
  4881
  4884
  4887
  4891
  4892
  4895
  4888
  4882
  4887
  4876
  4873
  4868
  4855
  4860
  4863
  4852
  4857
  4864
  4851
  4854
  4854
  4851
  4849
  4846
  4842
  4843
  4843
  4852
  4849
  4844
  4846
  4843
  4844
  4846
  4849
  4852
  4838
  4838
  4838
  4827
  4825
  4829
  4825
  4818
  4816
  4815
  4810
  4798
  4794
  4796
  4793
  4791
  4792
  4793
  4787
  4777
  4782
  4795
  4791
  4783
  4786
  4786
  4789
  4790
  4791
  4783
  4787
  4786
  4786
  4786
  4781
  4781
  4783
  4770
  4766
  4764
  4764
  4765
  4761
  4758
  4749
  4735
  4737
  4742
  4752
  4747
  4748
  4754
  4754
  4757
  4764
  4766
  4767
  4769
  4770
  4779
  4776
  4785
  4790
  4792
  4788
  4787
  4789
  4791
  4787
  4795
  4809
  4803
  4800
  4801
  4790
  4784
  4783
  4789
  4795
  4804
  4803
  4804
  4804
  4806
  4804
  4796
  4794
  4799
  4796
  4807
  4803
  4811
  4803
  4812
  4818
  4821
  4820
  4811
  4813
  4814
  4807
  4800
  4791
  4788
  4790
  4791
  4784
  4789
  4794
  4800
  4796
  4789
  4785
  4786
  4789
  4798
  4798
  4787
  4793
  4791
  4791
  4799
  4799
  4792
  4789
  4790
  4789
  4796
  4808
  4813
  4822
  4828
  4829
  4838
  4843
  4841
  4834
  4846
  4842
  4830
  4828
  4831
  4826
  4825
  4820
  4820
  4819
  4821
  4835
  4820
  4813
  4811
  4811
  4808
  4808
  4810
  4810
  4814
  4815
  4804
  4801
  4797
  4787
  4784
  4774
  4760
  4758
  4750
  4748
  4749
  4749
  4752
  4751
  4754
  4762
  4753
  4758
  4762
  4766
  4764
  4771
  4778
  4781
  4783
  4784
  4786
  4782
  4786
  4795
  4791
  4782
  4788
  4795
  4800
  4795
  4792
  4796
  4796
  4801
  4805
  4804
  4802
  4798
  4794
  4767
  4755
  4757
  4755
  4753
  4751
  4751
  4756
  4751
  4756
  4757
  4746
  4745
  4745
  4743
  4750
  4749
  4746
  4746
  4741
  4739
  4736
  4740
  4741
  4736
  4739
  4743
  4742
  4736
  4733
  4729
  4728
  4723
  4724
  4729
  4730
  4729
  4730
  4724
  4723
  4719
  4727
  4728
  4727
  4735
  4739
  4741
  4739
  4730
  4730
  4712
  4713
  4706
  4699
  4702
  4704
  4702
  4700
  4703
  4703
  4702
  4701
  4696
  4688
  4694
  4691
  4682
  4684
  4683
  4683
  4684
  4690
  4683
  4691
  4689
  4687
  4685
  4693
  4689
  4688
  4670
  4664
  4665
  4669
  4670
  4660
  4665
  4678
  4678
  4678
  4687
  4678
  4683
  4685
  4692
  4694
  4691
  4693
  4696
  4701
  4710
  4718
  4718
  4711
  4706
  4708
  4711
  4705
  4704
  4704
  4707
  4696
  4697
  4699
  4708
  4708
  4708
  4708
  4708
  4708
  4708
  4716
  4717
  4720
  4717
  4717
  4716
  4718
  4711
  4718
  4724
  4725
  4723
  4723
  4726
  4720
  4728
  4717
  4721
  4721
  4725
  4712
  4713
  4719
  4709
  4708
  4700
  4697
  4694
  4695
  4696
  4691
  4686
  4686
  4678
  4674
  4655
  4648
  4647
  4644
  4650
  4653
  4649
  4643
  4642
  4634
  4632
  4633
  4636
  4637
  4644
  4642
  4641
  4642
  4641
  4637
  4634
  4634
  4631
  4632
  4635
  4632
  4634
  4633
  4631
  4631
  4616
  4622
  4622
  4619
  4609
  4607
  4618
  4619
  4610
  4606
  4612
  4601
  4605
  4598
  4606
  4612
  4612
  4618
  4617
  4616
  4618
  4616
  4613
  4612
  4609
  4606
  4604
  4600
  4598
  4600
  4599
  4596
  4601
  4600
  4602
  4602
  4606
  4612
  4614
  4621
  4630
  4638
  4643
  4636
  4637
  4637
  4637
  4642
  4645
  4647
  4646
  4644
  4648
  4652
  4654
  4656
  4655
  4650
  4661
  4660
  4658
  4661
  4674
  4668
  4667
  4663
  4664
  4668
  4666
  4666
  4666
  4671
  4672
  4673
  4672
  4670
  4671
  4669
  4667
  4661
  4657
  4661
  4661
  4663
  4655
  4636
  4634
  4633
  4623
  4622
  4623
  4622
  4618
  4628
  4639
  4629
  4627
  4632
  4631
  4630
  4626
  4620
  4623
  4623
  4631
  4631
  4630
  4635
  4635
  4628
  4624
  4617
  4620
  4621
  4621
  4621
  4619
  4619
  4621
  4639
  4639
  4641
  4648
  4649
  4640
  4636
  4640
  4633
  4637
  4636
  4632
  4628
  4634
  4632
  4633
  4641
  4644
  4644
  4643
  4640
  4633
  4633
  4642
  4653
  4660
  4663
  4661
  4662
  4656
  4657
  4647
  4640
  4644
  4641
  4635
  4632
  4636
  4631
  4631
  4622
  4621
  4621
  4622
  4628
  4626
  4619
  4622
  4624
  4629
  4632
  4640
  4640
  4636
  4627
  4617
  4607
  4611
  4616
  4614
  4618
  4625
  4628
  4627
  4623
  4624
  4629
  4628
  4627
  4633
  4644
  4644
  4645
  4653
  4652
  4650
  4650
  4653
  4652
  4655
  4650
  4649
  4646
  4645
  4643
  4642
  4643
  4639
  4633
  4629
  4626
  4611
  4610
  4597
  4584
  4592
  4595
  4592
  4595
  4594
  4594
  4597
  4587
  4584
  4577
  4576
  4583
  4595
  4597
  4594
  4595
  4602
  4606
  4600
  4604
  4602
  4603
  4601
  4596
  4600
  4596
  4602
  4600
  4597
  4597
  4590
  4585
  4584
  4588
  4584
  4578
  4578
  4573
  4579
  4584
  4587
  4586
  4580
  4583
  4586
  4586
  4579
  4580
  4571
  4574
  4575
  4579
  4579
  4578
  4574
  4584
  4585
  4597
  4592
  4587
  4586
  4583
  4582
  4579
  4584
  4575
  4581
  4583
  4589
  4601
  4590
  4589
  4594
  4588
  4582
  4575
  4574
  4575
  4574
  4576
  4576
  4575
  4574
  4582
  4581
  4578
  4575
  4570
  4567
  4574
  4577
  4570
  4576
  4570
  4572
  4567
  4573
  4564
  4567
  4572
  4573
  4572
  4570
  4562
  4565
  4554
  4550
  4556
  4551
  4548
  4549
  4555
  4558
  4574
  4566
  4562
  4562
  4566
  4560
  4564
  4572
  4561
  4555
  4558
  4558
  4558
  4556
  4564
  4567
  4563
  4548
  4553
  4551
  4551
  4554
  4554
  4554
  4560
  4557
  4557
  4556
  4558
  4558
  4559
  4556
  4550
  4546
  4546
  4546
  4545
  4547
  4547
  4553
  4553
  4554
  4554
  4546
  4543
  4533
  4532
  4528
  4525
  4529
  4538
  4536
  4535
  4536
  4531
  4524
  4531
  4525
  4520
  4517
  4516
  4520
  4517
  4520
  4519
  4500
  4503
  4502
  4503
  4502
  4486
  4481
  4480
  4479
  4481
  4478
  4477
  4474
  4481
  4478
  4479
  4478
  4479
  4479
  4477
  4482
  4482
  4484
  4499
  4502
  4499
  4496
  4495
  4493
  4486
  4483
  4488
  4479
  4475
  4472
  4473
  4478
  4486
  4485
  4478
  4469
  4478
  4475
  4468
  4468
  4468
  4462
  4462
  4465
  4460
  4458
  4462
  4471
  4468
  4474
  4477
  4474
  4478
  4482
  4484
  4483
  4486
  4486
  4485
  4482
  4479
  4478
  4475
  4476
  4468
  4468
  4475
  4479
  4479
  4479
  4478
  4482
  4473
  4475
  4471
  4473
  4474
  4475
  4473
  4472
  4479
  4476
  4477
  4481
  4484
  4481
  4480
  4482
  4484
  4479
  4480
  4481
  4488
  4488
  4492
  4498
  4503
  4505
  4503
  4501
  4497
  4499
  4499
  4499
  4491
  4497
  4491
  4486
  4489
  4485
  4480
  4483
  4484
  4486
  4480
  4470
  4462
  4461
  4460
  4463
  4464
  4455
  4439
  4437
  4443
  4443
  4444
  4441
  4440
  4444
  4441
  4441
  4446
  4445
  4445
  4449
  4451
  4448
  4431
  4426
  4425
  4425
  4426
  4434
  4436
  4450
  4460
  4458
  4450
  4449
  4449
  4443
  4442
  4450
  4458
  4448
  4452
  4448
  4448
  4451
  4450
  4447
  4443
  4435
  4436
  4442
  4443
  4445
  4427
  4429
  4432
  4440
  4438
  4438
  4436
  4436
  4433
  4433
  4432
  4435
  4437
  4438
  4438
  4439
  4447
  4456
  4455
  4449
  4447
  4444
  4444
  4449
  4450
  4461
  4459
  4447
  4444
  4441
  4434
  4435
  4440
  4434
  4437
  4426
  4427
  4417
  4421
  4418
  4423
  4425
  4435
  4441
  4432
  4425
  4430
  4426
  4419
  4417
  4414
  4409
  4404
  4409
  4400
  4396
  4406
  4403
  4400
  4397
  4396
  4400
  4395
  4401
  4404
  4390
  4395
  4394
  4400
  4396
  4395
  4394
  4398
  4397
  4396
  4393
  4402
  4405
  4410
  4408
  4410
  4411
  4415
  4417
  4418
  4415
  4412
  4408
  4398
  4405
  4398
  4400
  4402
  4401
  4399
  4395
  4403
  4399
  4402
  4409
  4414
  4415
  4406
  4402
  4408
  4406
  4399
  4401
  4404
  4403
  4404
  4406
  4407
  4406
  4398
  4399
  4403
  4404
  4402
  4404
  4398
  4396
  4399
  4404
  4402
  4400
  4401
  4398
  4391
  4392
  4404
  4401
  4396
  4396
  4395
  4395
  4400
  4401
  4411
  4411
  4418
  4417
  4413
  4415
  4419
  4410
  4403
  4402
  4401
  4400
  4402
  4398
  4395
  4398
  4403
  4413
  4421
  4418
  4418
  4430
  4429
  4431
  4431
  4435
  4433
  4434
  4433
  4429
  4431
  4431
  4439
  4445
  4443
  4443
  4442
  4442
  4424
  4398
  4387
  4391
  4382
  4380
  4381
  4379
  4374
  4377
  4373
  4368
  4372
  4369
  4368
  4368
  4367
  4364
  4368
  4368
  4361
  4359
  4362
  4367
  4369
  4373
  4367
  4365
  4361
  4360
  4356
  4357
  4343
  4345
  4332
  4339
  4340
  4340
  4341
  4341
  4347
  4353
  4357
  4354
  4359
  4360
  4368
  4365
  4362
  4367
  4367
  4369
  4365
  4365
  4363
  4362
  4355
  4366
  4365
  4360
  4361
  4359
  4365
  4362
  4361
  4359
  4359
  4363
  4363
  4364
  4365
  4361
  4368
  4372
  4382
  4382
  4387
  4385
  4384
  4379
  4379
  4383
  4384
  4384
  4375
  4374
  4372
  4368
  4354
  4351
  4357
  4350
  4352
  4352
  4353
  4354
  4357
  4352
  4348
  4345
  4346
  4344
  4339
  4339
  4345
  4348
  4349
  4345
  4340
  4348
  4340
  4346
  4352
  4350
  4345
  4342
  4339
  4338
  4338
  4329
  4333
  4331
  4327
  4334
  4332
  4330
  4327
  4328
  4315
  4307
  4313
  4309
  4305
  4304
  4303
  4302
  4307
  4303
  4310
  4316
  4317
  4317
  4316
  4321
  4322
  4318
  4323
  4323
  4324
  4324
  4321
  4322
  4327
  4324
  4330
  4335
  4338
  4333
  4332
  4338
  4346
  4355
  4359
  4353
  4354
  4357
  4364
  4353
  4350
  4349
  4348
  4342
  4350
  4349
  4351
  4346
  4351
  4348
  4346
  4343
  4348
  4354
  4350
  4349
  4347
  4356
  4365
  4359
  4361
  4359
  4358
  4360
  4364
  4364
  4363
  4364
  4368
  4367
  4369
  4368
  4363
  4365
  4361
  4358
  4355
  4354
  4353
  4356
  4351
  4333
  4337
  4337
  4336
  4336
  4336
  4333
  4331
  4336
  4349
  4352
  4350
  4347
  4349
  4348
  4342
  4338
  4338
  4332
  4324
  4320
  4322
  4326
  4332
  4337
  4342
  4342
  4346
  4349
  4356
  4361
  4360
  4359
  4361
  4369
  4369
  4368
  4367
  4368
  4366
  4367
  4370
  4377
  4374
  4373
  4372
  4373
  4371
  4370
  4363
  4350
  4342
  4343
  4341
  4343
  4349
  4347
  4349
  4349
  4338
  4335
  4334
  4333
  4332
  4333
  4336
  4339
  4340
  4335
  4335
  4334
  4337
  4332
  4324
  4316
  4318
  4315
  4313
  4309
  4306
  4306
  4303
  4309
  4312
  4310
  4313
  4316
  4321
  4319
  4316
  4317
  4319
  4320
  4320
  4319
  4324
  4333
  4335
  4338
  4333
  4333
  4327
  4330
  4328
  4341
  4337
  4337
  4332
  4334
  4334
  4331
  4332
  4327
  4332
  4329
  4327
  4328
  4335
  4337
  4344
  4347
  4339
  4343
  4339
  4343
  4346
  4345
  4342
  4340
  4342
  4343
  4337
  4334
  4335
  4332
  4333
  4325
  4324
  4326
  4331
  4336
  4325
  4336
  4339
  4333
  4345
  4355
  4358
  4349
  4343
  4346
  4350
  4344
  4339
  4334
  4342
  4335
  4344
  4352
  4356
  4365
  4366
  4370
  4370
  4374
  4373
  4375
  4378
  4369
  4362
  4359
  4366
  4370
  4369
  4364
  4359
  4365
  4357
  4356
  4352
  4351
  4351
  4352
  4350
  4346
  4348
  4354
  4362
  4361
  4350
  4348
  4342
  4350
  4342
  4334
  4335
  4336
  4335
  4339
  4337
  4333
  4334
  4329
  4320
  4320
  4320
  4321
  4320
  4318
  4324
  4326
  4319
  4310
  4307
  4304
  4298
  4285
  4280
  4277
  4273
  4274
  4273
  4271
  4268
  4280
  4283
  4283
  4288
  4286
  4284
  4282
  4285
  4285
  4278
  4280
  4282
  4283
  4282
  4283
  4284
  4285
  4268
  4276
  4272
  4272
  4275
  4276
  4270
  4273
  4270
  4267
  4268
  4268
  4268
  4266
  4260
  4265
  4264
  4255
  4249
  4250
  4252
  4252
  4241
  4240
  4253
  4255
  4255
  4260
  4256
  4265
  4263
  4270
  4273
  4268
  4273
  4268
  4266
  4265
  4263
  4261
  4261
  4264
  4265
  4263
  4263
  4259
  4261
  4253
  4255
  4261
  4258
  4256
  4257
  4251
  4250
  4256
  4255
  4250
  4258
  4260
  4259
  4259
  4267
  4253
  4261
  4256
  4247
  4246
  4248
  4250
  4254
  4253
  4250
  4247
  4240
  4245
  4243
  4248
  4249
  4257
  4254
  4255
  4253
  4252
  4252
  4253
  4251
  4252
  4258
  4251
  4253
  4257
  4246
  4247
  4248
  4246
  4257
  4257
  4251
  4252
  4251
  4251
  4256
  4245
  4243
  4236
  4235
  4235
  4237
  4243
  4246
  4245
  4243
  4236
  4232
  4228
  4225
  4221
  4223
  4232
  4237
  4240
  4239
  4232
  4233
  4227
  4223
  4225
  4223
  4220
  4220
  4217
  4218
  4217
  4216
  4214
  4211
  4214
  4214
  4213
  4212
  4218
  4217
  4229
  4236
  4240
  4242
  4245
  4243
  4252
  4260
  4260
  4264
  4273
  4269
  4272
  4279
  4268
  4258
  4253
  4258
  4257
  4262
  4263
  4269
  4267
  4254
  4254
  4257
  4257
  4259
  4259
  4258
  4256
  4262
  4266
  4269
  4274
  4270
  4269
  4269
  4269
  4270
  4273
  4280
  4281
  4276
  4275
  4274
  4266
  4259
  4261
  4256
  4248
  4247
  4248
  4249
  4246
  4256
  4260
  4271
  4271
  4266
  4269
  4262
  4259
  4263
  4266
  4262
  4265
  4265
  4264
  4264
  4265
  4262
  4273
  4280
  4290
  4292
  4292
  4290
  4296
  4294
  4286
  4279
  4275
  4276
  4277
  4280
  4287
  4292
  4296
  4302
  4306
  4305
  4305
  4303
  4306
  4296
  4289
  4294
  4290
  4293
  4284
  4283
  4281
  4282
  4279
  4266
  4260
  4258
  4256
  4256
  4251
  4251
  4258
  4264
  4263
  4267
  4266
  4272
  4269
  4269
  4277
  4276
  4268
  4267
  4258
  4263
  4257
  4260
  4262
  4256
  4249
  4247
  4247
  4243
  4239
  4239
  4239
  4234
  4233
  4229
  4237
  4239
  4244
  4245
  4236
  4238
  4236
  4237
  4239
  4241
  4245
  4250
  4243
  4235
  4240
  4248
  4246
  4248
  4256
  4261
  4264
  4265
  4268
  4267
  4265
  4261
  4253
  4252
  4240
  4241
  4238
  4236
  4240
  4237
  4231
  4222
  4223
  4228
  4218
  4237
  4227
  4224
  4220
  4218
  4220
  4218
  4221
  4215
  4212
  4216
  4212
  4211
  4221
  4218
  4214
  4214
  4223
  4228
  4229
  4230
  4228
  4227
  4230
  4225
  4224
  4228
  4227
  4216
  4212
  4218
  4215
  4213
  4220
  4220
  4218
  4211
  4216
  4219
  4215
  4218
  4218
  4217
  4217
  4220
  4222
  4228
  4228
  4228
  4228
  4226
  4231
  4228
  4226
  4230
  4231
  4231
  4234
  4238
  4229
  4222
  4212
  4212
  4214
  4215
  4214
  4213
  4214
  4217
  4220
  4217
  4216
  4221
  4220
  4219
  4213
  4200
  4204
  4202
  4203
  4205
  4204
  4205
  4201
  4199
  4205
  4199
  4179
  4178
  4178
  4173
  4174
  4181
  4180
  4178
  4168
  4162
  4162
  4160
  4159
  4160
  4159
  4167
  4168
  4169
  4169
  4173
  4170
  4175
  4181
  4190
  4195
  4197
  4197
  4194
  4196
  4199
  4195
  4197
  4204
  4198
  4193
  4193
  4197
  4193
  4199
  4198
  4198
  4193
  4188
  4188
  4195
  4190
  4200
  4199
  4191
  4186
  4184
  4183
  4181
  4176
  4175
  4180
  4177
  4171
  4173
  4172
  4177
  4180
  4189
  4173
  4177
  4176
  4182
  4179
  4182
  4181
  4184
  4192
  4203
  4197
  4199
  4201
  4199
  4202
  4204
  4203
  4207
  4204
  4205
  4204
  4202
  4211
  4208
  4207
  4204
  4202
  4198
  4191
  4182
  4181
  4181
  4185
  4191
  4192
  4192
  4191
  4185
  4186
  4187
  4181
  4182
  4184
  4184
  4179
  4179
  4187
  4179
  4188
  4190
  4196
  4197
  4203
  4201
  4199
  4204
  4198
  4205
  4201
  4200
  4200
  4195
  4196
  4196
  4192
  4198
  4208
  4199
  4195
  4189
  4189
  4180
  4186
  4193
  4193
  4196
  4201
  4198
  4193
  4189
  4185
  4179
  4181
  4173
  4168
  4166
  4165
  4165
  4168
  4162
  4160
  4167
  4167
  4173
  4167
  4164
  4158
  4159
  4159
  4165
  4161
  4157
  4149
  4151
  4148
  4152
  4153
  4150
  4145
  4139
  4138
  4142
  4145
  4148
  4146
  4142
  4148
  4149
  4150
  4156
  4155
  4156
  4153
  4156
  4147
  4141
  4128
  4132
  4131
  4126
  4128
  4132
  4136
  4133
  4138
  4135
  4137
  4132
  4124
  4119
  4116
  4117
  4124
  4120
  4134
  4130
  4136
  4137
  4137
  4139
  4135
  4137
  4132
  4139
  4141
  4142
  4138
  4139
  4144
  4136
  4135
  4132
  4135
  4134
  4131
  4129
  4126
  4116
  4110
  4111
  4114
  4109
  4103
  4105
  4107
  4101
  4096
  4093
  4094
  4096
  4098
  4105
  4110
  4101
  4109
  4114
  4123
  4115
  4113
  4109
  4114
  4113
  4108
  4106
  4106
  4106
  4112
  4106
  4105
  4110
  4115
  4112
  4104
  4100
  4106
  4107
  4099
  4101
  4098
  4095
  4088
  4090
  4090
  4092
  4091
  4086
  4092
  4097
  4090
  4094
  4098
  4096
  4104
  4099
  4106
  4113
  4114
  4114
  4112
  4114
  4115
  4114
  4109
  4113
  4108
  4113
  4111
  4110
  4111
  4113
  4109
  4109
  4104
  4104
  4101
  4099
  4101
  4104
  4103
  4102
  4106
  4104
  4099
  4097
  4096
  4098
  4100
  4099
  4101
  4101
  4103
  4103
  4112
  4130
  4126
  4128
  4129
  4129
  4127
  4127
  4117
  4115
  4108
  4102
  4101
  4102
  4102
  4097
  4100
  4103
  4102
  4111
  4113
  4114
  4116
  4119
  4110
  4112
  4100
  4099
  4098
  4098
  4097
  4095
  4089
  4093
  4096
  4103
  4105
  4108
  4116
  4120
  4112
  4120
  4121
  4114
  4113
  4114
  4111
  4115
  4116
  4112
  4112
  4119
  4117
  4111
  4111
  4113
  4113
  4119
  4115
  4110
  4110
  4111
  4106
  4105
  4105
  4107
  4106
  4105
  4110
  4106
  4107
  4109
  4108
  4103
  4105
  4105
  4097
  4098
  4098
  4104
  4100
  4108
  4114
  4121
  4120
  4120
  4120
  4119
  4122
  4123
  4115
  4117
  4113
  4108
  4090
  4099
  4095
  4084
  4079
  4077
  4085
  4084
  4080
  4085
  4084
  4090
  4088
  4088
  4095
  4097
  4102
  4092
  4099
  4092
  4091
  4088
  4088
  4085
  4081
  4076
  4073
  4077
  4082
  4072
  4068
  4067
  4067
  4064
  4063
  4061
  4067
  4067
  4071
  4078
  4074
  4075
  4081
  4077
  4076
  4080
  4086
  4085
  4085
  4092
  4105
  4114
  4122
  4122
  4122
  4122
  4122
  4124
  4128
  4126
  4130
  4130
  4123
  4121
  4111
  4110
  4107
  4110
  4107
  4106
  4100
  4103
  4102
  4100
  4110
  4108
  4112
  4103
  4097
  4096
  4095
  4095
  4086
  4083
  4082
  4079
  4072
  4066
  4066
  4073
  4080
  4071
  4067
  4074
  4073
  4073
  4073
  4072
  4072
  4066
  4057
  4051
  4055
  4055
  4055
  4051
  4058
  4055
  4046
  4045
  4044
  4045
  4045
  4037
  4040
  4036
  4026
  4021
  4023
  4024
  4023
  4024
  4026
  4027
  4026
  4032
  4022
  4018
  4017
  4020
  4025
  4027
  4034
  4041
  4042
  4038
  4034
  4040
  4042
  4045
  4048
  4052
  4062
  4062
  4054
  4052
  4051
  4054
  4049
  4044
  4045
  4045
  4046
  4052
  4056
  4057
  4061
  4060
  4058
  4056
  4056
  4049
  4049
  4044
  4045
  4042
  4038
  4036
  4038
  4032
  4032
  4026
  4022
  4017
  4018
  4016
  4022
  4028
  4030
  4024
  4028
  4036
  4034
  4034
  4034
  4037
  4035
  4028
  4035
  4026
  4025
  4020
  4024
  4024
  4031
  4041
  4042
  4045
  4051
  4037
  4033
  4035
  4032
  4035
  4038
  4033
  4033
  4034
  4032
  4021
  4027
  4030
  4040
  4041
  4039
  4040
  4047
  4046
  4045
  4040
  4045
  4042
  4045
  4044
  4043
  4042
  4046
  4051
  4052
  4054
  4059
  4066
  4070
  4072
  4075
  4075
  4071
  4064
  4062
  4062
  4048
  4046
  4050
  4042
  4043
  4042
  4045
  4047
  4046
  4045
  4044
  4037
  4021
  4018
  4015
  4013
  4013
  4018
  4012
  4015
  4020
  4023
  4024
  4024
  4026
  4027
  4018
  4018
  4026
  4025
  4019
  4021
  4021
  4028
  4029
  4029
  4044
  4039
  4043
  4038
  4041
  4037
  4048
  4038
  4044
  4036
  4031
  4034
  4031
  4023
  4024
  4032
  4025
  4028
  4030
  4022
  4022
  4020
  4018
  4018
  4007
  4009
  4010
  4008
  4009
  4003
  4005
  4011
  4021
  4026
  4017
  4015
  4014
  4012
  4009
  4014
  4014
  4021
  4026
  4026
  4026
  4026
  4027
  4027
  4025
  4012
  4010
  4016
  4020
  4023
  4016
  4023
  4032
  4030
  4027
  4025
  4025
  4024
  4026
  4023
  4016
  4008
  4006
  4002
  3994
  3994
  4002
  3997
  3998
  3992
  3993
  3995
  4000
  3999
  3994
  3993
  3984
  3983
  3986
  3987
  3985
  3986
  3997
  3997
  3994
  3993
  3998
  3997
  3997
  4002
  3997
  3998
  4004
  4003
  4002
  4002
  4001
  3997
  3996
  3998
  3993
  3984
  3991
  3999
  3996
  3992
  3993
  3993
  3995
  3998
  3998
  3996
  3996
  3994
  3990
  3987
  3997
  3993
  3995
  3994
  3994
  3988
  3993
  4000
  4000
  3999
  4002
  4003
  4002
  4006
  4005
  4021
  4021
  4017
  4014
  4012
  4010
  4008
  3998
  3995
  3997
  3993
  3986
  3991
  3991
  3991
  3988
  3990
  3995
  3993
  3995
  3993
  3993
  3992
  3995
  3988
  3986
  3995
  3996
  4005
  4001
  3999
  3998
  3991
  3993
  3997
  4006
  4010
  4005
  4002
  4000
  4002
  4007
  4007
  4005
  4004
  4003
  4003
  4004
  4005
  4005
  4005
  3998
  3998
  4000
  4002
  4005
  4004
  4007
  4009
  4007
  4007
  4007
  3998
  4003
  4008
  3996
  4002
  4000
  3997
  3993
  3998
  3998
  4002
  4007
  3999
  3999
  3995
  3995
  3995
  4004
  4001
  3988
  3991
  3988
  3988
  3986
  3990
  3988
  3982
  3983
  3981
  3975
  3971
  3969
  3972
  3967
  3963
  3968
  3969
  3969
  3960
  3961
  3959
  3959
  3968
  3959
  3954
  3942
  3954
  3950
  3959
  3949
  3958
  3954
  3954
  3949
  3946
  3947
  3950
  3949
  3940
  3936
  3943
  3945
  3944
  3943
  3940
  3946
  3942
  3937
  3935
  3933
  3928
  3927
  3926
  3931
  3922
  3918
  3914
  3914
  3914
  3913
  3911
  3917
  3907
  3908
  3912
  3907
  3903
  3904
  3907
  3917
  3912
  3915
  3910
  3907
  3901
  3906
  3906
  3908
  3909
  3910
  3910
  3901
  3900
  3903
  3900
  3906
  3889
  3885
  3886
  3885
  3883
  3883
  3880
  3884
  3880
  3877
  3871
  3867
  3867
  3866
  3865
  3865
  3870
  3880
  3888
  3889
  3886
  3886
  3891
  3893
  3893
  3897
  3903
  3908
  3901
  3895
  3893
  3891
  3892
  3895
  3894
  3890
  3889
  3893
  3895
  3895
  3895
  3906
  3908
  3913
  3913
  3914
  3914
  3919
  3922
  3931
  3927
  3926
  3931
  3939
  3933
  3936
  3943
  3939
  3937
  3939
  3944
  3948
  3950
  3957
  3950
  3951
  3950
  3956
  3951
  3946
  3946
  3952
  3951
  3952
  3960
  3961
  3954
  3944
  3944
  3944
  3944
  3937
  3937
  3933
  3935
  3935
  3932
  3942
  3942
  3949
  3952
  3951
  3948
  3947
  3944
  3948
  3937
  3938
  3941
  3936
  3937
  3935
  3934
  3934
  3928
  3917
  3914
  3908
  3908
  3904
  3900
  3896
  3898
  3902
  3908
  3908
  3906
  3911
  3909
  3906
  3911
  3908
  3911
  3907
  3908
  3905
  3897
  3899
  3909
  3906
  3900
  3896
  3890
  3893
  3888
  3889
  3890
  3888
  3889
  3890
  3892
  3891
  3893
  3891
  3884
  3891
  3882
  3889
  3886
  3886
  3879
  3879
  3889
  3899
  3904
  3898
  3897
  3893
  3891
  3890
  3892
  3887
  3879
  3879
  3877
  3881
  3883
  3882
  3878
  3873
  3879
  3877
  3880
  3876
  3877
  3877
  3888
  3886
  3891
  3882
  3874
  3878
  3876
  3877
  3884
  3878
  3878
  3880
  3879
  3877
  3880
  3879
  3872
  3883
  3879
  3873
  3870
  3869
  3869
  3863
  3856
  3858
  3864
  3863
  3864
  3861
  3858
  3862
  3870
  3878
  3877
  3875
  3874
  3873
  3877
  3879
  3882
  3895
  3884
  3890
  3890
  3895
  3890
  3888
  3890
  3889
  3883
  3880
  3887
  3886
  3882
  3884
  3886
  3882
  3882
  3885
  3888
  3878
  3881
  3884
  3885
  3887
  3884
  3878
  3878
  3876
  3879
  3886
  3891
  3889
  3892
  3891
  3890
  3888
  3889
  3890
  3896
  3888
  3891
  3886
  3895
  3896
  3890
  3887
  3892
  3890
  3894
  3900
  3899
  3897
  3898
  3894
  3902
  3899
  3900
  3895
  3892
  3898
  3895
  3896
  3905
  3914
  3909
  3903
  3904
  3901
  3897
  3898
  3904
  3905
  3901
  3903
  3904
  3903
  3905
  3912
  3919
  3923
  3925
  3928
  3927
  3927
  3924
  3927
  3923
  3923
  3927
  3929
  3932
  3934
  3935
  3931
  3916
  3920
  3914
  3914
  3916
  3917
  3918
  3920
  3923
  3918
  3918
  3921
  3916
  3919
  3922
  3929
  3930
  3930
  3942
  3944
  3943
  3946
  3937
  3942
  3937
  3931
  3925
  3929
  3929
  3924
  3923
  3921
  3921
  3919
  3916
  3918
  3912
  3914
  3918
  3915
  3912
  3908
  3907
  3912
  3915
  3915
  3913
  3907
  3902
  3903
  3887
  3883
  3886
  3880
  3878
  3868
  3871
  3873
  3874
  3876
  3876
  3875
  3879
  3884
  3889
  3889
  3889
  3890
  3890
  3888
  3890
  3894
  3898
  3893
  3891
  3895
  3884
  3884
  3884
  3887
  3888
  3888
  3892
  3894
  3893
  3896
  3895
  3900
  3886
  3880
  3884
  3881
  3881
  3883
  3889
  3889
  3884
  3882
  3882
  3887
  3883
  3884
  3885
  3885
  3896
  3889
  3877
  3881
  3879
  3876
  3872
  3879
  3882
  3887
  3885
  3889
  3898
  3895
  3893
  3894
  3892
  3898
  3899
  3903
  3900
  3892
  3898
  3896
  3888
  3888
  3887
  3893
  3894
  3892
  3890
  3896
  3901
  3898
  3893
  3892
  3891
  3895
  3903
  3905
  3908
  3906
  3899
  3903
  3904
  3904
  3908
  3908
  3909
  3907
  3912
  3912
  3919
  3919
  3919
  3927
  3918
  3918
  3924
  3927
  3924
  3922
  3922
  3927
  3924
  3928
  3924
  3920
  3915
  3915
  3912
  3918
  3923
  3929
  3929
  3926
  3927
  3926
  3922
  3914
  3911
  3910
  3906
  3909
  3908
  3908
  3910
  3903
  3915
  3917
  3912
  3918
  3918
  3917
  3916
  3917
  3927
  3927
  3924
  3920
  3923
  3929
  3934
  3922
  3923
  3929
  3935
  3938
  3938
  3929
  3930
  3938
  3938
  3945
  3954
  3949
  3948
  3947
  3945
  3938
  3932
  3931
  3935
  3932
  3932
  3931
  3931
  3939
  3938
  3937
  3925
  3917
  3915
  3914
  3917
  3909
  3903
  3903
  3903
  3904
  3903
  3903
  3906
  3910
  3912
  3922
  3924
  3927
  3937
  3932
  3929
  3929
  3932
  3941
  3940
  3936
  3939
  3942
  3944
  3943
  3938
  3944
  3943
  3927
  3925
  3924
  3918
  3921
  3927
  3926
  3928
  3930
  3929
  3929
  3925
  3918
  3905
  3886
  3880
  3877
  3876
  3876
  3873
  3864
  3864
  3860
  3862
  3867
  3869
  3867
  3864
  3871
  3872
  3871
  3873
  3869
  3876
  3883
  3883
  3888
  3893
  3891
  3885
  3891
  3891
  3889
  3893
  3889
  3896
  3889
  3901
  3901
  3903
  3907
  3903
  3910
  3917
  3921
  3917
  3913
  3911
  3911
  3911
  3916
  3910
  3915
  3920
  3921
  3922
  3918
  3920
  3916
  3915
  3909
  3909
  3911
  3907
  3903
  3900
  3896
  3901
  3890
  3884
  3885
  3877
  3879
  3877
  3887
  3883
  3890
  3889
  3892
  3897
  3891
  3895
  3894
  3889
  3895
  3891
  3884
  3882
  3882
  3872
  3876
  3878
  3872
  3872
  3873
  3868
  3863
  3863
  3865
  3867
  3871
  3863
  3859
  3860
  3858
  3852
  3853
  3854
  3847
  3847
  3840
  3840
  3845
  3839
  3851
  3859
  3862
  3863
  3867
  3870
  3871
  3863
  3860
  3858
  3859
  3850
  3846
  3848
  3852
  3853
  3854
  3851
  3850
  3855
  3854
  3856
  3857
  3859
  3860
  3857
  3862
  3850
  3851
  3851
  3852
  3853
  3856
  3856
  3859
  3862
  3865
  3864
  3863
  3866
  3869
  3879
  3883
  3883
  3877
  3877
  3878
  3878
  3883
  3885
  3878
  3877
  3880
  3880
  3880
  3880
  3885
  3887
  3883
  3883
  3890
  3890
  3880
  3875
  3874
  3879
  3881
  3888
  3884
  3889
  3884
  3879
  3879
  3878
  3885
  3881
  3877
  3876
  3880
  3884
  3888
  3892
  3895
  3901
  3900
  3899
  3900
  3901
  3903
  3901
  3897
  3902
  3906
  3904
  3900
  3900
  3900
  3899
  3901
  3902
  3895
  3892
  3897
  3895
  3888
  3892
  3890
  3884
  3879
  3875
  3883
  3884
  3885
  3887
  3884
  3883
  3873
  3874
  3872
  3874
  3875
  3860
  3861
  3859
  3858
  3860
  3860
  3861
  3847
  3841
  3842
  3847
  3847
  3843
  3841
  3844
  3842
  3849
  3852
  3847
  3852
  3854
  3854
  3855
  3852
  3856
  3853
  3846
  3851
  3845
  3845
  3847
  3847
  3848
  3856
  3846
  3851
  3859
  3855
  3847
  3854
  3853
  3857
  3864
  3864
  3864
  3861
  3858
  3862
  3860
  3870
  3868
  3869
  3867
  3868
  3867
  3867
  3869
  3870
  3871
  3868
  3871
  3863
  3856
  3855
  3859
  3854
  3856
  3843
  3831
  3830
  3829
  3830
  3830
  3829
  3823
  3830
  3831
  3828
  3830
  3837
  3845
  3847
  3852
  3856
  3858
  3857
  3861
  3858
  3860
  3860
  3861
  3863
  3860
  3856
  3856
  3855
  3849
  3850
  3852
  3852
  3853
  3851
  3852
  3847
  3849
  3851
  3852
  3851
  3852
  3854
  3857
  3864
  3868
  3871
  3872
  3876
  3879
  3878
  3876
  3866
  3867
  3879
  3879
  3877
  3879
  3875
  3877
  3884
  3886
  3879
  3883
  3884
  3884
  3888
  3890
  3880
  3877
  3873
  3869
  3872
  3867
  3868
  3871
  3874
  3884
  3888
  3887
  3879
  3878
  3878
  3877
  3873
  3877
  3871
  3854
  3855
  3856
  3857
  3861
  3864
  3856
  3860
  3862
  3865
  3862
  3862
  3859
  3856
  3861
  3856
  3864
  3867
  3864
  3864
  3866
  3872
  3878
  3878
  3881
  3881
  3881
  3882
  3878
  3879
  3873
  3878
  3868
  3864
  3862
  3862
  3866
  3860
  3866
  3870
  3875
  3880
  3877
  3877
  3881
  3877
  3869
  3878
  3885
  3886
  3886
  3882
  3881
  3875
  3879
  3879
  3882
  3876
  3876
  3878
  3877
  3882
  3894
  3896
  3899
  3898
  3899
  3900
  3905
  3908
  3905
  3900
  3897
  3894
  3893
  3892
  3891
  3894
  3893
  3895
  3892
  3888
  3888
  3883
  3873
  3866
  3852
  3853
  3850
  3850
  3847
  3843
  3843
  3829
  3829
  3837
  3842
  3846
  3847
  3845
  3856
  3851
  3846
  3846
  3852
  3842
  3839
  3844
  3834
  3832
  3826
  3829
  3833
  3830
  3826
  3824
  3822
  3819
  3816
  3811
  3816
  3823
  3819
  3817
  3816
  3815
  3818
  3820
  3822
  3825
  3830
  3829
  3828
  3831
  3839
  3828
  3836
  3837
  3833
  3831
  3833
  3830
  3835
  3824
  3822
  3822
  3821
  3819
  3817
  3808
  3807
  3811
  3811
  3804
  3802
  3803
  3801
  3803
  3803
  3797
  3791
  3791
  3790
  3792
  3788
  3791
  3793
  3793
  3792
  3803
  3798
  3795
  3789
  3788
  3781
  3784
  3781
  3789
  3781
  3776
  3783
  3783
  3781
  3780
  3779
  3781
  3782
  3786
  3785
  3792
  3785
  3787
  3787
  3790
  3789
  3788
  3786
  3787
  3796
  3798
  3805
  3801
  3799
  3798
  3799
  3797
  3794
  3790
  3797
  3794
  3794
  3794
  3794
  3798
  3795
  3791
  3800
  3802
  3794
  3799
  3802
  3802
  3795
  3799
  3800
  3797
  3797
  3798
  3802
  3814
  3811
  3805
  3806
  3807
  3808
  3807
  3801
  3810
  3810
  3821
  3822
  3825
  3825
  3825
  3822
  3822
  3826
  3828
  3832
  3829
  3825
  3824
  3821
  3823
  3821
  3818
  3821
  3825
  3827
  3830
  3828
  3824
  3827
  3824
  3819
  3820
  3820
  3820
  3821
  3821
  3824
  3820
  3819
  3819
  3818
  3817
  3822
  3827
  3829
  3828
  3836
  3828
  3825
  3826
  3821
  3815
  3819
  3814
  3820
  3823
  3822
  3818
  3810
  3816
  3820
  3819
  3817
  3814
  3814
  3813
  3812
  3806
  3816
  3812
  3806
  3802
  3804
  3804
  3803
  3807
  3803
  3805
  3810
  3809
  3809
  3807
  3799
  3802
  3802
  3796
  3794
  3792
  3789
  3796
  3795
  3791
  3792
  3801
  3810
  3808
  3806
  3798
  3798
  3798
  3798
  3795
  3792
  3790
  3790
  3792
  3795
  3795
  3798
  3799
  3796
  3796
  3796
  3794
  3789
  3784
  3796
  3805
  3804
  3805
  3804
  3796
  3802
  3808
  3811
  3813
  3810
  3808
  3808
  3810
  3809
  3803
  3795
  3790
  3797
  3793
  3792
  3791
  3790
  3796
  3800
  3801
  3809
  3813
  3810
  3808
  3791
  3791
  3794
  3795
  3798
  3799
  3796
  3799
  3795
  3798
  3803
  3804
  3802
  3799
  3800
  3801
  3798
  3794
  3799
  3803
  3805
  3797
  3795
  3797
  3794
  3793
  3795
  3785
  3786
  3789
  3788
  3791
  3794
  3789
  3784
  3790
  3788
  3790
  3790
  3790
  3791
  3794
  3803
  3807
  3808
  3803
  3802
  3796
  3802
  3798
  3800
  3793
  3806
  3807
  3810
  3801
  3805
  3806
  3804
  3797
  3798
  3798
  3800
  3801
  3797
  3798
  3808
  3806
  3809
  3813
  3809
  3805
  3808
  3810
  3806
  3802
  3799
  3801
  3806
  3800
  3806
  3808
  3811
  3810
  3821
  3816
  3816
  3815
  3813
  3805
  3805
  3803
  3801
  3797
  3800
  3789
  3784
  3790
  3800
  3797
  3791
  3794
  3795
  3789
  3783
  3782
  3783
  3775
  3789
  3790
  3790
  3790
  3793
  3788
  3791
  3793
  3790
  3793
  3798
  3799
  3804
  3798
  3801
  3807
  3806
  3812
  3811
  3808
  3809
  3816
  3821
  3827
  3821
  3823
  3824
  3822
  3821
  3820
  3823
  3819
  3811
  3808
  3805
  3806
  3806
  3809
  3804
  3812
  3814
  3816
  3815
  3814
  3821
  3821
  3816
  3815
  3818
  3814
  3814
  3817
  3809
  3810
  3810
  3814
  3819
  3820
  3819
  3818
  3812
  3805
  3801
  3801
  3793
  3798
  3797
  3802
  3798
  3799
  3801
  3797
  3804
  3800
  3790
  3790
  3784
  3784
  3779
  3775
  3779
  3778
  3774
  3775
  3774
  3777
  3776
  3777
  3780
  3784
  3779
  3781
  3780
  3774
  3770
  3765
  3765
  3758
  3749
  3749
  3753
  3752
  3757
  3757
  3748
  3748
  3748
  3746
  3744
  3740
  3748
  3750
  3740
  3742
  3741
  3741
  3740
  3737
  3743
  3741
  3741
  3742
  3737
  3740
  3742
  3748
  3751
  3752
  3753
  3747
  3748
  3747
  3751
  3749
  3748
  3754
  3761
  3760
  3761
  3761
  3760
  3762
  3766
  3761
  3753
  3748
  3742
  3739
  3749
  3755
  3749
  3755
  3754
  3756
  3754
  3754
  3757
  3766
  3767
  3771
  3773
  3761
  3760
  3764
  3768
  3776
  3778
  3780
  3772
  3774
  3775
  3774
  3775
  3774
  3765
  3762
  3758
  3757
  3750
  3752
  3749
  3743
  3744
  3745
  3738
  3742
  3742
  3742
  3746
  3744
  3749
  3754
  3755
  3760
  3765
  3766
  3764
  3770
  3769
  3765
  3766
  3766
  3765
  3764
  3768
  3769
  3773
  3773
  3770
  3769
  3766
  3766
  3770
  3765
  3775
  3780
  3772
  3778
  3779
  3777
  3782
  3779
  3774
  3772
  3771
  3768
  3770
  3774
  3770
  3772
  3772
  3779
  3778
  3774
  3774
  3770
  3773
  3776
  3783
  3786
  3787
  3794
  3789
  3780
  3785
  3783
  3796
  3794
  3799
  3797
  3791
  3791
  3793
  3787
  3784
  3787
  3791
  3790
  3787
  3791
  3792
  3791
  3787
  3791
  3787
  3784
  3779
  3771
  3767
  3764
  3773
  3780
  3778
  3783
  3783
  3781
  3783
  3781
  3775
  3773
  3763
  3764
  3763
  3765
  3770
  3770
  3769
  3767
  3772
  3774
  3773
  3773
  3772
  3770
  3770
  3767
  3765
  3766
  3761
  3760
  3757
  3750
  3755
  3759
  3757
  3753
  3752
  3750
  3741
  3741
  3740
  3749
  3756
  3754
  3753
  3753
  3757
  3751
  3760
  3762
  3761
  3756
  3750
  3742
  3742
  3745
  3743
  3747
  3750
  3756
  3758
  3754
  3757
  3762
  3767
  3761
  3759
  3764
  3757
  3755
  3757
  3762
  3763
  3761
  3760
  3760
  3759
  3757
  3757
  3758
  3760
  3757
  3757
  3756
  3753
  3741
  3725
  3725
  3726
  3733
  3739
  3745
  3749
  3751
  3751
  3756
  3755
  3757
  3766
  3767
  3766
  3765
  3769
  3768
  3771
  3776
  3771
  3770
  3770
  3769
  3768
  3762
  3764
  3762
  3776
  3775
  3773
  3767
  3765
  3770
  3771
  3762
  3763
  3764
  3756
  3752
  3754
  3749
  3744
  3745
  3749
  3740
  3743
  3746
  3749
