 16384
 16384
 16383
 16382
 16376
 16373
 16373
 16368
 16368
 16367
 16356
 16353
 16352
 16346
 16346
 16343
 16343
 16343
 16340
 16331
 16331
 16331
 16330
 16330
 16329
 16325
 16325
 16322
 16319
 16318
 16317
 16313
 16312
 16312
 16307
 16306
 16303
 16299
 16301
 16298
 16295
 16282
 16262
 16235
 16192
 16178
 16153
 16093
 16055
 15992
 15933
 15831
 15769
 15725
 15634
 15608
 15572
 15479
 15450
 15383
 15352
 15309
 15276
 15272
 15282
 15265
 15240
 15228
 15230
 15213
 15204
 15209
 15180
 15129
 15088
 15020
 15010
 14983
 14955
 14889
 14813
 14764
 14736
 14689
 14619
 14605
 14594
 14604
 14592
 14612
 14640
 14630
 14643
 14659
 14661
 14663
 14637
 14608
 14542
 14502
 14463
 14414
 14418
 14417
 14427
 14424
 14415
 14399
 14406
 14397
 14396
 14398
 14399
 14415
 14406
 14414
 14404
 14426
 14437
 14445
 14439
 14468
 14496
 14539
 14543
 14554
 14552
 14549
 14563
 14565
 14582
 14569
 14545
 14550
 14536
 14519
 14518
 14552
 14529
 14507
 14521
 14519
 14516
 14498
 14493
 14456
 14474
 14460
 14421
 14363
 14354
 14338
 14310
 14300
 14266
 14254
 14244
 14234
 14240
 14245
 14258
 14243
 14240
 14248
 14238
 14221
 14223
 14227
 14240
 14263
 14214
 14223
 14213
 14206
 14222
 14227
 14256
 14207
 14153
 14139
 14118
 14096
 14072
 14072
 14065
 14092
 14114
 14151
 14166
 14185
 14185
 14184
 14154
 14108
 14091
 14054
 14061
 14054
 14059
 14068
 14056
 14063
 14035
 14041
 14030
 14015
 14009
 14008
 14001
 14005
 14033
 14030
 14038
 14048
 14040
 14033
 14032
 14036
 14002
 13987
 13961
 13929
 13921
 13924
 13917
 13926
 13906
 13906
 13901
 13912
 13909
 13896
 13873
 13846
 13806
 13777
 13765
 13740
 13735
 13731
 13709
 13723
 13710
 13711
 13727
 13757
 13753
 13779
 13777
 13799
 13832
 13811
 13837
 13840
 13835
 13835
 13830
 13839
 13865
 13904
 13907
 13896
 13897
 13898
 13922
 13922
 13955
 13983
 14020
 14031
 14027
 14030
 14023
 14015
 13997
 13962
 13952
 13924
 13919
 13879
 13836
 13814
 13751
 13740
 13739
 13733
 13729
 13734
 13747
 13770
 13777
 13788
 13803
 13817
 13816
 13810
 13817
 13800
 13783
 13796
 13800
 13799
 13781
 13786
 13807
 13814
 13844
 13887
 13897
 13895
 13878
 13853
 13845
 13790
 13764
 13774
 13745
 13748
 13746
 13742
 13725
 13705
 13723
 13690
 13670
 13664
 13654
 13644
 13644
 13624
 13596
 13566
 13558
 13524
 13504
 13504
 13522
 13549
 13578
 13610
 13618
 13636
 13635
 13627
 13628
 13634
 13636
 13670
 13682
 13689
 13691
 13688
 13668
 13672
 13619
 13589
 13598
 13592
 13579
 13556
 13559
 13538
 13498
 13473
 13485
 13491
 13476
 13439
 13398
 13364
 13331
 13325
 13281
 13269
 13271
 13265
 13283
 13275
 13305
 13325
 13352
 13352
 13348
 13362
 13368
 13368
 13382
 13395
 13380
 13398
 13400
 13393
 13381
 13385
 13355
 13297
 13277
 13233
 13210
 13189
 13155
 13143
 13111
 13081
 13102
 13079
 13085
 13089
 13094
 13111
 13142
 13157
 13160
 13180
 13199
 13205
 13212
 13228
 13250
 13265
 13274
 13269
 13265
 13259
 13238
 13220
 13229
 13208
 13194
 13164
 13162
 13127
 13119
 13109
 13087
 13060
 13060
 13038
 13022
 13022
 13036
 13062
 13082
 13066
 13074
 13072
 13070
 13078
 13074
 13087
 13115
 13132
 13163
 13201
 13211
 13236
 13249
 13268
 13301
 13290
 13306
 13300
 13289
 13321
 13315
 13303
 13286
 13302
 13308
 13305
 13323
 13333
 13351
 13367
 13403
 13421
 13440
 13442
 13444
 13436
 13437
 13441
 13467
 13494
 13501
 13505
 13502
 13496
 13466
 13415
 13391
 13389
 13371
 13365
 13380
 13349
 13318
 13304
 13292
 13260
 13260
 13255
 13255
 13256
 13263
 13267
 13310
 13315
 13340
 13347
 13360
 13354
 13359
 13367
 13356
 13378
 13380
 13368
 13366
 13361
 13359
 13372
 13396
 13389
 13399
 13399
 13398
 13379
 13379
 13351
 13323
 13309
 13290
 13252
 13231
 13231
 13250
 13243
 13240
 13237
 13241
 13231
 13231
 13219
 13222
 13185
 13165
 13158
 13143
 13117
 13086
 13092
 13059
 13002
 12978
 12949
 12928
 12889
 12892
 12907
 12901
 12905
 12894
 12898
 12898
 12890
 12896
 12904
 12904
 12909
 12925
 12944
 12938
 12936
 12937
 12923
 12917
 12903
 12868
 12831
 12820
 12820
 12811
 12809
 12789
 12757
 12714
 12699
 12679
 12660
 12663
 12657
 12656
 12641
 12640
 12625
 12610
 12609
 12604
 12608
 12624
 12633
 12646
 12674
 12678
 12668
 12667
 12657
 12677
 12686
 12706
 12730
 12759
 12763
 12771
 12773
 12772
 12718
 12685
 12654
 12631
 12615
 12618
 12607
 12586
 12593
 12560
 12483
 12479
 12486
 12486
 12484
 12494
 12507
 12525
 12519
 12538
 12543
 12558
 12563
 12578
 12610
 12619
 12599
 12609
 12615
 12616
 12610
 12611
 12573
 12519
 12512
 12478
 12470
 12467
 12454
 12462
 12491
 12503
 12535
 12557
 12567
 12570
 12564
 12571
 12575
 12581
 12583
 12613
 12605
 12605
 12608
 12615
 12612
 12613
 12631
 12624
 12651
 12668
 12669
 12653
 12655
 12670
 12691
 12696
 12719
 12723
 12728
 12743
 12764
 12746
 12773
 12779
 12767
 12762
 12760
 12760
 12764
 12778
 12803
 12812
 12796
 12809
 12805
 12784
 12743
 12702
 12689
 12668
 12623
 12601
 12603
 12608
 12632
 12618
 12619
 12612
 12648
 12651
 12643
 12645
 12610
 12591
 12543
 12494
 12470
 12465
 12465
 12459
 12437
 12417
 12386
 12370
 12355
 12351
 12353
 12350
 12369
 12382
 12399
 12381
 12384
 12385
 12376
 12383
 12382
 12344
 12299
 12303
 12283
 12276
 12276
 12279
 12292
 12288
 12305
 12321
 12321
 12319
 12318
 12333
 12346
 12359
 12381
 12376
 12378
 12378
 12377
 12364
 12370
 12370
 12385
 12407
 12413
 12417
 12410
 12413
 12431
 12432
 12436
 12452
 12445
 12440
 12440
 12403
 12355
 12333
 12328
 12306
 12303
 12303
 12305
 12309
 12326
 12350
 12358
 12379
 12376
 12367
 12350
 12361
 12364
 12394
 12396
 12377
 12390
 12387
 12382
 12388
 12401
 12409
 12425
 12431
 12444
 12430
 12408
 12402
 12400
 12372
 12344
 12321
 12315
 12306
 12292
 12281
 12283
 12302
 12299
 12317
 12341
 12353
 12346
 12334
 12294
 12261
 12243
 12222
 12192
 12189
 12194
 12188
 12209
 12228
 12239
 12235
 12235
 12238
 12247
 12236
 12239
 12181
 12143
 12121
 12097
 12097
 12098
 12105
 12073
 12027
 12004
 12005
 11982
 11978
 11972
 11967
 11962
 11951
 11912
 11899
 11884
 11883
 11882
 11886
 11871
 11840
 11830
 11805
 11812
 11828
 11793
 11766
 11759
 11794
 11809
 11807
 11834
 11820
 11825
 11818
 11778
 11762
 11733
 11712
 11687
 11685
 11705
 11700
 11695
 11683
 11684
 11669
 11659
 11653
 11651
 11655
 11628
 11602
 11572
 11573
 11570
 11566
 11565
 11568
 11543
 11516
 11517
 11525
 11518
 11520
 11520
 11521
 11521
 11560
 11541
 11530
 11544
 11543
 11540
 11533
 11511
 11502
 11484
 11475
 11488
 11477
 11477
 11481
 11445
 11424
 11415
 11401
 11387
 11384
 11381
 11378
 11372
 11354
 11349
 11332
 11326
 11347
 11375
 11376
 11389
 11387
 11385
 11382
 11344
 11347
 11375
 11388
 11405
 11435
 11450
 11468
 11482
 11498
 11515
 11525
 11508
 11525
 11528
 11545
 11549
 11558
 11545
 11563
 11588
 11606
 11612
 11646
 11648
 11644
 11641
 11639
 11665
 11691
 11690
 11716
 11719
 11719
 11703
 11716
 11661
 11656
 11632
 11601
 11597
 11590
 11587
 11592
 11597
 11605
 11642
 11660
 11658
 11657
 11660
 11651
 11640
 11598
 11612
 11594
 11563
 11537
 11522
 11507
 11502
 11449
 11443
 11433
 11417
 11426
 11432
 11442
 11470
 11494
 11533
 11557
 11570
 11572
 11571
 11567
 11579
 11612
 11616
 11612
 11632
 11642
 11639
 11638
 11659
 11676
 11701
 11696
 11706
 11708
 11709
 11715
 11708
 11702
 11722
 11726
 11722
 11728
 11720
 11723
 11701
 11690
 11688
 11645
 11637
 11638
 11637
 11619
 11616
 11612
 11612
 11597
 11598
 11582
 11597
 11613
 11625
 11649
 11672
 11676
 11677
 11677
 11657
 11638
 11627
 11579
 11561
 11566
 11539
 11539
 11538
 11513
 11513
 11489
 11497
 11495
 11494
 11485
 11490
 11494
 11512
 11520
 11513
 11524
 11530
 11526
 11510
 11516
 11518
 11499
 11500
 11494
 11499
 11507
 11504
 11519
 11499
 11513
 11523
 11532
 11547
 11549
 11550
 11553
 11531
 11509
 11506
 11490
 11484
 11487
 11481
 11466
 11430
 11383
 11361
 11348
 11337
 11337
 11339
 11330
 11327
 11298
 11266
 11230
 11213
 11218
 11218
 11215
 11225
 11197
 11185
 11156
 11156
 11158
 11153
 11136
 11110
 11110
 11051
 11001
 11010
 11001
 10993
 10977
 10971
 10963
 10963
 10941
 10931
 10927
 10944
 10928
 10923
 10934
 10934
 10945
 10959
 10966
 10951
 10938
 10931
 10937
 10924
 10898
 10903
 10902
 10904
 10892
 10904
 10926
 10944
 10940
 10945
 10943
 10950
 10957
 10983
 11011
 11046
 11049
 11048
 11049
 11049
 11048
 11068
 11106
 11132
 11157
 11160
 11164
 11161
 11165
 11158
 11171
 11197
 11198
 11194
 11193
 11182
 11172
 11151
 11147
 11135
 11133
 11117
 11128
 11126
 11121
 11127
 11122
 11112
 11105
 11108
 11110
 11114
 11112
 11106
 11097
 11123
 11137
 11148
 11148
 11148
 11123
 11093
 11095
 11087
 11086
 11063
 11062
 11057
 11065
 11065
 11091
 11065
 11065
 11078
 11078
 11082
 11079
 11081
 11089
 11105
 11100
 11119
 11132
 11143
 11148
 11163
 11182
 11180
 11176
 11183
 11184
 11174
 11169
 11169
 11168
 11125
 11115
 11110
 11106
 11107
 11100
 11102
 11128
 11128
 11118
 11087
 11080
 11075
 11069
 11083
 11097
 11109
 11098
 11096
 11092
 11094
 11089
 11099
 11114
 11127
 11126
 11133
 11129
 11122
 11111
 11106
 11101
 11098
 11062
 11066
 11059
 11046
 11046
 11005
 11011
 10994
 10967
 10967
 10959
 10953
 10966
 10975
 10962
 10965
 10955
 10946
 10937
 10916
 10909
 10908
 10889
 10876
 10896
 10879
 10866
 10863
 10830
 10831
 10806
 10798
 10784
 10777
 10781
 10781
 10785
 10771
 10757
 10749
 10755
 10767
 10762
 10762
 10745
 10726
 10726
 10700
 10688
 10678
 10678
 10678
 10676
 10687
 10711
 10715
 10699
 10693
 10718
 10723
 10744
 10757
 10753
 10771
 10773
 10783
 10785
 10784
 10781
 10760
 10741
 10713
 10698
 10707
 10709
 10700
 10679
 10677
 10691
 10674
 10677
 10671
 10669
 10670
 10649
 10643
 10671
 10664
 10680
 10697
 10672
 10682
 10708
 10698
 10643
 10662
 10656
 10644
 10648
 10649
 10646
 10638
 10608
 10570
 10570
 10565
 10561
 10557
 10559
 10578
 10583
 10604
 10594
 10598
 10629
 10635
 10628
 10655
 10662
 10669
 10668
 10675
 10675
 10672
 10650
 10640
 10630
 10652
 10622
 10601
 10603
 10612
 10641
 10623
 10618
 10574
 10579
 10576
 10562
 10560
 10558
 10562
 10566
 10581
 10582
 10572
 10595
 10566
 10570
 10569
 10559
 10526
 10525
 10501
 10488
 10500
 10503
 10477
 10484
 10478
 10466
 10468
 10461
 10462
 10453
 10473
 10477
 10452
 10459
 10459
 10458
 10453
 10462
 10478
 10506
 10532
 10529
 10535
 10538
 10537
 10542
 10550
 10557
 10556
 10567
 10554
 10537
 10533
 10492
 10497
 10483
 10466
 10448
 10432
 10421
 10429
 10423
 10427
 10444
 10440
 10453
 10448
 10452
 10451
 10453
 10459
 10489
 10488
 10489
 10493
 10496
 10487
 10474
 10482
 10459
 10457
 10437
 10434
 10435
 10439
 10426
 10425
 10437
 10426
 10407
 10401
 10398
 10405
 10402
 10386
 10347
 10340
 10336
 10326
 10337
 10347
 10325
 10340
 10337
 10345
 10356
 10333
 10344
 10344
 10337
 10358
 10369
 10373
 10359
 10344
 10349
 10353
 10358
 10362
 10384
 10386
 10389
 10412
 10421
 10423
 10428
 10382
 10369
 10395
 10374
 10377
 10383
 10350
 10352
 10353
 10349
 10338
 10312
 10306
 10308
 10298
 10294
 10292
 10315
 10305
 10326
 10336
 10336
 10329
 10328
 10310
 10306
 10291
 10277
 10270
 10271
 10270
 10264
 10257
 10239
 10252
 10279
 10285
 10282
 10279
 10263
 10237
 10238
 10223
 10221
 10232
 10232
 10235
 10237
 10250
 10247
 10254
 10265
 10257
 10257
 10249
 10242
 10236
 10236
 10234
 10224
 10226
 10218
 10214
 10215
 10218
 10206
 10218
 10224
 10233
 10233
 10233
 10232
 10231
 10250
 10255
 10260
 10261
 10260
 10248
 10233
 10197
 10192
 10179
 10188
 10172
 10176
 10168
 10161
 10141
 10105
 10090
 10097
 10097
 10104
 10094
 10090
 10102
 10110
 10108
 10121
 10130
 10141
 10148
 10148
 10135
 10136
 10112
 10107
 10099
 10117
 10110
 10097
 10114
 10126
 10129
 10145
 10131
 10140
 10142
 10126
 10126
 10149
 10127
 10104
 10096
 10096
 10093
 10091
 10102
 10122
 10114
 10128
 10139
 10138
 10136
 10109
 10104
 10082
 10089
 10090
 10093
 10083
 10060
 10050
 10041
 10027
 10014
  9985
  9996
  9993
  9993
  9996
  9992
  9974
  9933
  9917
  9905
  9900
  9892
  9878
  9865
  9845
  9837
  9829
  9835
  9834
  9837
  9829
  9810
  9809
  9809
  9798
  9796
  9804
  9808
  9800
  9818
  9777
  9759
  9743
  9750
  9747
  9742
  9735
  9731
  9720
  9708
  9701
  9712
  9717
  9724
  9690
  9686
  9675
  9678
  9674
  9682
  9687
  9687
  9689
  9684
  9674
  9692
  9684
  9683
  9681
  9684
  9686
  9677
  9689
  9676
  9689
  9713
  9713
  9708
  9703
  9704
  9691
  9698
  9674
  9691
  9713
  9722
  9731
  9747
  9744
  9755
  9762
  9758
  9761
  9745
  9754
  9746
  9725
  9736
  9740
  9732
  9721
  9711
  9727
  9739
  9740
  9748
  9754
  9760
  9761
  9762
  9768
  9772
  9784
  9806
  9803
  9814
  9813
  9816
  9807
  9788
  9756
  9767
  9752
  9723
  9716
  9710
  9720
  9720
  9733
  9749
  9748
  9753
  9753
  9759
  9760
  9740
  9743
  9703
  9703
  9701
  9686
  9687
  9697
  9713
  9712
  9718
  9732
  9733
  9732
  9732
  9735
  9750
  9729
  9732
  9729
  9712
  9722
  9696
  9698
  9699
  9714
  9703
  9676
  9621
  9601
  9592
  9599
  9604
  9587
  9605
  9602
  9601
  9597
  9583
  9574
  9564
  9562
  9553
  9542
  9538
  9538
  9537
  9533
  9530
  9531
  9535
  9537
  9532
  9531
  9528
  9538
  9546
  9555
  9560
  9545
  9546
  9549
  9557
  9534
  9517
  9533
  9484
  9486
  9482
  9482
  9483
  9471
  9487
  9488
  9473
  9426
  9429
  9430
  9430
  9429
  9450
  9462
  9442
  9461
  9449
  9450
  9448
  9452
  9464
  9467
  9480
  9479
  9480
  9480
  9482
  9461
  9457
  9444
  9432
  9395
  9398
  9395
  9405
  9408
  9409
  9394
  9393
  9382
  9394
  9395
  9383
  9376
  9398
  9398
  9412
  9405
  9398
  9398
  9387
  9376
  9378
  9382
  9367
  9377
  9388
  9368
  9377
  9382
  9373
  9386
  9402
  9412
  9420
  9437
  9419
  9402
  9405
  9390
  9381
  9382
  9386
  9382
  9372
  9373
  9360
  9369
  9395
  9402
  9399
  9401
  9397
  9415
  9414
  9428
  9427
  9430
  9439
  9445
  9433
  9426
  9430
  9407
  9390
  9369
  9374
  9379
  9368
  9336
  9314
  9304
  9291
  9262
  9261
  9274
  9277
  9274
  9279
  9276
  9283
  9284
  9284
  9276
  9279
  9268
  9258
  9247
  9237
  9249
  9236
  9237
  9240
  9237
  9223
  9216
  9206
  9207
  9206
  9203
  9180
  9174
  9194
  9201
  9208
  9223
  9228
  9228
  9229
  9223
  9237
  9243
  9246
  9257
  9257
  9245
  9244
  9247
  9249
  9262
  9288
  9303
  9297
  9296
  9292
  9279
  9289
  9305
  9308
  9295
  9300
  9302
  9304
  9309
  9312
  9308
  9302
  9304
  9298
  9307
  9300
  9304
  9298
  9303
  9307
  9299
  9298
  9293
  9293
  9274
  9285
  9283
  9276
  9296
  9299
  9298
  9299
  9300
  9314
  9313
  9311
  9293
  9281
  9282
  9286
  9297
  9302
  9326
  9326
  9322
  9329
  9328
  9331
  9310
  9311
  9309
  9301
  9318
  9308
  9310
  9315
  9319
  9333
  9321
  9330
  9336
  9336
  9317
  9324
  9326
  9321
  9325
  9327
  9333
  9345
  9338
  9338
  9351
  9350
  9342
  9347
  9345
  9329
  9316
  9327
  9326
  9310
  9312
  9319
  9321
  9325
  9325
  9324
  9314
  9323
  9319
  9312
  9301
  9289
  9290
  9291
  9279
  9274
  9251
  9244
  9221
  9204
  9197
  9203
  9190
  9188
  9175
  9166
  9164
  9158
  9154
  9152
  9159
  9168
  9170
  9183
  9181
  9204
  9204
  9216
  9196
  9193
  9181
  9177
  9171
  9141
  9150
  9132
  9136
  9145
  9143
  9147
  9116
  9125
  9134
  9146
  9121
  9111
  9134
  9127
  9138
  9125
  9129
  9126
  9136
  9129
  9104
  9105
  9113
  9108
  9111
  9114
  9090
  9095
  9094
  9084
  9080
  9075
  9074
  9068
  9052
  9043
  9059
  9056
  9054
  9049
  9049
  9040
  9037
  9036
  9043
  9039
  9033
  9029
  9025
  9029
  9014
  9028
  9017
  9014
  9007
  9003
  9004
  8998
  8980
  8972
  8961
  8960
  8968
  8956
  8927
  8910
  8912
  8905
  8899
  8910
  8913
  8927
  8930
  8925
  8929
  8948
  8934
  8946
  8960
  8961
  8955
  8954
  8957
  8965
  8995
  9021
  9031
  9046
  9045
  9043
  9034
  9033
  9026
  9030
  9019
  9023
  9037
  9047
  9038
  9029
  9037
  9057
  9064
  9059
  9059
  9056
  9059
  9043
  9023
  8987
  8998
  9001
  8991
  8986
  8990
  8989
  8983
  8981
  8976
  8980
  8974
  8966
  8961
  8958
  8923
  8937
  8948
  8932
  8930
  8933
  8932
  8943
  8932
  8875
  8874
  8873
  8869
  8869
  8864
  8863
  8852
  8861
  8870
  8880
  8876
  8877
  8869
  8862
  8860
  8860
  8867
  8866
  8862
  8862
  8857
  8855
  8871
  8876
  8878
  8858
  8867
  8847
  8826
  8830
  8830
  8822
  8828
  8822
  8823
  8807
  8807
  8799
  8799
  8813
  8813
  8811
  8805
  8804
  8797
  8784
  8771
  8792
  8761
  8762
  8762
  8752
  8756
  8767
  8747
  8762
  8758
  8763
  8762
  8760
  8765
  8760
  8745
  8767
  8781
  8785
  8784
  8784
  8787
  8788
  8796
  8788
  8789
  8794
  8791
  8791
  8747
  8733
  8736
  8740
  8746
  8740
  8724
  8697
  8689
  8687
  8688
  8677
  8680
  8658
  8658
  8666
  8683
  8691
  8695
  8686
  8681
  8679
  8677
  8676
  8683
  8671
  8657
  8651
  8644
  8635
  8637
  8630
  8628
  8632
  8644
  8653
  8657
  8668
  8652
  8649
  8648
  8657
  8668
  8686
  8686
  8686
  8685
  8684
  8677
  8662
  8634
  8616
  8603
  8602
  8593
  8582
  8565
  8573
  8577
  8566
  8570
  8579
  8554
  8543
  8532
  8519
  8495
  8469
  8459
  8451
  8450
  8449
  8448
  8436
  8429
  8433
  8430
  8434
  8430
  8421
  8413
  8433
  8449
  8452
  8452
  8458
  8460
  8459
  8467
  8464
  8456
  8473
  8472
  8480
  8490
  8496
  8487
  8488
  8493
  8496
  8495
  8502
  8502
  8500
  8499
  8509
  8516
  8531
  8531
  8545
  8549
  8560
  8573
  8575
  8567
  8560
  8552
  8560
  8559
  8560
  8550
  8558
  8549
  8532
  8541
  8534
  8535
  8530
  8533
  8533
  8515
  8496
  8486
  8478
  8473
  8476
  8477
  8475
  8483
  8503
  8501
  8501
  8500
  8481
  8475
  8480
  8476
  8475
  8457
  8465
  8476
  8463
  8448
  8435
  8436
  8437
  8438
  8452
  8455
  8457
  8457
  8457
  8453
  8464
  8463
  8448
  8449
  8447
  8446
  8437
  8434
  8398
  8382
  8382
  8380
  8380
  8379
  8403
  8419
  8410
  8402
  8390
  8387
  8392
  8390
  8374
  8356
  8379
  8389
  8379
  8364
  8359
  8362
  8358
  8364
  8386
  8373
  8365
  8368
  8355
  8365
  8356
  8343
  8331
  8330
  8327
  8337
  8345
  8357
  8355
  8355
  8357
  8361
  8354
  8352
  8356
  8343
  8312
  8312
  8313
  8332
  8326
  8323
  8325
  8327
  8331
  8333
  8336
  8344
  8325
  8329
  8326
  8327
  8319
  8335
  8346
  8337
  8333
  8331
  8329
  8326
  8323
  8323
  8315
  8303
  8288
  8290
  8287
  8292
  8295
  8302
  8311
  8304
  8301
  8297
  8290
  8277
  8274
  8283
  8268
  8263
  8258
  8255
  8242
  8255
  8250
  8254
  8257
  8268
  8269
  8253
  8254
  8237
  8248
  8260
  8257
  8245
  8244
  8240
  8236
  8237
  8243
  8272
  8267
  8272
  8273
  8274
  8271
  8264
  8261
  8256
  8242
  8249
  8243
  8243
  8243
  8246
  8252
  8254
  8246
  8235
  8244
  8248
  8244
  8248
  8246
  8257
  8247
  8243
  8232
  8237
  8233
  8225
  8224
  8235
  8222
  8207
  8202
  8201
  8201
  8185
  8197
  8207
  8208
  8222
  8220
  8220
  8224
  8216
  8213
  8210
  8224
  8235
  8232
  8230
  8228
  8224
  8217
  8215
  8193
  8188
  8182
  8181
  8176
  8185
  8177
  8194
  8200
  8202
  8199
  8199
  8202
  8192
  8190
  8192
  8195
  8177
  8173
  8190
  8192
  8202
  8210
  8198
  8206
  8207
  8195
  8196
  8193
  8190
  8194
  8176
  8155
  8161
  8174
  8183
  8196
  8196
  8189
  8162
  8172
  8160
  8156
  8154
  8153
  8152
  8146
  8121
  8117
  8114
  8114
  8111
  8109
  8112
  8117
  8115
  8094
  8097
  8099
  8107
  8107
  8105
  8109
  8093
  8088
  8077
  8096
  8100
  8088
  8094
  8082
  8063
  8059
  8060
  8047
  8050
  8047
  8041
  8040
  8038
  8035
  8027
  8024
  8026
  8025
  8037
  8049
  8052
  8035
  8020
  8021
  8026
  8026
  8026
  8024
  8032
  8040
  8045
  8037
  8037
  8037
  8037
  8042
  8058
  8054
  8053
  8069
  8067
  8072
  8056
  8055
  8032
  8033
  8030
  8033
  8022
  8023
  8020
  8025
  8016
  8019
  8004
  8009
  8008
  8007
  8012
  8010
  8000
  8003
  7999
  8001
  8013
  8011
  8017
  8013
  8023
  8037
  8019
  8018
  8017
  8016
  8020
  8023
  8024
  8021
  8006
  8003
  8012
  8015
  8019
  8023
  8024
  8000
  8000
  7998
  7977
  7950
  7958
  7945
  7953
  7949
  7962
  7970
  7949
  7952
  7957
  7949
  7980
  7974
  7966
  7967
  7965
  7964
  7957
  7955
  7951
  7951
  7962
  7965
  7953
  7955
  7959
  7957
  7969
  7989
  7981
  7984
  7984
  7983
  7981
  7983
  7987
  7990
  7984
  7968
  7976
  7971
  7971
  7961
  7981
  7985
  7983
  7957
  7959
  7957
  7956
  7963
  7966
  7953
  7916
  7927
  7926
  7923
  7907
  7880
  7877
  7873
  7896
  7890
  7887
  7883
  7875
  7876
  7872
  7882
  7873
  7862
  7863
  7858
  7864
  7852
  7864
  7860
  7847
  7854
  7854
  7857
  7862
  7858
  7868
  7877
  7886
  7887
  7872
  7862
  7857
  7852
  7830
  7842
  7830
  7835
  7823
  7821
  7831
  7827
  7825
  7841
  7842
  7843
  7832
  7827
  7815
  7826
  7817
  7817
  7799
  7797
  7795
  7794
  7796
  7808
  7795
  7786
  7772
  7770
  7770
  7767
  7761
  7759
  7758
  7750
  7754
  7759
  7760
  7765
  7759
  7739
  7729
  7723
  7718
  7703
  7707
  7721
  7713
  7720
  7714
  7714
  7715
  7725
  7725
  7749
  7758
  7767
  7764
  7771
  7771
  7776
  7778
  7775
  7774
  7786
  7775
  7771
  7767
  7765
  7763
  7751
  7757
  7758
  7771
  7754
  7753
  7763
  7764
  7759
  7757
  7749
  7741
  7768
  7774
  7774
  7776
  7777
  7780
  7767
  7779
  7776
  7763
  7778
  7765
  7770
  7761
  7758
  7751
  7761
  7766
  7769
  7768
  7765
  7758
  7771
  7768
  7786
  7754
  7757
  7735
  7730
  7723
  7725
  7720
  7717
  7709
  7712
  7712
  7706
  7710
  7699
  7662
  7639
  7644
  7638
  7635
  7633
  7639
  7617
  7615
  7625
  7631
  7627
  7627
  7625
  7624
  7608
  7607
  7604
  7603
  7609
  7610
  7614
  7614
  7611
  7632
  7626
  7633
  7630
  7629
  7631
  7625
  7621
  7633
  7642
  7642
  7627
  7630
  7636
  7634
  7642
  7630
  7630
  7622
  7625
  7620
  7616
  7616
  7620
  7619
  7618
  7611
  7601
  7598
  7599
  7603
  7602
  7611
  7607
  7603
  7603
  7598
  7596
  7596
  7595
  7580
  7578
  7587
  7587
  7585
  7585
  7575
  7574
  7587
  7591
  7608
  7621
  7630
  7597
  7583
  7590
  7567
  7569
  7558
  7545
  7545
  7544
  7549
  7561
  7564
  7558
  7568
  7571
  7570
  7560
  7549
  7545
  7540
  7545
  7552
  7548
  7551
  7551
  7552
  7559
  7558
  7563
  7557
  7542
  7544
  7541
  7543
  7540
  7530
  7539
  7528
  7524
  7526
  7525
  7516
  7527
  7530
  7547
  7540
  7535
  7530
  7523
  7512
  7522
  7530
  7528
  7530
  7529
  7521
  7512
  7519
  7525
  7524
  7515
  7530
  7541
  7530
  7533
  7524
  7522
  7518
  7523
  7505
  7500
  7503
  7504
  7502
  7519
  7520
  7519
  7507
  7485
  7495
  7490
  7475
  7469
  7482
  7495
  7496
  7502
  7501
  7495
  7500
  7503
  7498
  7508
  7503
  7494
  7492
  7489
  7495
  7494
  7489
  7490
  7479
  7489
  7503
  7496
  7500
  7486
  7471
  7462
  7443
  7445
  7432
  7431
  7422
  7420
  7423
  7415
  7424
  7433
  7441
  7448
  7440
  7457
  7464
  7470
  7479
  7485
  7488
  7492
  7492
  7492
  7483
  7480
  7485
  7486
  7482
  7484
  7479
  7488
  7488
  7497
  7474
  7464
  7463
  7464
  7468
  7486
  7502
  7505
  7487
  7481
  7482
  7481
  7485
  7481
  7478
  7469
  7481
  7467
  7475
  7494
  7499
  7510
  7493
  7465
  7476
  7481
  7478
  7479
  7469
  7468
  7457
  7465
  7458
  7463
  7461
  7460
  7459
  7460
  7444
  7434
  7427
  7415
  7408
  7405
  7408
  7406
  7403
  7377
  7373
  7377
  7365
  7365
  7351
  7328
  7329
  7325
  7334
  7329
  7330
  7328
  7324
  7317
  7304
  7301
  7295
  7305
  7307
  7298
  7298
  7291
  7302
  7294
  7290
  7285
  7274
  7275
  7269
  7270
  7253
  7247
  7249
  7242
  7243
  7245
  7251
  7256
  7233
  7232
  7225
  7235
  7235
  7240
  7246
  7242
  7251
  7259
  7271
  7270
  7261
  7258
  7262
  7254
  7258
  7259
  7256
  7246
  7255
  7243
  7257
  7243
  7246
  7254
  7249
  7256
  7256
  7253
  7259
  7264
  7276
  7268
  7270
  7275
  7274
  7273
  7269
  7263
  7258
  7250
  7232
  7244
  7232
  7232
  7222
  7215
  7212
  7195
  7201
  7188
  7203
  7217
  7225
  7216
  7209
  7211
  7217
  7213
  7210
  7206
  7210
  7204
  7210
  7199
  7220
  7227
  7218
  7210
  7193
  7195
  7199
  7200
  7189
  7189
  7188
  7186
  7188
  7183
  7174
  7182
  7184
  7180
  7181
  7182
  7185
  7187
  7190
  7180
  7180
  7180
  7182
  7180
  7172
  7188
  7197
  7186
  7196
  7198
  7192
  7192
  7189
  7191
  7187
  7201
  7194
  7197
  7190
  7186
  7190
  7194
  7198
  7221
  7229
  7215
  7224
  7215
  7218
  7221
  7227
  7221
  7215
  7209
  7205
  7209
  7204
  7200
  7191
  7188
  7199
  7186
  7183
  7190
  7180
  7180
  7185
  7184
  7194
  7192
  7190
  7188
  7191
  7185
  7181
  7155
  7152
  7157
  7154
  7152
  7151
  7157
  7173
  7184
  7162
  7166
  7163
  7161
  7155
  7142
  7144
  7150
  7145
  7135
  7128
  7127
  7127
  7121
  7133
  7136
  7136
  7137
  7135
  7137
  7141
  7144
  7125
  7125
  7119
  7116
  7129
  7123
  7120
  7131
  7124
  7118
  7129
  7126
  7135
  7132
  7142
  7141
  7134
  7142
  7139
  7145
  7136
  7125
  7141
  7142
  7151
  7164
  7157
  7156
  7155
  7159
  7150
  7156
  7172
  7150
  7122
  7106
  7108
  7103
  7103
  7098
  7101
  7096
  7087
  7098
  7095
  7097
  7094
  7106
  7091
  7090
  7076
  7074
  7073
  7073
  7062
  7057
  7058
  7066
  7079
  7080
  7073
  7073
  7076
  7083
  7073
  7076
  7079
  7084
  7085
  7089
  7088
  7076
  7070
  7073
  7064
  7060
  7058
  7046
  7035
  7032
  7012
  7020
  7014
  7019
  7018
  7015
  7014
  7011
  7016
  6999
  6979
  6983
  6982
  6973
  6973
  6988
  6957
  6966
  6989
  6997
  7001
  6995
  6988
  7011
  7018
  7024
  7033
  7033
  7029
  7021
  7024
  7029
  7032
  7032
  7011
  7008
  7006
  7005
  7012
  7023
  7045
  7012
  7008
  7003
  7005
  7004
  7003
  6996
  6989
  6986
  6989
  6988
  6988
  6980
  6980
  6972
  6980
  6942
  6940
  6925
  6919
  6919
  6909
  6913
  6928
  6944
  6905
  6909
  6906
  6915
  6924
  6935
  6941
  6939
  6934
  6939
  6939
  6939
  6945
  6959
  6969
  6958
  6955
  6958
  6959
  6964
  6966
  6970
  6969
  6981
  6974
  6961
  6948
  6945
  6942
  6939
  6928
  6917
  6898
  6898
  6898
  6900
  6883
  6884
  6885
  6872
  6870
  6857
  6849
  6842
  6845
  6840
  6837
  6847
  6853
  6853
  6850
  6846
  6845
  6853
  6844
  6851
  6831
  6831
  6832
  6830
  6821
  6822
  6819
  6810
  6805
  6804
  6804
  6800
  6809
  6815
  6811
  6811
  6824
  6815
  6808
  6799
  6800
  6781
  6800
  6805
  6826
  6840
  6840
  6836
  6834
  6825
  6846
  6830
  6828
  6836
  6833
  6834
  6837
  6827
  6825
  6833
  6833
  6828
  6827
  6826
  6824
  6826
  6829
  6829
  6823
  6839
  6840
  6842
  6865
  6849
  6834
  6838
  6835
  6839
  6838
  6824
  6824
  6814
  6807
  6814
  6818
  6816
  6812
  6813
  6807
  6800
  6799
  6787
  6773
  6772
  6773
  6772
  6770
  6777
  6777
  6765
  6755
  6751
  6750
  6742
  6745
  6730
  6736
  6738
  6736
  6738
  6734
  6730
  6728
  6738
  6744
  6755
  6760
  6762
  6746
  6753
  6750
  6748
  6751
  6751
  6748
  6738
  6740
  6742
  6742
  6732
  6733
  6736
  6745
  6746
  6748
  6751
  6735
  6745
  6750
  6750
  6759
  6768
  6781
  6781
  6787
  6790
  6790
  6799
  6782
  6759
  6752
  6749
  6738
  6737
  6740
  6741
  6738
  6744
  6743
  6739
  6733
  6724
  6724
  6729
  6728
  6705
  6699
  6691
  6675
  6683
  6670
  6678
  6671
  6684
  6674
  6674
  6672
  6676
  6678
  6678
  6675
  6665
  6666
  6660
  6656
  6660
  6657
  6668
  6666
  6676
  6671
  6666
  6666
  6649
  6631
  6615
  6606
  6607
  6606
  6608
  6609
  6614
  6594
  6611
  6615
  6616
  6611
  6609
  6606
  6607
  6609
  6611
  6602
  6605
  6605
  6606
  6606
  6605
  6611
  6622
  6615
  6615
  6610
  6599
  6619
  6632
  6634
  6643
  6634
  6643
  6643
  6625
  6631
  6644
  6640
  6659
  6652
  6668
  6664
  6666
  6664
  6671
  6662
  6647
  6636
  6623
  6622
  6622
  6624
  6617
  6611
  6602
  6610
  6596
  6596
  6601
  6597
  6597
  6586
  6578
  6581
  6571
  6575
  6577
  6577
  6563
  6559
  6564
  6557
  6555
  6548
  6537
  6545
  6536
  6526
  6531
  6532
  6528
  6528
  6525
  6522
  6526
  6524
  6541
  6542
  6539
  6536
  6530
  6532
  6527
  6527
  6541
  6552
  6560
  6570
  6570
  6564
  6561
  6561
  6569
  6570
  6574
  6568
  6575
  6573
  6572
  6571
  6557
  6538
  6534
  6534
  6535
  6521
  6536
  6549
  6550
  6537
  6538
  6536
  6531
  6528
  6535
  6523
  6537
  6540
  6540
  6542
  6542
  6533
  6526
  6533
  6523
  6516
  6515
  6514
  6518
  6525
  6536
  6536
  6532
  6539
  6531
  6534
  6529
  6538
  6533
  6541
  6538
  6541
  6539
  6538
  6537
  6530
  6528
  6537
  6542
  6544
  6540
  6538
  6546
  6550
  6555
  6546
  6549
  6561
  6554
  6551
  6552
  6546
  6546
  6535
  6525
  6527
  6521
  6520
  6518
  6513
  6521
  6521
  6525
  6532
  6544
  6531
  6531
  6539
  6532
  6526
  6518
  6516
  6515
  6513
  6514
  6511
  6511
  6538
  6541
  6559
  6564
  6569
  6583
  6590
  6573
  6587
  6589
  6588
  6583
  6580
  6571
  6575
  6570
  6560
  6538
  6524
  6524
  6524
  6525
  6529
  6525
  6515
  6519
  6507
  6510
  6510
  6510
  6515
  6514
  6524
  6527
  6504
  6480
  6477
  6484
  6490
  6486
  6478
  6486
  6491
  6490
  6490
  6488
  6487
  6488
  6472
  6470
  6468
  6467
  6465
  6464
  6462
  6448
  6441
  6427
  6420
  6421
  6420
  6420
  6420
  6418
  6400
  6414
  6405
  6413
  6409
  6408
  6408
  6420
  6416
  6425
  6414
  6422
  6424
  6422
  6422
  6412
  6406
  6422
  6414
  6414
  6411
  6405
  6403
  6410
  6404
  6394
  6404
  6402
  6408
  6403
  6403
  6407
  6390
  6386
  6384
  6378
  6377
  6376
  6381
  6386
  6380
  6388
  6374
  6369
  6369
  6369
  6367
  6363
  6349
  6346
  6351
  6354
  6353
  6352
  6352
  6358
  6347
  6339
  6339
  6337
  6332
  6333
  6339
  6336
  6344
  6352
  6351
  6349
  6344
  6344
  6344
  6319
  6323
  6327
  6339
  6332
  6330
  6328
  6326
  6344
  6327
  6309
  6314
  6309
  6307
  6305
  6305
  6292
  6322
  6321
  6335
  6339
  6340
  6341
  6343
  6338
  6356
  6361
  6357
  6370
  6373
  6372
  6379
  6371
  6350
  6361
  6336
  6332
  6330
  6329
  6319
  6311
  6313
  6316
  6305
  6295
  6295
  6286
  6296
  6304
  6314
  6319
  6314
  6309
  6306
  6305
  6303
  6304
  6313
  6315
  6304
  6305
  6303
  6300
  6297
  6295
  6311
  6309
  6304
  6308
  6311
  6302
  6285
  6283
  6285
  6281
  6278
  6278
  6278
  6276
  6280
  6266
  6262
  6273
  6269
  6281
  6277
  6276
  6274
  6266
  6262
  6261
  6247
  6245
  6242
  6246
  6247
  6250
  6237
  6240
  6224
  6219
  6208
  6206
  6198
  6190
  6182
  6164
  6157
  6150
  6148
  6148
  6136
  6141
  6140
  6120
  6110
  6100
  6099
  6098
  6102
  6086
  6094
  6087
  6079
  6084
  6092
  6095
  6093
  6081
  6076
  6084
  6079
  6078
  6079
  6083
  6077
  6087
  6094
  6096
  6098
  6097
  6092
  6097
  6106
  6107
  6112
  6106
  6107
  6107
  6106
  6123
  6121
  6123
  6130
  6138
  6151
  6144
  6142
  6139
  6138
  6128
  6127
  6145
  6138
  6143
  6147
  6152
  6158
  6155
  6159
  6158
  6158
  6148
  6143
  6142
  6142
  6138
  6139
  6132
  6131
  6126
  6124
  6123
  6119
  6125
  6135
  6118
  6120
  6125
  6125
  6133
  6137
  6126
  6131
  6124
  6130
  6127
  6126
  6127
  6129
  6137
  6145
  6150
  6142
  6146
  6156
  6171
  6178
  6184
  6184
  6188
  6183
  6178
  6180
  6175
  6172
  6176
  6179
  6183
  6195
  6204
  6207
  6206
  6199
  6194
  6187
  6186
  6194
  6199
  6197
  6195
  6186
  6187
  6190
  6185
  6189
  6204
  6210
  6212
  6205
  6199
  6189
  6186
  6175
  6163
  6137
  6134
  6143
  6136
  6143
  6163
  6168
  6158
  6155
  6142
  6140
  6132
  6123
  6123
  6112
  6109
  6106
  6105
  6103
  6104
  6094
  6083
  6072
  6078
  6079
  6077
  6082
  6089
  6076
  6064
  6069
  6062
  6056
  6051
  6049
  6047
  6050
  6037
  6040
  6042
  6042
  6040
  6038
  6041
  6038
  6032
  6020
  6008
  6002
  6005
  6016
  6018
  6017
  6020
  6025
  6030
  6045
  6053
  6036
  6041
  6034
  6034
  6033
  6035
  6048
  6053
  6037
  6023
  6013
  6023
  6028
  6042
  6037
  6042
  6031
  6036
  6029
  6029
  6027
  6035
  6040
  6041
  6039
  6045
  6057
  6054
  6052
  6054
  6051
  6051
  6058
  6080
  6093
  6103
  6094
  6100
  6101
  6103
  6104
  6111
  6114
  6111
  6123
  6117
  6116
  6116
  6094
  6106
  6110
  6112
  6095
  6097
  6093
  6093
  6091
  6074
  6054
  6048
  6046
  6024
  6012
  6014
  6027
  6026
  6015
  6027
  6033
  6031
  6027
  6032
  6035
  6019
  6023
  6019
  6026
  6021
  6021
  6021
  6018
  6012
  6017
  6032
  6027
  6029
  6018
  6024
  6017
  6008
  6017
  6009
  6011
  6009
  6011
  6005
  6003
  5995
  5989
  5982
  5972
  5970
  5976
  5975
  5969
  5976
  5990
  5993
  6001
  6002
  6002
  6002
  5996
  5985
  5980
  5964
  5970
  5975
  5974
  5973
  5967
  5966
  5958
  5958
  5955
  5959
  5960
  5968
  5967
  5961
  5948
  5941
  5941
  5939
  5943
  5939
  5939
  5942
  5944
  5945
  5940
  5939
  5940
  5938
  5938
  5935
  5937
  5937
  5937
  5932
  5935
  5926
  5932
  5939
  5925
  5931
  5931
  5922
  5921
  5920
  5923
  5919
  5925
  5919
  5907
  5915
  5905
  5909
  5904
  5906
  5910
  5915
  5914
  5920
  5910
  5911
  5908
  5916
  5923
  5904
  5904
  5898
  5901
  5900
  5905
  5911
  5920
  5919
  5917
  5923
  5931
  5931
  5921
  5904
  5904
  5902
  5909
  5904
  5904
  5903
  5910
  5918
  5929
  5941
  5936
  5933
  5936
  5933
  5930
  5924
  5915
  5904
  5891
  5896
  5890
  5891
  5875
  5865
  5877
  5883
  5885
  5891
  5887
  5886
  5880
  5876
  5869
  5853
  5844
  5840
  5839
  5837
  5842
  5859
  5862
  5862
  5865
  5873
  5856
  5854
  5843
  5842
  5835
  5821
  5824
  5819
  5816
  5814
  5816
  5799
  5808
  5797
  5804
  5793
  5792
  5792
  5790
  5785
  5802
  5801
  5805
  5802
  5801
  5801
  5793
  5791
  5777
  5790
  5784
  5795
  5799
  5795
  5782
  5777
  5772
  5772
  5769
  5773
  5774
  5776
  5771
  5767
  5761
  5748
  5739
  5724
  5716
  5714
  5715
  5705
  5703
  5699
  5701
  5686
  5680
  5675
  5677
  5672
  5679
  5688
  5675
  5678
  5672
  5677
  5689
  5687
  5682
  5702
  5711
  5711
  5712
  5712
  5719
  5718
  5706
  5722
  5716
  5717
  5711
  5711
  5699
  5700
  5686
  5679
  5663
  5666
  5665
  5665
  5668
  5664
  5666
  5660
  5649
  5652
  5648
  5646
  5642
  5648
  5653
  5663
  5653
  5651
  5651
  5652
  5647
  5650
  5651
  5666
  5671
  5681
  5677
  5675
  5667
  5671
  5683
  5678
  5684
  5686
  5687
  5687
  5692
  5698
  5695
  5701
  5703
  5698
  5698
  5691
  5691
  5683
  5678
  5677
  5673
  5667
  5668
  5673
  5685
  5688
  5703
  5695
  5707
  5711
  5706
  5705
  5702
  5708
  5721
  5725
  5733
  5735
  5743
  5750
  5753
  5769
  5775
  5784
  5790
  5789
  5782
  5774
  5772
  5774
  5780
  5781
  5782
  5787
  5791
  5789
  5794
  5806
  5806
  5804
  5810
  5815
  5817
  5815
  5811
  5800
  5796
  5792
  5785
  5777
  5778
  5778
  5776
  5783
  5779
  5779
  5769
  5769
  5764
  5753
  5761
  5767
  5758
  5768
  5763
  5769
  5769
  5770
  5769
  5766
  5784
  5784
  5791
  5801
  5804
  5802
  5799
  5788
  5783
  5774
  5783
  5782
  5780
  5779
  5772
  5777
  5758
  5754
  5761
  5763
  5764
  5768
  5775
  5779
  5774
  5774
  5769
  5772
  5766
  5776
  5783
  5782
  5781
  5784
  5791
  5787
  5787
  5788
  5786
  5786
  5770
  5762
  5757
  5750
  5751
  5747
  5753
  5761
  5762
  5778
  5773
  5775
  5778
  5780
  5757
  5752
  5742
  5739
  5745
  5744
  5746
  5742
  5746
  5762
  5756
  5748
  5724
  5731
  5734
  5725
  5727
  5719
  5711
  5705
  5699
  5693
  5683
  5681
  5679
  5674
  5668
  5658
  5641
  5643
  5645
  5631
  5627
  5625
  5612
  5605
  5603
  5601
  5602
  5601
  5609
  5607
  5608
  5613
  5619
  5629
  5634
  5626
  5620
  5629
  5617
  5607
  5594
  5598
  5592
  5588
  5580
  5567
  5546
  5553
  5561
  5558
  5557
  5556
  5547
  5549
  5553
  5543
  5544
  5545
  5542
  5540
  5519
  5510
  5505
  5499
  5482
  5477
  5478
  5478
  5479
  5480
  5489
  5475
  5469
  5472
  5471
  5471
  5474
  5481
  5462
  5481
  5493
  5496
  5495
  5499
  5501
  5492
  5485
  5483
  5483
  5483
  5480
  5478
  5487
  5498
  5504
  5506
  5511
  5528
  5531
  5527
  5524
  5524
  5515
  5518
  5514
  5508
  5507
  5507
  5504
  5500
  5492
  5486
  5491
  5493
  5491
  5491
  5496
  5504
  5501
  5511
  5510
  5509
  5519
  5527
  5515
  5502
  5499
  5504
  5499
  5500
  5503
  5503
  5514
  5527
  5533
  5536
  5536
  5536
  5543
  5533
  5527
  5525
  5517
  5517
  5507
  5500
  5502
  5506
  5504
  5515
  5520
  5516
  5513
  5504
  5500
  5496
  5494
  5491
  5486
  5483
  5469
  5465
  5462
  5461
  5458
  5449
  5459
  5458
  5455
  5455
  5452
  5455
  5456
  5448
  5467
  5481
  5487
  5491
  5493
  5492
  5490
  5477
  5474
  5477
  5464
  5469
  5463
  5461
  5470
  5470
  5479
  5478
  5490
  5491
  5493
  5486
  5496
  5491
  5488
  5496
  5486
  5496
  5501
  5505
  5509
  5508
  5493
  5501
  5503
  5498
  5493
  5495
  5495
  5504
  5494
  5500
  5503
  5512
  5511
  5510
  5502
  5505
  5506
  5500
  5498
  5494
  5492
  5492
  5492
  5481
  5454
  5448
  5436
  5433
  5432
  5433
  5437
  5443
  5448
  5462
  5450
  5450
  5446
  5445
  5435
  5443
  5429
  5427
  5424
  5422
  5417
  5413
  5418
  5410
  5423
  5422
  5423
  5427
  5430
  5430
  5444
  5450
  5464
  5468
  5469
  5467
  5465
  5469
  5470
  5481
  5466
  5463
  5470
  5471
  5473
  5474
  5481
  5487
  5483
  5496
  5494
  5489
  5486
  5467
  5457
  5439
  5427
  5431
  5421
  5422
  5421
  5425
  5418
  5425
  5446
  5455
  5452
  5453
  5447
  5450
  5450
  5462
  5466
  5456
  5453
  5452
  5458
  5450
  5445
  5424
  5415
  5416
  5396
  5385
  5384
  5388
  5383
  5392
  5411
  5415
  5417
  5421
  5412
  5419
  5422
  5433
  5426
  5443
  5447
  5444
  5445
  5443
  5450
  5450
  5471
  5475
  5484
  5494
  5490
  5487
  5489
  5481
  5478
  5492
  5491
  5490
  5490
  5502
  5518
  5531
  5522
  5532
  5529
  5532
  5532
  5531
  5524
  5518
  5502
  5495
  5496
  5486
  5477
  5477
  5483
  5502
  5481
  5474
  5473
  5488
  5484
  5484
  5484
  5474
  5485
  5486
  5485
  5482
  5481
  5478
  5473
  5467
  5456
  5448
  5426
  5424
  5419
  5416
  5412
  5406
  5405
  5399
  5389
  5389
  5380
  5359
  5352
  5349
  5343
  5349
  5347
  5344
  5347
  5344
  5348
  5340
  5344
  5354
  5368
  5367
  5370
  5381
  5384
  5388
  5383
  5386
  5379
  5387
  5390
  5385
  5379
  5377
  5375
  5375
  5375
  5375
  5374
  5373
  5366
  5362
  5365
  5390
  5395
  5401
  5400
  5397
  5393
  5389
  5395
  5394
  5372
  5353
  5343
  5334
  5326
  5326
  5319
  5319
  5308
  5309
  5306
  5300
  5307
  5308
  5313
  5315
  5325
  5311
  5318
  5317
  5311
  5303
  5290
  5279
  5273
  5275
  5277
  5282
  5287
  5293
  5295
  5295
  5297
  5295
  5293
  5292
  5294
  5296
  5293
  5283
  5284
  5282
  5278
  5267
  5273
  5270
  5278
  5288
  5295
  5299
  5295
  5293
  5287
  5269
  5262
  5254
  5249
  5250
  5249
  5249
  5243
  5235
  5231
  5225
  5221
  5212
  5206
  5209
  5230
  5233
  5227
  5236
  5254
  5255
  5260
  5252
  5255
  5250
  5249
  5251
  5260
  5259
  5257
  5263
  5265
  5271
  5267
  5264
  5264
  5268
  5263
  5260
  5253
  5247
  5245
  5246
  5234
  5234
  5231
  5228
  5220
  5212
  5197
  5190
  5187
  5183
  5182
  5182
  5181
  5196
  5211
  5225
  5231
  5240
  5243
  5239
  5244
  5241
  5241
  5238
  5234
  5241
  5247
  5244
  5244
  5245
  5250
  5255
  5260
  5266
  5266
  5265
  5262
  5260
  5233
  5219
  5206
  5205
  5199
  5201
  5202
  5198
  5195
  5203
  5209
  5210
  5208
  5216
  5211
  5203
  5195
  5190
  5192
  5194
  5188
  5189
  5192
  5194
  5181
  5176
  5175
  5171
  5164
  5164
  5163
  5155
  5142
  5123
  5128
  5131
  5130
  5131
  5124
  5130
  5133
  5148
  5157
  5155
  5163
  5168
  5164
  5177
  5175
  5182
  5171
  5182
  5185
  5188
  5183
  5186
  5196
  5200
  5211
  5218
  5216
  5212
  5211
  5205
  5205
  5201
  5191
  5187
  5180
  5176
  5180
  5193
  5209
  5213
  5230
  5232
  5236
  5233
  5224
  5219
  5212
  5192
  5182
  5175
  5173
  5171
  5167
  5158
  5140
  5151
  5142
  5144
  5143
  5143
  5142
  5144
  5151
  5142
  5132
  5136
  5139
  5138
  5133
  5128
  5127
  5114
  5107
  5102
  5093
  5094
  5090
  5090
  5091
  5085
  5092
  5088
  5084
  5085
  5084
  5097
  5106
  5113
  5122
  5128
  5124
  5124
  5125
  5123
  5131
  5139
  5145
  5157
  5155
  5149
  5148
  5137
  5129
  5123
  5122
  5117
  5116
  5116
  5122
  5130
  5127
  5124
  5112
  5118
  5120
  5119
  5117
  5111
  5107
  5107
  5104
  5111
  5111
  5114
  5122
  5137
  5157
  5156
  5163
  5161
  5157
  5159
  5147
  5144
  5157
  5163
  5166
  5180
  5179
  5170
  5164
  5159
  5153
  5152
  5136
  5132
  5126
  5126
  5132
  5131
  5118
  5111
  5106
  5104
  5099
  5105
  5107
  5106
  5108
  5121
  5116
  5119
  5121
  5130
  5124
  5123
  5113
  5085
  5090
  5080
  5081
  5084
  5078
  5062
  5051
  5047
  5040
  5039
  5038
  5030
  5035
  5022
  5019
  5017
  5015
  5013
  5013
  5012
  5003
  5000
  4997
  4973
  4949
  4949
  4946
  4948
  4945
  4949
  4937
  4924
  4925
  4925
  4923
  4923
  4926
  4922
  4921
  4917
  4902
  4896
  4886
  4881
  4889
  4884
  4892
  4874
  4874
  4869
  4868
  4868
  4871
  4875
  4897
  4917
  4932
  4942
  4944
  4947
  4949
  4927
  4919
  4905
  4904
  4897
  4886
  4877
  4880
  4880
  4879
  4867
  4862
  4854
  4853
  4851
  4845
  4842
  4845
  4838
  4839
  4839
  4845
  4861
  4863
  4878
  4878
  4890
  4898
  4907
  4904
  4904
  4909
  4919
  4922
  4943
  4951
  4964
  4957
  4948
  4959
  4959
  4970
  4984
  4984
  4989
  4990
  4991
  4982
  4970
  4978
  4997
  4980
  4992
  4992
  4989
  4994
  4987
  4986
  4978
  4966
  4963
  4970
  4969
  4976
  4975
  4985
  4987
  4999
  5003
  5006
  5006
  5007
  5008
  5012
  5010
  5003
  4996
  4996
  4996
  4997
  5012
  5009
  5010
  5015
  5019
  5018
  5017
  5023
  5041
  5051
  5054
  5064
  5065
  5061
  5060
  5052
  5043
  5038
  5036
  5024
  5012
  5007
  5003
  5002
  4992
  4989
  4976
  4971
  4965
  4959
  4962
  4973
  4989
  4998
  5006
  5019
  5021
  5020
  5031
  5047
  5056
  5048
  5058
  5064
  5062
  5061
  5057
  5048
  5049
  5039
  5029
  5022
  5024
  5016
  5012
  5018
  5024
  5038
  5046
  5043
  5045
  5045
  5045
  5042
  5050
  5051
  5062
  5073
  5079
  5077
  5076
  5070
  5054
  5038
  5005
  5000
  4999
  4998
  5001
  5011
  5003
  5000
  5007
  5008
  5019
  5020
  5021
  5008
  5001
  4979
  4963
  4955
  4955
  4951
  4943
  4932
  4934
  4938
  4945
  4952
  4958
  4961
  4967
  4975
  4980
  4988
  4977
  4977
  4983
  4985
  4984
  4981
  4981
  4964
  4945
  4927
  4923
  4921
  4919
  4912
  4911
  4901
  4909
  4906
  4906
  4904
  4902
  4905
  4917
  4921
  4929
  4944
  4957
  4954
  4957
  4952
  4949
  4954
  4965
  4971
  4969
  4971
  4974
  4964
  4957
  4951
  4945
  4942
  4938
  4937
  4937
  4940
  4929
  4937
  4950
  4959
  4966
  4968
  4966
  4960
  4952
  4944
  4933
  4927
  4921
  4922
  4919
  4918
  4900
  4893
  4886
  4879
  4872
  4874
  4875
  4876
  4864
  4862
  4848
  4847
  4840
  4839
  4824
  4822
  4832
  4843
  4839
  4852
  4858
  4866
  4877
  4879
  4882
  4880
  4891
  4896
  4903
  4905
  4904
  4895
  4910
  4914
  4915
  4933
  4939
  4943
  4941
  4940
  4935
  4927
  4919
  4915
  4898
  4900
  4903
  4906
  4911
  4920
  4936
  4951
  4956
  4944
  4936
  4938
  4934
  4919
  4917
  4918
  4917
  4911
  4916
  4927
  4921
  4933
  4928
  4928
  4935
  4936
  4938
  4933
  4920
  4921
  4931
  4939
  4939
  4934
  4935
  4932
  4929
  4916
  4900
  4886
  4886
  4881
  4881
  4885
  4898
  4906
  4907
  4904
  4918
  4920
  4920
  4911
  4904
  4883
  4880
  4875
  4870
  4864
  4870
  4866
  4867
  4886
  4886
  4876
  4869
  4856
  4854
  4853
  4846
  4843
  4837
  4829
  4834
  4832
  4824
  4836
  4852
  4865
  4864
  4875
  4875
  4879
  4880
  4883
  4882
  4873
  4873
  4869
  4870
  4856
  4841
  4837
  4830
  4832
  4833
  4822
  4817
  4802
  4801
  4802
  4800
  4795
  4782
  4772
  4783
  4778
  4783
  4789
  4797
  4805
  4815
  4824
  4835
  4837
  4842
  4861
  4857
  4868
  4870
  4869
  4876
  4876
  4884
  4890
  4896
  4898
  4903
  4919
  4926
  4926
  4927
  4934
  4931
  4936
  4946
  4937
  4942
  4946
  4941
  4941
  4931
  4924
  4912
  4904
  4887
  4893
  4880
  4870
  4871
  4859
  4862
  4850
  4846
  4845
  4846
  4852
  4864
  4871
  4885
  4900
  4908
  4911
  4896
  4885
  4881
  4877
  4876
  4867
  4864
  4865
  4868
  4872
  4883
  4895
  4901
  4908
  4902
  4903
  4900
  4906
  4915
  4918
  4917
  4915
  4910
  4906
  4901
  4903
  4914
  4919
  4907
  4910
  4913
  4912
  4911
  4913
  4924
  4932
  4955
  4957
  4954
  4956
  4954
  4948
  4932
  4927
  4927
  4920
  4904
  4901
  4896
  4890
  4885
  4871
  4854
  4847
  4839
  4838
  4838
  4834
  4835
  4846
  4856
  4862
  4871
  4877
  4876
  4879
  4872
  4871
  4882
  4894
  4897
  4899
  4898
  4889
  4881
  4853
  4843
  4847
  4835
  4833
  4834
  4836
  4843
  4830
  4830
  4833
  4832
  4833
  4832
  4828
  4824
  4800
  4780
  4773
  4761
  4765
  4766
  4779
  4796
  4807
  4829
  4827
  4829
  4834
  4834
  4834
  4838
  4823
  4801
  4792
  4772
  4764
  4761
  4764
  4747
  4738
  4737
  4720
  4712
  4717
  4714
  4708
  4708
  4694
  4682
  4679
  4674
  4672
  4673
  4680
  4690
  4702
  4717
  4732
  4743
  4750
  4752
  4761
  4773
  4771
  4786
  4796
  4803
  4802
  4797
  4794
  4774
  4770
  4765
  4751
  4750
  4750
  4752
  4752
  4761
  4761
  4759
  4765
  4768
  4767
  4769
  4766
  4771
  4781
  4778
  4789
  4797
  4795
  4794
  4803
  4810
  4820
  4810
  4814
  4819
  4821
  4821
  4821
  4821
  4807
  4802
  4792
  4788
  4787
  4784
  4783
  4779
  4774
  4760
  4751
  4746
  4741
  4733
  4723
  4713
  4718
  4714
  4710
  4708
  4708
  4707
  4713
  4721
  4729
  4731
  4731
  4737
  4738
  4736
  4739
  4747
  4748
  4751
  4762
  4766
  4769
  4767
  4772
  4773
  4784
  4789
  4800
  4797
  4803
  4804
  4805
  4818
  4816
  4820
  4820
  4832
  4829
  4822
  4828
  4846
  4844
  4851
  4839
  4839
  4837
  4832
  4822
  4814
  4803
  4800
  4792
  4787
  4781
  4778
  4783
  4770
  4763
  4753
  4731
  4726
  4723
  4722
  4716
  4698
  4686
  4671
  4678
  4679
  4675
  4675
  4678
  4690
  4691
  4694
  4704
  4705
  4704
  4706
  4707
  4712
  4723
  4715
  4724
  4730
  4734
  4730
  4728
  4714
  4703
  4693
  4675
  4664
  4658
  4662
  4653
  4658
  4640
  4631
  4640
  4644
  4646
  4644
  4638
  4633
  4635
  4636
  4626
  4626
  4618
  4620
  4622
  4630
  4639
  4652
  4657
  4663
  4679
  4688
  4678
  4678
  4678
  4688
  4709
  4722
  4722
  4728
  4724
  4732
  4741
  4745
  4757
  4763
  4753
  4749
  4755
  4737
  4720
  4701
  4692
  4684
  4681
  4683
  4681
  4675
  4693
  4683
  4698
  4699
  4702
  4699
  4699
  4691
  4672
  4656
  4651
  4652
  4653
  4653
  4648
  4646
  4633
  4631
  4627
  4622
  4618
  4615
  4610
  4603
  4584
  4576
  4563
  4566
  4565
  4566
  4559
  4551
  4546
  4550
  4531
  4536
  4527
  4518
  4516
  4509
  4502
  4498
  4489
  4491
  4494
  4492
  4498
  4510
  4513
  4521
  4529
  4535
  4535
  4534
  4527
  4525
  4530
  4519
  4516
  4511
  4511
  4511
  4511
  4514
  4514
  4497
  4493
  4495
  4490
  4480
  4467
  4459
  4443
  4451
  4449
  4452
  4457
  4469
  4478
  4487
  4497
  4502
  4513
  4523
  4532
  4541
  4549
  4553
  4570
  4581
  4578
  4581
  4587
  4587
  4564
  4555
  4542
  4524
  4526
  4523
  4523
  4521
  4516
  4504
  4494
  4471
  4472
  4472
  4472
  4468
  4466
  4467
  4468
  4461
  4458
  4451
  4451
  4457
  4462
  4481
  4505
  4513
  4519
  4522
  4522
  4519
  4530
  4533
  4545
  4564
  4580
  4584
  4579
  4574
  4569
  4565
  4556
  4544
  4545
  4547
  4544
  4543
  4530
  4535
  4529
  4508
  4503
  4501
  4500
  4496
  4492
  4497
  4496
  4492
  4488
  4476
  4470
  4477
  4481
  4499
  4512
  4509
  4517
  4523
  4531
  4534
  4542
  4546
  4562
  4578
  4584
  4587
  4588
  4588
  4586
  4592
  4597
  4594
  4605
  4608
  4605
  4605
  4604
  4616
  4633
  4657
  4670
  4673
  4676
  4674
  4668
  4653
  4633
  4622
  4609
  4605
  4605
  4605
  4593
  4593
  4583
  4584
  4555
  4554
  4553
  4553
  4550
  4551
  4536
  4540
  4534
  4534
  4532
  4525
  4518
  4506
  4502
  4494
  4490
  4484
  4477
  4471
  4453
  4444
  4435
  4427
  4412
  4406
  4404
  4405
  4390
  4384
  4384
  4367
  4366
  4363
  4362
  4363
  4371
  4389
  4402
  4401
  4404
  4406
  4406
  4404
  4399
  4403
  4408
  4406
  4409
  4410
  4402
  4402
  4395
  4401
  4397
  4397
  4392
  4388
  4388
  4383
  4384
  4388
  4384
  4374
  4382
  4378
  4380
  4377
  4386
  4394
  4391
  4398
  4403
  4404
  4408
  4411
  4406
  4393
  4389
  4388
  4385
  4390
  4392
  4401
  4401
  4411
  4428
  4441
  4437
  4440
  4445
  4445
  4459
  4470
  4491
  4501
  4503
  4503
  4501
  4499
  4497
  4498
  4485
  4482
  4469
  4460
  4460
  4451
  4449
  4436
  4425
  4425
  4415
  4410
  4403
  4403
  4411
  4431
  4442
  4461
  4469
  4469
  4465
  4464
  4460
  4478
  4490
  4501
  4509
  4519
  4520
  4515
  4506
  4504
  4483
  4480
  4486
  4482
  4482
  4483
  4483
  4479
  4492
  4509
  4506
  4506
  4506
  4508
  4512
  4521
  4533
  4532
  4532
  4539
  4536
  4536
  4537
  4554
  4559
  4564
  4570
  4569
  4568
  4565
  4553
  4530
  4526
  4507
  4495
  4493
  4491
  4488
  4477
  4465
  4452
  4453
  4444
  4437
  4430
  4428
  4423
  4423
  4408
  4396
  4390
  4382
  4379
  4378
  4377
  4370
  4345
  4342
  4337
  4317
  4307
  4303
  4301
  4302
  4291
  4277
  4267
  4264
  4264
  4254
  4243
  4240
  4246
  4237
  4231
  4232
  4230
  4229
  4230
  4224
  4210
  4211
  4210
  4206
  4201
  4190
  4196
  4199
  4192
  4196
  4198
  4204
  4203
  4198
  4194
  4177
  4172
  4166
  4162
  4168
  4169
  4168
  4171
  4166
  4163
  4163
  4161
  4156
  4154
  4157
  4163
  4177
  4192
  4218
  4240
  4246
  4251
  4260
  4259
  4259
  4254
  4252
  4242
  4241
  4241
  4241
  4240
  4223
  4225
  4215
  4206
  4200
  4200
  4202
  4209
  4233
  4237
  4245
  4252
  4253
  4255
  4254
  4247
  4241
  4239
  4230
  4222
  4213
  4211
  4210
  4209
  4214
  4228
  4231
  4252
  4264
  4274
  4273
  4279
  4292
  4290
  4296
  4306
  4304
  4322
  4339
  4332
  4344
  4361
  4372
  4377
  4380
  4381
  4383
  4376
  4369
  4360
  4356
  4356
  4359
  4357
  4345
  4331
  4316
  4301
  4305
  4296
  4290
  4281
  4288
  4292
  4300
  4304
  4320
  4337
  4341
  4347
  4358
  4359
  4373
  4377
  4375
  4384
  4388
  4385
  4384
  4378
  4364
  4346
  4336
  4323
  4323
  4318
  4319
  4312
  4292
  4285
  4266
  4260
  4259
  4256
  4260
  4266
  4277
  4297
  4313
  4315
  4309
  4314
  4315
  4310
  4299
  4289
  4274
  4269
  4267
  4265
  4267
  4270
  4286
  4302
  4316
  4326
  4338
  4349
  4358
  4374
  4369
  4382
  4391
  4405
  4407
  4408
  4407
  4405
  4376
  4357
  4354
  4353
  4348
  4346
  4345
  4347
  4354
  4351
  4359
  4371
  4382
  4382
  4379
  4379
  4364
  4360
  4340
  4338
  4332
  4332
  4326
  4332
  4334
  4351
  4337
  4343
  4350
  4353
  4349
  4347
  4342
  4331
  4318
  4292
  4296
  4288
  4293
  4299
  4318
  4324
  4340
  4349
  4354
  4354
  4354
  4347
  4360
  4386
  4390
  4394
  4392
  4392
  4390
  4396
  4409
  4426
  4429
  4435
  4433
  4432
  4437
  4433
  4427
  4414
  4408
  4401
  4389
  4390
  4388
  4382
  4387
  4397
  4402
  4408
  4417
  4416
  4415
  4408
  4399
  4369
  4365
  4352
  4342
  4342
  4338
  4332
  4330
  4327
  4312
  4304
  4300
  4295
  4278
  4277
  4274
  4264
  4264
  4262
  4255
  4263
  4262
  4267
  4274
  4283
  4290
  4294
  4309
  4319
  4320
  4324
  4328
  4333
  4343
  4353
  4354
  4364
  4362
  4368
  4379
  4386
  4387
  4399
  4406
  4404
  4403
  4403
  4419
  4420
  4427
  4428
  4429
  4432
  4431
  4432
  4432
  4427
  4430
  4432
  4434
  4434
  4434
  4432
  4442
  4437
  4447
  4455
  4456
  4456
  4451
  4451
  4452
  4445
  4456
  4469
  4463
  4458
  4463
  4451
  4425
  4418
  4409
  4402
  4404
  4404
  4405
  4410
  4416
  4423
  4428
  4433
  4433
  4421
  4421
  4414
  4403
  4393
  4379
  4368
  4366
  4365
  4366
  4373
  4382
  4377
  4380
  4381
  4387
  4385
  4384
  4377
  4373
  4376
  4392
  4399
  4413
  4414
  4414
  4412
  4397
  4383
  4363
  4354
  4349
  4349
  4349
  4337
  4330
  4316
  4307
  4301
  4301
  4299
  4303
  4306
  4300
  4306
  4325
  4331
  4339
  4342
  4341
  4334
  4328
  4318
  4313
  4309
  4301
  4300
  4297
  4296
  4297
  4292
  4281
  4275
  4273
  4270
  4272
  4274
  4282
  4289
  4297
  4300
  4304
  4300
  4300
  4293
  4287
  4268
  4255
  4247
  4241
  4239
  4239
  4239
  4226
  4218
  4202
  4198
  4200
  4190
  4195
  4195
  4207
  4210
  4221
  4235
  4248
  4245
  4250
  4259
  4261
  4270
  4271
  4280
  4284
  4287
  4286
  4278
  4267
  4257
  4247
  4241
  4233
  4224
  4220
  4210
  4204
  4201
  4195
  4185
  4178
  4176
  4180
  4193
  4191
  4184
  4190
  4203
  4211
  4216
  4226
  4223
  4226
  4236
  4248
  4251
  4260
  4263
  4266
  4275
  4272
  4286
  4292
  4300
  4309
  4309
  4308
  4312
  4325
  4331
  4335
  4334
  4331
  4334
  4331
  4324
  4314
  4299
  4297
  4289
  4285
  4285
  4281
  4278
  4289
  4305
  4302
  4312
  4314
  4315
  4316
  4319
  4322
  4318
  4324
  4328
  4332
  4334
  4333
  4325
  4324
  4314
  4303
  4285
  4276
  4274
  4269
  4266
  4241
  4230
  4219
  4205
  4202
  4204
  4200
  4205
  4217
  4227
  4236
  4236
  4246
  4246
  4248
  4260
  4262
  4261
  4273
  4278
  4281
  4293
  4297
  4296
  4307
  4315
  4310
  4309
  4309
  4310
  4309
  4306
  4309
  4329
  4334
  4339
  4335
  4335
  4335
  4337
  4342
  4340
  4337
  4338
  4336
  4331
  4331
  4333
  4333
  4339
  4352
  4358
  4360
  4356
  4352
  4345
  4348
  4325
  4315
  4307
  4295
  4295
  4295
  4290
  4282
  4270
  4257
  4243
  4226
  4211
  4208
  4204
  4191
  4175
  4166
  4157
  4147
  4149
  4154
  4158
  4170
  4183
  4206
  4209
  4215
  4214
  4214
  4213
  4225
  4222
  4224
  4230
  4237
  4249
  4252
  4250
  4257
  4259
  4259
  4264
  4259
  4258
  4255
  4256
  4231
  4216
  4197
  4186
  4177
  4175
  4177
  4182
  4192
  4205
  4208
  4210
  4213
  4213
  4214
  4226
  4228
  4239
  4253
  4256
  4252
  4249
  4247
  4252
  4267
  4272
  4273
  4281
  4286
  4286
  4283
  4270
  4268
  4259
  4245
  4233
  4225
  4212
  4216
  4213
  4219
  4231
  4229
  4230
  4237
  4240
  4232
  4227
  4222
  4211
  4205
  4203
  4197
  4193
  4196
  4198
  4202
  4188
  4202
  4209
  4216
  4216
  4221
  4235
  4229
  4228
  4232
  4247
  4250
  4247
  4249
  4239
  4221
  4217
  4215
  4205
  4199
  4197
  4196
  4194
  4186
  4167
  4151
  4149
  4144
  4143
  4144
  4147
  4150
  4164
  4160
  4156
  4162
  4163
  4161
  4156
  4147
  4132
  4117
  4112
  4096
  4093
  4091
  4083
  4072
  4062
  4050
  4040
  4034
  4032
  4033
  4022
  4020
  4015
  4014
  4002
  3985
  3985
  3985
  3995
  4003
  4028
  4043
  4055
  4065
  4065
  4066
  4067
  4076
  4086
  4093
  4109
  4115
  4115
  4113
  4104
  4087
  4073
  4061
  4053
  4052
  4053
  4051
  4052
  4040
  4031
  4008
  4013
  4007
  4005
  4005
  3999
  3987
  3976
  3962
  3954
  3949
  3949
  3945
  3942
  3941
  3932
  3929
  3927
  3922
  3922
  3927
  3938
  3945
  3947
  3966
  3982
  3991
  3999
  4011
  4022
  4025
  4035
  4040
  4051
  4065
  4072
  4071
  4065
  4059
  4047
  4032
  4024
  4026
  4023
  4022
  4026
  4039
  4052
  4062
  4073
  4070
  4072
  4068
  4071
  4081
  4100
  4107
  4113
  4115
  4119
  4122
  4117
  4114
  4107
  4099
  4086
  4081
  4080
  4078
  4070
  4063
  4050
  4020
  4010
  4007
  4006
  4005
  3997
  3989
  3986
  3975
  3972
  3971
  3974
  3974
  3973
  3979
  3992
  4000
  4014
  4023
  4022
  4021
  4018
  4007
  3988
  3984
  3976
  3969
  3967
  3958
  3949
  3939
  3936
  3929
  3927
  3925
  3921
  3921
  3917
  3902
  3907
  3909
  3905
  3895
  3895
  3893
  3895
  3887
  3876
  3878
  3868
  3860
  3858
  3862
  3873
  3891
  3907
  3922
  3932
  3942
  3941
  3939
  3941
  3943
  3959
  3976
  3971
  3970
  3962
  3964
  3961
  3971
  3967
  3975
  3980
  3987
  3985
  3983
  3976
  3971
  3971
  3961
  3948
  3946
  3947
  3950
  3958
  3965
  3972
  3982
  3994
  3999
  3993
  3994
  3996
  4015
  4023
  4022
  4034
  4039
  4037
  4037
  4029
  4010
  3986
  3973
  3969
  3963
  3963
  3963
  3959
  3958
  3941
  3939
  3936
  3935
  3926
  3922
  3920
  3919
  3917
  3909
  3914
  3907
  3906
  3885
  3863
  3843
  3836
  3827
  3814
  3812
  3808
  3803
  3795
  3803
  3805
  3805
  3802
  3802
  3801
  3817
  3822
  3842
  3865
  3880
  3899
  3914
  3904
  3904
  3899
  3900
  3900
  3894
  3884
  3877
  3879
  3879
  3873
  3876
  3866
  3867
  3869
  3862
  3856
  3856
  3863
  3873
  3881
  3892
  3907
  3911
  3918
  3918
  3913
  3911
  3906
  3903
  3895
  3891
  3891
  3892
  3904
  3910
  3912
  3934
  3947
  3964
  3967
  3977
  3982
  3995
  4013
  4021
  4030
  4035
  4038
  4033
  4028
  4020
  4019
  4004
  3994
  3991
  3989
  3989
  3986
  3966
  3963
  3945
  3940
  3928
  3926
  3930
  3931
  3945
  3960
  3967
  3982
  3992
  4001
  4009
  4016
  4017
  4030
  4035
  4045
  4048
  4045
  4046
  4033
  4021
  4010
  3991
  3981
  3976
  3975
  3973
  3966
  3950
  3941
  3929
  3920
  3911
  3908
  3895
  3876
  3872
  3864
  3857
  3843
  3839
  3836
  3838
  3848
  3844
  3852
  3876
  3882
  3889
  3891
  3891
  3886
  3877
  3859
  3856
  3849
  3845
  3844
  3843
  3834
  3825
  3820
  3805
  3803
  3804
  3802
  3808
  3817
  3830
  3854
  3877
  3896
  3908
  3907
  3899
  3888
  3874
  3866
  3858
  3857
  3853
  3851
  3846
  3845
  3845
  3834
  3822
  3812
  3808
  3807
  3808
  3812
  3814
  3833
  3853
  3864
  3870
  3870
  3863
  3858
  3846
  3841
  3833
  3828
  3824
  3822
  3822
  3829
  3836
  3842
  3868
  3890
  3900
  3918
  3923
  3931
  3942
  3952
  3966
  3965
  3968
  3968
  3969
  3970
  3979
  3981
  3992
  4009
  4012
  4011
  4013
  4014
  4015
  4018
  4017
  4025
  4024
  4031
  4039
  4041
  4056
  4041
  4051
  4054
  4056
  4059
  4058
  4055
  4047
  4031
  4012
  4013
  4010
  4007
  4005
  3995
  3990
  3972
  3958
  3949
  3938
  3930
  3928
  3921
  3902
  3898
  3892
  3883
  3879
  3875
  3875
  3877
  3885
  3896
  3909
  3919
  3929
  3934
  3932
  3928
  3916
  3910
  3901
  3898
  3894
  3895
  3894
  3893
  3881
  3860
  3858
  3843
  3835
  3831
  3831
  3816
  3808
  3808
  3784
  3773
  3766
  3765
  3766
  3772
  3793
  3815
  3837
  3854
  3858
  3858
  3859
  3863
  3877
  3897
  3906
  3912
  3921
  3931
  3929
  3943
  3947
  3945
  3961
  3980
  3982
  3985
  3982
  3975
  3957
  3947
  3932
  3920
  3911
  3908
  3908
  3909
  3919
  3928
  3941
  3955
  3958
  3959
  3959
  3969
  3978
  4001
  4011
  4023
  4017
  4020
  4017
  4012
  4006
  3989
  3974
  3961
  3958
  3957
  3952
  3945
  3929
  3923
  3916
  3908
  3901
  3900
  3900
  3908
  3921
  3933
  3946
  3956
  3960
  3965
  3962
  3961
  3950
  3943
  3927
  3922
  3923
  3923
  3925
  3932
  3941
  3946
  3948
  3957
  3961
  3966
  3966
  3968
  3968
  3981
  3996
  4000
  3997
  3998
  3998
  3994
  4005
  4013
  4012
  4008
  4023
  4024
  4021
  4017
  4000
  3986
  3985
  3969
  3957
  3956
  3956
  3945
  3937
  3908
  3896
  3888
  3881
  3880
  3871
  3877
  3882
  3900
  3924
  3937
  3940
  3943
  3941
  3933
  3921
  3922
  3909
  3898
  3888
  3870
  3873
  3871
  3863
  3852
  3836
  3830
  3822
  3822
  3823
  3827
  3835
  3838
  3859
  3877
  3880
  3877
  3876
  3885
  3888
  3883
  3890
  3891
  3894
  3895
  3895
  3902
  3920
  3922
  3938
  3939
  3947
  3949
  3946
  3932
  3920
  3914
  3900
  3886
  3878
  3876
  3872
  3874
  3878
  3884
  3899
  3908
  3916
  3921
  3921
  3931
  3927
  3930
  3937
  3948
  3956
  3965
  3968
  3983
  3990
  3986
  3998
  3990
  3988
  3984
  3978
  3965
  3959
  3950
  3939
  3924
  3909
  3910
  3915
  3918
  3928
  3945
  3959
  3973
  3977
  3983
  3987
  3983
  3988
  3988
  3983
  3992
  3993
  4001
  4007
  4015
  4019
  4032
  4029
  4032
  4033
  4040
  4040
  4039
  4045
  4032
  4037
  4038
  4043
  4043
  4042
  4023
  4017
  4002
  3995
  3986
  3975
  3968
  3954
  3942
  3938
  3923
  3926
  3924
  3907
  3904
  3901
  3889
  3885
  3867
  3848
  3838
  3834
  3833
  3831
  3828
  3816
  3803
  3786
  3778
  3772
  3772
  3779
  3784
  3791
  3806
  3811
  3813
  3826
  3834
  3836
  3849
  3863
  3866
  3875
  3881
  3883
  3884
  3884
  3886
  3896
  3905
  3920
  3932
  3931
  3931
  3930
  3921
  3912
  3896
  3877
  3854
  3850
  3849
  3852
  3853
  3859
  3864
  3877
  3892
  3893
  3894
  3893
  3889
  3883
  3863
  3846
  3835
  3837
  3835
  3835
  3841
  3840
  3860
  3869
  3885
  3886
  3887
  3891
  3873
  3866
  3852
  3848
  3833
  3827
  3825
  3829
  3833
  3844
  3852
  3864
  3872
  3880
  3879
  3877
  3868
  3853
  3839
  3819
  3809
  3801
  3794
  3801
  3806
  3817
  3838
  3845
  3854
  3862
  3860
  3859
  3854
  3849
  3840
  3818
  3819
  3820
  3820
  3819
  3810
  3802
  3786
  3776
  3772
  3766
  3761
  3752
  3748
  3750
  3739
  3734
  3727
  3720
  3720
  3721
  3726
  3739
  3757
  3764
  3776
  3778
  3782
  3783
  3798
  3809
  3817
  3829
  3847
  3853
  3850
  3851
  3854
  3852
  3861
  3872
  3879
  3880
  3880
  3878
  3868
  3855
  3834
  3827
  3820
  3813
  3811
  3808
  3811
  3822
  3825
  3841
  3855
  3852
  3856
  3846
  3835
  3822
  3800
  3790
  3791
  3786
  3786
  3782
  3778
  3763
  3749
  3745
  3730
  3726
  3726
  3726
  3734
  3746
  3755
  3765
  3773
  3772
  3781
  3784
  3793
  3800
  3798
  3807
  3810
  3819
  3820
  3816
  3808
  3806
  3796
  3788
  3772
  3756
  3754
  3750
  3765
  3782
  3791
  3799
  3803
  3810
  3813
  3812
  3815
  3826
  3823
  3830
  3842
  3848
  3847
  3846
  3837
  3828
  3810
  3792
  3784
  3783
  3782
  3782
  3783
  3775
  3758
  3749
  3744
  3731
  3730
  3732
  3733
  3745
  3765
  3767
  3773
  3778
  3786
  3797
  3810
  3812
  3831
  3846
  3850
  3847
  3849
  3850
  3845
  3853
  3846
  3846
  3841
  3842
  3843
  3839
  3834
  3816
  3809
  3796
  3791
  3794
  3791
  3801
  3808
  3816
  3816
  3822
  3826
  3826
  3826
  3824
  3828
  3832
  3844
  3847
  3854
  3862
  3873
  3868
  3863
  3870
  3883
  3893
  3906
  3914
  3914
  3914
  3916
  3926
  3931
  3927
  3930
  3925
  3924
  3921
  3919
  3910
  3887
  3881
  3872
  3861
  3858
  3857
  3864
  3859
  3867
  3871
  3876
  3880
  3881
  3879
  3873
  3862
  3847
  3842
  3828
  3821
  3808
  3810
  3816
  3820
  3844
  3862
  3869
  3873
  3861
  3855
  3837
  3822
  3819
  3817
  3796
  3787
  3787
  3781
  3774
  3791
  3797
  3807
  3812
  3824
  3823
  3814
  3805
  3799
  3793
  3788
  3785
  3770
  3764
  3759
  3739
  3737
  3724
  3716
  3712
  3689
  3684
  3671
  3653
  3646
  3630
  3623
  3617
  3613
  3612
  3614
  3620
  3634
  3647
  3662
  3673
  3685
  3693
  3702
  3713
  3720
  3734
  3746
  3754
  3765
  3768
  3761
  3756
  3753
  3747
  3741
  3740
  3735
  3729
  3722
  3721
  3717
  3707
  3702
  3700
  3697
  3693
  3697
  3703
  3713
  3714
  3725
  3729
  3735
  3734
  3727
  3718
  3707
  3694
  3680
  3669
  3665
  3659
  3669
  3686
  3702
  3717
  3737
  3752
  3757
  3758
  3757
  3761
  3781
  3803
  3819
  3822
  3822
  3821
  3821
  3824
  3846
  3864
  3867
  3876
  3873
  3873
  3871
  3873
  3885
  3904
  3920
  3929
  3928
  3926
  3925
  3908
  3882
  3869
  3854
  3849
  3843
  3841
  3841
  3832
  3822
  3811
  3786
  3780
  3767
  3756
  3748
  3742
  3725
  3704
  3693
  3678
  3675
  3671
  3673
  3680
  3693
  3714
  3722
  3731
  3743
  3754
  3754
  3737
  3717
  3706
  3690
  3655
  3643
  3629
  3625
  3608
  3603
  3596
  3592
  3585
  3581
  3581
  3580
  3577
  3570
  3554
  3533
  3535
  3531
  3529
  3534
  3538
  3549
  3564
  3581
  3600
  3609
  3617
  3631
  3642
  3646
  3653
  3663
  3669
  3679
  3674
  3682
  3684
  3693
  3698
  3715
  3725
  3726
  3724
  3724
  3729
  3732
  3742
  3758
  3767
  3767
  3771
  3781
  3796
  3804
  3807
  3815
  3824
  3826
  3827
  3827
  3817
  3830
  3848
  3857
  3875
  3877
  3876
  3874
  3878
  3873
  3874
  3888
  3893
  3899
  3906
  3901
  3899
  3899
  3908
  3915
  3917
  3924
  3924
  3923
  3920
  3919
  3923
  3923
  3925
  3926
  3925
  3915
  3919
  3919
  3919
  3915
  3919
  3916
  3922
  3921
  3929
  3922
  3924
  3932
  3937
  3933
  3937
  3941
  3939
  3947
  3957
  3952
  3956
  3960
  3955
  3951
  3947
  3957
  3959
  3951
  3950
  3951
  3951
  3956
  3958
  3955
  3957
  3957
  3957
  3957
  3952
  3941
  3937
  3921
  3908
  3893
  3873
  3863
  3851
  3839
  3842
  3857
  3857
  3861
  3868
  3876
  3867
  3849
  3839
  3829
  3819
  3809
  3798
  3793
  3776
  3777
  3779
  3782
  3796
  3798
  3799
  3802
  3804
  3799
  3788
  3771
  3770
  3753
  3746
  3735
  3733
  3732
  3726
  3720
  3710
  3702
  3691
  3684
  3676
  3678
  3686
  3693
  3705
  3719
  3722
  3730
  3731
  3729
  3721
  3712
  3702
  3692
  3684
  3671
  3659
  3654
  3641
  3627
  3623
  3612
  3595
  3586
  3587
  3578
  3558
  3547
  3540
  3522
  3509
  3502
  3497
  3498
  3512
  3517
  3522
  3538
  3548
  3563
  3575
  3584
  3597
  3613
  3624
  3641
  3652
  3663
  3657
  3647
  3648
  3639
  3628
  3623
  3614
  3610
  3610
  3602
  3596
  3584
  3578
  3556
  3539
  3540
  3541
  3535
  3539
  3545
  3561
  3575
  3583
  3591
  3594
  3594
  3591
  3578
  3564
  3559
  3543
  3539
  3538
  3539
  3544
  3548
  3561
  3575
  3586
  3599
  3600
  3601
  3609
  3623
  3623
  3641
  3657
  3665
  3666
  3669
  3677
  3684
  3701
  3706
  3714
  3718
  3720
  3717
  3709
  3691
  3660
  3651
  3636
  3632
  3629
  3628
  3625
  3621
  3617
  3603
  3591
  3586
  3585
  3589
  3594
  3601
  3605
  3608
  3615
  3623
  3625
  3623
  3614
  3606
  3597
  3601
  3596
  3589
  3585
  3591
  3603
  3619
  3626
  3630
  3642
  3648
  3644
  3650
  3659
  3676
  3678
  3693
  3702
  3703
  3702
  3700
  3695
  3701
  3719
  3731
  3738
  3744
  3744
  3741
  3737
  3711
  3698
  3692
  3683
  3676
  3675
  3680
  3682
  3686
  3696
  3708
  3724
  3722
  3725
  3726
  3719
  3718
  3700
  3688
  3681
  3670
  3668
  3669
  3677
  3686
  3691
  3701
  3700
  3706
  3705
  3704
  3701
  3687
  3684
  3672
  3666
  3663
  3648
  3650
  3640
  3630
  3621
  3618
  3611
  3601
  3599
  3599
  3601
  3609
  3619
  3630
  3638
  3637
  3637
  3629
  3625
  3613
  3608
  3588
  3579
  3570
  3558
  3550
  3545
  3538
  3520
  3516
  3520
  3518
  3514
  3512
  3507
  3495
  3487
  3484
  3474
  3467
  3452
  3448
  3445
  3440
  3440
  3432
  3418
  3417
  3418
  3425
  3424
  3441
  3451
  3467
  3469
  3478
  3481
  3480
  3471
  3459
  3455
  3443
  3432
  3426
  3421
  3425
  3420
  3416
  3410
  3412
  3409
  3412
  3404
  3398
  3393
  3387
  3390
  3381
  3379
  3368
  3368
  3367
  3363
  3362
  3358
  3346
  3342
  3338
  3337
  3341
  3347
  3356
  3391
  3409
  3424
  3430
  3430
  3430
  3436
  3445
  3470
  3494
  3506
  3508
  3511
  3509
  3503
  3484
  3479
  3480
  3477
  3478
  3466
  3460
  3454
  3448
  3444
  3435
  3424
  3411
  3408
  3406
  3400
  3397
  3398
  3381
  3369
  3367
  3367
  3366
  3356
  3347
  3334
  3325
  3319
  3318
  3318
  3318
  3314
  3311
  3310
  3304
  3295
  3288
  3282
  3276
  3276
  3275
  3271
  3257
  3256
  3252
  3251
  3250
  3247
  3239
  3239
  3225
  3228
  3226
  3226
  3225
  3224
  3219
  3218
  3215
  3217
  3215
  3214
  3212
  3209
  3208
  3211
  3208
  3199
  3189
  3191
  3187
  3185
  3190
  3195
  3193
  3189
  3186
  3185
  3184
  3183
  3187
  3193
  3192
  3197
  3190
  3187
  3190
  3198
  3221
  3244
  3273
  3292
  3300
  3319
  3333
  3348
  3365
  3375
  3396
  3415
  3423
  3439
  3440
  3464
  3478
  3491
  3509
  3516
  3515
  3519
  3513
  3509
  3500
  3484
  3471
  3467
  3459
  3459
  3459
  3457
  3444
  3428
  3420
  3412
  3399
  3396
  3401
  3411
  3419
  3438
  3459
  3466
  3476
  3480
  3485
  3474
  3460
  3447
  3434
  3435
  3431
  3428
  3433
  3441
  3454
  3461
  3474
  3488
  3499
  3501
  3498
  3494
  3490
  3469
  3457
  3447
  3441
  3439
  3437
  3437
  3439
  3427
  3416
  3420
  3420
  3414
  3413
  3402
  3394
  3383
  3366
  3367
  3360
  3352
  3355
  3370
  3380
  3408
  3428
  3442
  3448
  3449
  3445
  3438
  3432
  3423
  3413
  3397
  3398
  3394
  3388
  3403
  3420
  3440
  3456
  3473
  3479
  3480
  3479
  3487
  3502
  3521
  3529
  3536
  3538
  3539
  3540
  3545
  3557
  3574
  3594
  3597
  3602
  3604
  3603
  3602
  3598
  3588
  3569
  3568
  3563
  3554
  3555
  3555
  3565
  3573
  3583
  3598
  3608
  3612
  3606
  3604
  3585
  3577
  3564
  3552
  3545
  3542
  3535
  3531
  3522
  3507
  3499
  3491
  3488
  3479
  3476
  3470
  3456
  3446
  3443
  3439
  3437
  3435
  3434
  3429
  3418
  3405
  3396
  3393
  3388
  3388
  3388
  3382
  3376
  3368
  3352
  3348
  3344
  3342
  3341
  3342
  3340
  3325
  3321
  3317
  3303
  3294
  3303
  3314
  3333
  3348
  3358
  3372
  3379
  3380
  3379
  3387
  3404
  3430
  3455
  3471
  3471
  3471
  3472
  3481
  3494
  3506
  3518
  3534
  3541
  3543
  3542
  3528
  3513
  3499
  3491
  3484
  3483
  3483
  3480
  3480
  3482
  3471
  3461
  3454
  3444
  3434
  3439
  3445
  3469
  3488
  3503
  3515
  3520
  3521
  3522
  3529
  3539
  3551
  3565
  3568
  3565
  3572
  3574
  3584
  3593
  3603
  3608
  3615
  3617
  3618
  3625
  3617
  3623
  3641
  3646
  3650
  3655
  3655
  3655
  3653
  3659
  3657
  3671
  3674
  3678
  3682
  3683
  3681
  3679
  3684
  3680
  3681
  3683
  3683
  3683
  3686
  3684
  3691
  3693
  3693
  3689
  3696
  3700
  3700
  3708
  3720
  3723
  3724
  3726
  3726
  3724
  3723
  3737
  3751
  3768
  3769
  3777
  3778
  3773
  3754
  3737
  3728
  3708
  3692
  3680
  3670
  3673
  3673
  3680
  3690
  3695
  3700
  3704
  3697
  3693
  3682
  3673
  3652
  3635
  3612
  3613
  3598
  3595
  3586
  3577
  3560
  3559
  3551
  3550
  3547
  3545
  3536
  3529
  3512
  3501
  3486
  3488
  3487
  3487
  3487
  3476
  3467
  3464
  3464
  3456
  3455
  3451
  3452
  3441
  3435
  3420
  3420
  3414
  3413
  3416
  3424
  3443
  3460
  3480
  3493
  3499
  3501
  3503
  3510
  3522
  3542
  3554
  3562
  3564
  3564
  3565
  3563
  3556
  3545
  3535
  3529
  3525
  3519
  3507
  3502
  3484
  3491
  3487
  3482
  3479
  3478
  3478
  3477
  3468
  3441
  3428
  3416
  3416
  3414
  3412
  3419
  3439
  3450
  3465
  3478
  3471
  3479
  3488
  3498
  3506
  3521
  3533
  3540
  3548
  3543
  3544
  3534
  3531
  3508
  3505
  3495
  3489
  3482
  3485
  3488
  3497
  3518
  3524
  3538
  3537
  3539
  3537
  3536
  3520
  3509
  3499
  3495
  3491
  3488
  3483
  3487
  3497
  3507
  3517
  3536
  3547
  3548
  3553
  3563
  3566
  3572
  3588
  3591
  3588
  3595
  3601
  3609
  3615
  3623
  3634
  3644
  3646
  3647
  3645
  3650
  3651
  3658
  3665
  3683
  3687
  3683
  3673
  3668
  3653
  3642
  3617
  3611
  3607
  3607
  3605
  3615
  3623
  3643
  3656
  3648
  3652
  3652
  3650
  3640
  3633
  3623
  3625
  3614
  3603
  3602
  3600
  3592
  3583
  3568
  3556
  3548
  3536
  3531
  3514
  3505
  3491
  3476
  3465
  3458
  3444
  3441
  3434
  3440
  3432
  3410
  3411
  3401
  3395
  3399
  3406
  3411
  3424
  3427
  3454
  3463
  3470
  3472
  3471
  3465
  3457
  3447
  3419
  3414
  3405
  3403
  3405
  3419
  3437
  3447
  3468
  3488
  3496
  3497
  3496
  3490
  3482
  3466
  3451
  3442
  3440
  3437
  3436
  3446
  3463
  3478
  3488
  3494
  3500
  3499
  3499
  3493
  3482
  3464
  3463
  3458
  3455
  3454
  3448
  3432
  3417
  3408
  3396
  3389
  3386
  3385
  3384
  3374
  3370
  3362
  3352
  3347
  3340
  3339
  3330
  3326
  3312
  3309
  3303
  3292
  3290
  3288
  3290
  3302
  3315
  3331
  3354
  3368
  3376
  3377
  3378
  3382
  3386
  3405
  3418
  3439
  3448
  3452
  3458
  3467
  3475
  3490
  3501
  3525
  3523
  3525
  3521
  3503
  3494
  3480
  3476
  3468
  3455
  3449
  3436
  3424
  3405
  3394
  3375
  3361
  3359
  3357
  3353
  3349
  3338
  3327
  3323
  3312
  3314
  3314
  3313
  3308
  3305
  3296
  3272
  3265
  3263
  3256
  3251
  3247
  3242
  3239
  3243
  3234
  3225
  3216
  3210
  3204
  3198
  3190
  3192
  3183
  3180
  3185
  3191
  3210
  3225
  3237
  3252
  3257
  3274
  3276
  3273
  3271
  3265
  3259
  3248
  3243
  3239
  3236
  3234
  3227
  3219
  3207
  3199
  3187
  3180
  3179
  3179
  3173
  3174
  3172
  3167
  3153
  3153
  3144
  3138
  3129
  3128
  3134
  3124
  3119
  3116
  3111
  3113
  3124
  3142
  3164
  3178
  3198
  3219
  3226
  3238
  3245
  3253
  3277
  3292
  3309
  3312
  3321
  3321
  3322
  3317
  3311
  3307
  3308
  3294
  3294
  3300
  3316
  3326
  3336
  3345
  3358
  3371
  3378
  3388
  3405
  3414
  3421
  3432
  3439
  3447
  3449
  3448
  3442
  3436
  3425
  3413
  3407
  3402
  3398
  3389
  3383
  3367
  3359
  3348
  3338
  3335
  3334
  3336
  3350
  3363
  3379
  3399
  3409
  3416
  3415
  3408
  3405
  3393
  3379
  3375
  3361
  3356
  3351
  3353
  3359
  3372
  3386
  3401
  3399
  3403
  3409
  3405
  3393
  3378
  3379
  3376
  3370
  3370
  3367
  3368
  3373
  3395
  3416
  3436
  3446
  3449
  3455
  3451
  3443
  3434
  3410
  3405
  3394
  3389
  3388
  3388
  3383
  3371
  3369
  3350
  3340
  3330
  3316
  3313
  3303
  3297
  3292
  3284
  3273
  3269
  3268
  3257
  3264
  3276
  3292
  3296
  3311
  3324
  3332
  3341
  3358
  3363
  3377
  3398
  3409
  3419
  3423
  3429
  3438
  3448
  3454
  3469
  3484
  3484
  3484
  3484
  3489
  3498
  3519
  3539
  3550
  3556
  3553
  3541
  3540
  3528
  3510
  3491
  3471
  3469
  3470
  3467
  3465
  3446
  3433
  3419
  3403
  3399
  3395
  3394
  3394
  3380
  3366
  3343
  3335
  3336
  3333
  3331
  3333
  3328
  3317
  3307
  3306
  3301
  3299
  3304
  3314
  3326
  3337
  3346
  3358
  3364
  3368
  3379
  3395
  3410
  3427
  3441
  3455
  3455
  3453
  3442
  3434
  3431
  3417
  3409
  3392
  3383
  3378
  3371
  3367
  3359
  3354
  3347
  3334
  3329
  3327
  3330
  3341
  3356
  3373
  3389
  3404
  3404
  3408
  3401
  3398
  3381
  3366
  3362
  3357
  3351
  3352
  3353
  3358
  3374
  3398
  3418
  3430
  3436
  3437
  3436
  3437
  3441
  3457
  3459
  3459
  3462
  3466
  3468
  3473
  3472
  3474
  3481
  3485
  3490
  3488
  3488
  3484
  3468
  3449
  3434
  3433
  3425
  3420
  3412
  3398
  3390
  3381
  3372
  3359
  3350
  3348
  3348
  3345
  3337
  3326
  3330
  3328
  3326
  3325
  3326
  3325
  3316
  3300
  3299
  3295
  3288
  3289
  3292
  3304
  3308
  3327
  3348
  3363
  3371
  3371
  3373
  3387
  3404
  3417
  3426
  3434
  3442
  3443
  3436
  3427
  3415
  3408
  3398
  3383
  3373
  3368
  3358
  3352
  3344
  3327
  3321
  3310
  3302
  3301
  3300
  3297
  3288
  3280
  3270
  3266
  3266
  3267
  3273
  3273
  3283
  3300
  3318
  3335
  3336
  3337
  3339
  3348
  3356
  3368
  3387
  3406
  3406
  3414
  3415
  3411
  3391
  3384
  3374
  3370
  3364
  3355
  3352
  3342
  3331
  3311
  3300
  3294
  3294
  3292
  3295
  3306
  3308
  3320
  3351
  3362
  3368
  3374
  3387
  3394
  3409
  3416
  3426
  3441
  3454
  3455
  3450
  3445
  3441
  3410
  3390
  3379
  3374
  3371
  3371
  3370
  3380
  3391
  3407
  3422
  3424
  3422
  3421
  3410
  3404
  3396
  3380
  3371
  3370
  3370
  3372
  3377
  3388
  3394
  3406
  3423
  3436
  3441
  3444
  3456
  3460
  3468
  3468
  3478
  3487
  3488
  3486
  3481
  3468
  3457
  3437
  3424
  3421
  3416
  3415
  3411
  3403
  3382
  3372
  3367
  3360
  3357
  3358
  3364
  3376
  3388
  3412
  3419
  3423
  3422
  3422
  3425
  3426
  3447
  3463
  3469
  3483
  3490
  3506
  3518
  3517
  3522
  3524
  3531
  3542
  3548
  3549
  3554
  3551
  3557
  3565
  3569
  3573
  3576
  3586
  3598
  3597
  3598
  3604
  3609
  3611
  3612
  3611
  3606
  3592
  3575
  3563
  3549
  3538
  3531
  3518
  3510
  3499
  3485
  3473
  3461
  3456
  3452
  3439
  3430
  3431
  3417
  3415
  3407
  3407
  3401
  3389
  3379
  3366
  3354
  3347
  3345
  3346
  3343
  3342
  3341
  3338
  3320
  3315
  3300
  3297
  3289
  3283
  3273
  3262
  3255
  3240
  3228
  3225
  3224
  3234
  3241
  3265
  3286
  3301
  3310
  3318
  3320
  3317
  3307
  3304
  3294
  3287
  3277
  3273
  3274
  3275
  3286
  3298
  3318
  3331
  3348
  3349
  3348
  3352
  3347
  3340
  3330
  3322
  3313
  3310
  3309
  3310
  3311
  3326
  3335
  3353
  3367
  3374
  3376
  3370
  3362
  3353
  3340
  3322
  3309
  3304
  3299
  3297
  3296
  3292
  3281
  3280
  3270
  3268
  3269
  3273
  3285
  3296
  3311
  3329
  3346
  3348
  3347
  3346
  3351
  3367
  3381
  3401
  3413
  3415
  3411
  3411
  3400
  3391
  3376
  3366
  3352
  3345
  3341
  3346
  3361
  3373
  3385
  3397
  3412
  3418
  3420
  3415
  3402
  3397
  3374
  3363
  3355
  3350
  3350
  3352
  3357
  3361
  3372
  3385
  3392
  3394
  3394
  3392
  3390
  3375
  3375
  3357
  3351
  3341
  3336
  3339
  3344
  3360
  3370
  3384
  3399
  3412
  3419
  3419
  3431
  3445
  3458
  3475
  3488
  3484
  3483
  3473
  3466
  3449
  3428
  3404
  3387
  3381
  3380
  3379
  3380
  3370
  3353
  3347
  3342
  3340
  3335
  3334
  3325
  3309
  3314
  3300
  3297
  3290
  3287
  3289
  3293
  3310
  3317
  3332
  3345
  3350
  3348
  3347
  3344
  3356
  3367
  3388
  3401
  3408
  3410
  3408
  3403
  3390
  3385
  3375
  3371
  3362
  3363
  3366
  3371
  3383
  3392
  3420
  3435
  3437
  3436
  3437
  3441
  3451
  3453
  3471
  3479
  3480
  3480
  3480
  3482
  3492
  3500
  3495
  3498
  3505
  3503
  3502
  3505
  3507
  3513
  3519
  3532
  3538
  3541
  3546
  3548
  3551
  3559
  3556
  3564
  3565
  3566
  3565
  3568
  3572
  3574
  3590
  3597
  3597
  3592
  3583
  3570
  3557
  3544
  3525
  3511
  3505
  3504
  3500
  3498
  3490
  3464
  3448
  3438
  3432
  3429
  3425
  3429
  3440
  3451
  3465
  3466
  3482
  3484
  3480
  3470
  3463
  3435
  3420
  3402
  3399
  3387
  3384
  3380
  3371
  3360
  3353
  3344
  3331
  3325
  3324
  3322
  3309
  3301
  3295
  3285
  3274
  3276
  3282
  3294
  3307
  3324
  3343
  3349
  3356
  3357
  3354
  3355
  3370
  3383
  3401
  3415
  3422
  3423
  3421
  3410
  3403
  3395
  3381
  3369
  3364
  3364
  3361
  3352
  3346
  3345
  3343
  3339
  3331
  3329
  3330
  3340
  3348
  3357
  3376
  3392
  3394
  3390
  3386
  3381
  3376
  3366
  3355
  3345
  3338
  3343
  3343
  3344
  3348
  3361
  3376
  3386
  3389
  3389
  3385
  3378
  3362
  3344
  3330
  3324
  3321
  3321
  3320
  3319
  3311
  3298
  3293
  3284
  3281
  3278
  3275
  3270
  3266
  3265
  3270
  3253
  3247
  3247
  3250
  3260
  3277
  3298
  3313
  3318
  3328
  3335
  3343
  3351
  3359
  3382
  3396
  3414
  3423
  3421
  3421
  3425
  3423
  3436
  3450
  3462
  3463
  3461
  3462
  3464
  3466
  3481
  3486
  3498
  3498
  3508
  3520
  3529
  3540
  3545
  3548
  3553
  3557
  3557
  3557
  3560
  3570
  3581
  3586
  3590
  3588
  3592
  3589
  3589
  3596
  3609
  3598
  3607
  3614
  3616
  3615
  3606
  3589
  3556
  3535
  3527
  3521
  3520
  3520
  3508
  3487
  3470
  3455
  3437
  3437
  3436
  3437
  3442
  3451
  3460
  3463
  3471
  3473
  3482
  3484
  3498
  3505
  3510
  3514
  3513
  3513
  3512
  3512
  3514
  3533
  3538
  3545
  3552
  3559
  3555
  3550
  3534
  3522
  3495
  3475
  3455
  3447
  3445
  3446
  3441
  3418
  3409
  3406
  3397
  3393
  3397
  3399
  3404
  3413
  3431
  3436
  3447
  3447
  3445
  3443
  3429
  3424
  3416
  3403
  3397
  3389
  3386
  3387
  3388
  3404
  3414
  3430
  3434
  3436
  3436
  3435
  3434
  3448
  3450
  3454
  3461
  3471
  3481
  3479
  3476
  3486
  3496
  3508
  3510
  3514
  3516
  3514
  3510
  3503
  3487
  3472
  3460
  3460
  3458
  3458
  3453
  3444
  3436
  3423
  3411
  3403
  3396
  3382
  3381
  3375
  3360
  3356
  3345
  3340
  3333
  3327
  3309
  3302
  3293
  3284
  3281
  3273
  3268
  3268
  3276
  3293
  3317
  3333
  3338
  3340
  3340
  3340
  3343
  3358
  3377
  3392
  3405
  3415
  3422
  3420
  3418
  3423
  3438
  3450
  3454
  3452
  3452
  3450
  3449
  3460
  3467
  3474
  3468
  3477
  3481
  3491
  3491
  3497
  3494
  3498
  3496
  3500
  3503
  3502
  3492
  3483
  3455
  3445
  3440
  3436
  3434
  3437
  3442
  3446
  3451
  3459
  3461
  3461
  3469
  3482
  3485
  3492
  3503
  3515
  3526
  3531
  3537
  3547
  3551
  3561
  3553
  3560
  3559
  3560
  3561
  3558
  3551
  3538
  3520
  3501
  3494
  3484
  3475
  3465
  3446
  3432
  3412
  3398
  3389
  3382
  3377
  3367
  3362
  3348
  3335
  3321
  3307
  3296
  3293
  3295
  3299
  3312
  3322
  3331
  3344
  3353
  3358
  3348
  3345
  3329
  3321
  3311
  3305
  3296
  3291
  3301
  3306
  3312
  3324
  3331
  3343
  3349
  3353
  3353
  3344
  3335
  3316
  3299
  3293
  3282
  3281
  3281
  3294
  3303
  3325
  3342
  3350
  3352
  3352
  3354
  3356
  3367
  3382
  3396
  3395
  3400
  3402
  3400
  3393
  3379
  3362
  3350
  3334
  3330
  3330
  3327
  3322
  3316
  3302
  3280
  3272
  3257
  3256
  3251
  3247
  3238
  3226
  3218
  3206
  3205
  3203
  3201
  3200
  3193
  3181
  3170
  3159
  3154
  3152
  3152
  3148
  3144
  3142
  3132
  3117
  3107
  3103
  3101
  3095
  3091
  3090
  3089
  3090
  3084
  3081
  3076
  3070
  3068
  3065
  3063
  3054
  3055
  3054
  3050
  3049
  3040
  3028
  3028
  3029
  3019
  3016
  3020
  3032
  3045
  3059
  3086
  3102
  3117
  3131
  3137
  3147
  3160
  3180
  3198
  3211
  3217
  3217
  3215
  3208
  3202
  3194
  3190
  3177
  3177
  3180
  3190
  3202
  3219
  3226
  3242
  3252
  3259
  3271
  3272
  3276
  3287
  3297
  3308
  3311
  3317
  3319
  3318
  3308
  3299
  3289
  3278
  3265
  3255
  3262
  3259
  3266
  3274
  3288
  3302
  3309
  3311
  3311
  3308
  3314
  3327
  3357
  3373
  3375
  3384
  3393
  3391
  3383
  3378
  3346
  3340
  3338
  3332
  3330
  3331
  3338
  3348
  3365
  3379
  3382
  3384
  3383
  3372
  3364
  3356
  3340
  3331
  3318
  3315
  3310
  3309
  3313
  3323
  3335
  3342
  3350
  3356
  3358
  3357
  3364
  3377
  3388
  3407
  3418
  3419
  3418
  3417
  3411
  3396
  3379
  3365
  3358
  3343
  3339
  3334
  3349
  3360
  3375
  3379
  3381
  3389
  3377
  3365
  3357
  3343
  3324
  3309
  3299
  3285
  3282
  3283
  3271
  3257
  3243
  3235
  3222
  3218
  3215
  3215
  3215
  3211
  3198
  3181
  3175
  3168
  3164
  3166
  3174
  3189
  3202
  3221
  3237
  3250
  3261
  3266
  3279
  3287
  3293
  3302
  3313
  3320
  3332
  3346
  3359
  3369
  3388
  3398
  3405
  3404
  3399
  3400
  3381
  3366
  3346
  3329
  3319
  3307
  3305
  3304
  3302
  3290
  3286
  3283
  3278
  3262
  3252
  3234
  3221
  3221
  3218
  3206
  3198
  3198
  3198
  3199
  3199
  3211
  3228
  3242
  3251
  3250
  3248
  3247
  3251
  3266
  3277
  3287
  3303
  3309
  3308
  3306
  3297
  3287
  3280
  3274
  3271
  3266
  3259
  3255
  3240
  3235
  3223
  3217
  3203
  3200
  3198
  3202
  3208
  3223
  3247
  3265
  3282
  3288
  3288
  3289
  3291
  3302
  3318
  3323
  3327
  3341
  3350
  3353
  3356
  3353
  3359
  3366
  3369
  3380
  3389
  3392
  3401
  3414
  3422
  3438
  3443
  3449
  3449
  3450
  3447
  3453
  3453
  3453
  3469
  3472
  3471
  3470
  3469
  3480
  3487
  3499
  3496
  3504
  3501
  3487
  3484
  3460
  3451
  3440
  3428
  3420
  3409
  3403
  3396
  3380
  3364
  3352
  3332
  3324
  3316
  3308
  3300
