     0
     0
     0
     2
     4
     4
     2
     1
     0
    -2
    -3
    -5
    -6
    -5
    -7
    -7
    -7
    -7
    -9
   -10
   -12
   -16
   -16
   -17
   -15
   -15
   -15
   -13
   -14
   -14
   -16
   -18
   -21
   -22
   -26
   -28
   -28
   -34
   -30
   -45
   -69
  -110
  -179
  -249
  -299
  -342
  -381
  -456
  -505
  -525
  -589
  -650
  -712
  -764
  -797
  -854
  -894
  -920
  -966
 -1023
 -1022
 -1049
 -1081
 -1088
 -1105
 -1167
 -1204
 -1234
 -1277
 -1331
 -1363
 -1372
 -1401
 -1429
 -1474
 -1501
 -1491
 -1539
 -1572
 -1601
 -1599
 -1616
 -1621
 -1663
 -1675
 -1695
 -1731
 -1725
 -1728
 -1745
 -1731
 -1759
 -1782
 -1780
 -1784
 -1786
 -1807
 -1863
 -1866
 -1903
 -1919
 -1915
 -1914
 -1912
 -1921
 -1925
 -1964
 -1959
 -1974
 -1998
 -1998
 -2024
 -2013
 -2040
 -2055
 -2070
 -2062
 -2083
 -2105
 -2124
 -2119
 -2111
 -2128
 -2125
 -2127
 -2117
 -2115
 -2112
 -2114
 -2135
 -2141
 -2154
 -2150
 -2164
 -2176
 -2189
 -2196
 -2192
 -2196
 -2212
 -2203
 -2211
 -2205
 -2210
 -2202
 -2215
 -2232
 -2212
 -2269
 -2289
 -2280
 -2258
 -2274
 -2285
 -2280
 -2293
 -2268
 -2273
 -2307
 -2313
 -2316
 -2368
 -2379
 -2379
 -2394
 -2409
 -2406
 -2413
 -2433
 -2445
 -2448
 -2459
 -2480
 -2477
 -2474
 -2466
 -2442
 -2455
 -2430
 -2427
 -2418
 -2427
 -2413
 -2423
 -2428
 -2442
 -2412
 -2386
 -2380
 -2380
 -2385
 -2385
 -2405
 -2401
 -2409
 -2394
 -2408
 -2413
 -2395
 -2406
 -2378
 -2355
 -2367
 -2383
 -2403
 -2387
 -2394
 -2395
 -2396
 -2392
 -2387
 -2386
 -2404
 -2417
 -2402
 -2412
 -2404
 -2409
 -2391
 -2403
 -2417
 -2426
 -2417
 -2423
 -2440
 -2451
 -2468
 -2472
 -2471
 -2468
 -2468
 -2470
 -2474
 -2473
 -2491
 -2487
 -2519
 -2522
 -2525
 -2525
 -2507
 -2507
 -2498
 -2487
 -2480
 -2478
 -2471
 -2469
 -2452
 -2434
 -2450
 -2462
 -2477
 -2493
 -2487
 -2490
 -2489
 -2476
 -2484
 -2474
 -2487
 -2510
 -2506
 -2505
 -2500
 -2479
 -2498
 -2491
 -2498
 -2495
 -2494
 -2493
 -2473
 -2456
 -2397
 -2369
 -2367
 -2353
 -2359
 -2363
 -2387
 -2396
 -2390
 -2364
 -2354
 -2342
 -2341
 -2360
 -2357
 -2342
 -2371
 -2372
 -2378
 -2360
 -2363
 -2365
 -2379
 -2402
 -2425
 -2408
 -2408
 -2442
 -2435
 -2438
 -2458
 -2481
 -2473
 -2471
 -2462
 -2462
 -2456
 -2449
 -2465
 -2450
 -2405
 -2434
 -2450
 -2437
 -2431
 -2429
 -2444
 -2462
 -2448
 -2432
 -2427
 -2427
 -2416
 -2411
 -2418
 -2434
 -2490
 -2483
 -2497
 -2498
 -2507
 -2503
 -2507
 -2516
 -2545
 -2545
 -2566
 -2581
 -2583
 -2588
 -2589
 -2586
 -2601
 -2602
 -2612
 -2615
 -2612
 -2606
 -2589
 -2609
 -2609
 -2625
 -2622
 -2613
 -2606
 -2589
 -2553
 -2549
 -2537
 -2517
 -2494
 -2499
 -2504
 -2516
 -2523
 -2489
 -2477
 -2479
 -2488
 -2478
 -2483
 -2512
 -2521
 -2554
 -2569
 -2553
 -2562
 -2539
 -2519
 -2524
 -2542
 -2561
 -2566
 -2575
 -2552
 -2566
 -2546
 -2507
 -2529
 -2520
 -2550
 -2565
 -2591
 -2614
 -2581
 -2555
 -2564
 -2577
 -2585
 -2579
 -2581
 -2593
 -2606
 -2594
 -2605
 -2608
 -2625
 -2627
 -2621
 -2613
 -2595
 -2616
 -2625
 -2617
 -2624
 -2634
 -2622
 -2634
 -2625
 -2625
 -2636
 -2627
 -2648
 -2624
 -2644
 -2600
 -2620
 -2594
 -2566
 -2562
 -2574
 -2563
 -2551
 -2542
 -2541
 -2541
 -2534
 -2535
 -2569
 -2561
 -2571
 -2564
 -2565
 -2554
 -2546
 -2530
 -2525
 -2510
 -2508
 -2525
 -2518
 -2540
 -2527
 -2528
 -2545
 -2538
 -2529
 -2539
 -2554
 -2553
 -2578
 -2574
 -2570
 -2567
 -2572
 -2568
 -2557
 -2535
 -2525
 -2507
 -2497
 -2494
 -2509
 -2498
 -2507
 -2507
 -2519
 -2511
 -2524
 -2506
 -2512
 -2516
 -2501
 -2512
 -2455
 -2464
 -2461
 -2432
 -2428
 -2421
 -2412
 -2410
 -2442
 -2417
 -2404
 -2418
 -2414
 -2415
 -2416
 -2418
 -2413
 -2428
 -2442
 -2457
 -2468
 -2468
 -2470
 -2502
 -2522
 -2501
 -2478
 -2491
 -2471
 -2472
 -2466
 -2473
 -2471
 -2463
 -2449
 -2426
 -2447
 -2456
 -2457
 -2461
 -2443
 -2424
 -2457
 -2457
 -2463
 -2458
 -2471
 -2472
 -2470
 -2446
 -2446
 -2478
 -2489
 -2493
 -2491
 -2486
 -2502
 -2496
 -2489
 -2482
 -2472
 -2457
 -2453
 -2458
 -2469
 -2501
 -2499
 -2496
 -2502
 -2487
 -2502
 -2494
 -2506
 -2503
 -2499
 -2517
 -2516
 -2524
 -2525
 -2534
 -2544
 -2543
 -2537
 -2539
 -2536
 -2544
 -2544
 -2549
 -2540
 -2521
 -2494
 -2484
 -2486
 -2501
 -2511
 -2515
 -2505
 -2507
 -2491
 -2469
 -2485
 -2486
 -2489
 -2497
 -2484
 -2442
 -2469
 -2453
 -2477
 -2467
 -2460
 -2452
 -2464
 -2481
 -2466
 -2464
 -2455
 -2460
 -2456
 -2456
 -2464
 -2492
 -2467
 -2473
 -2460
 -2447
 -2448
 -2448
 -2454
 -2430
 -2437
 -2456
 -2442
 -2434
 -2445
 -2448
 -2461
 -2472
 -2459
 -2444
 -2448
 -2434
 -2434
 -2430
 -2436
 -2449
 -2454
 -2469
 -2484
 -2485
 -2486
 -2494
 -2499
 -2493
 -2491
 -2475
 -2469
 -2445
 -2446
 -2451
 -2458
 -2468
 -2484
 -2498
 -2472
 -2460
 -2444
 -2431
 -2423
 -2447
 -2449
 -2457
 -2472
 -2476
 -2460
 -2460
 -2470
 -2475
 -2460
 -2471
 -2464
 -2461
 -2461
 -2468
 -2470
 -2468
 -2451
 -2457
 -2453
 -2458
 -2474
 -2477
 -2491
 -2481
 -2490
 -2497
 -2474
 -2452
 -2451
 -2438
 -2425
 -2434
 -2431
 -2457
 -2468
 -2473
 -2485
 -2506
 -2493
 -2505
 -2521
 -2523
 -2526
 -2518
 -2539
 -2539
 -2532
 -2516
 -2504
 -2471
 -2459
 -2470
 -2468
 -2467
 -2475
 -2463
 -2460
 -2470
 -2446
 -2439
 -2432
 -2440
 -2451
 -2462
 -2451
 -2448
 -2446
 -2441
 -2441
 -2439
 -2447
 -2430
 -2424
 -2439
 -2433
 -2429
 -2429
 -2433
 -2429
 -2408
 -2423
 -2408
 -2453
 -2464
 -2469
 -2464
 -2440
 -2423
 -2423
 -2417
 -2416
 -2399
 -2402
 -2403
 -2397
 -2401
 -2417
 -2411
 -2400
 -2391
 -2391
 -2384
 -2382
 -2383
 -2373
 -2340
 -2350
 -2356
 -2355
 -2359
 -2336
 -2333
 -2336
 -2348
 -2330
 -2333
 -2340
 -2344
 -2364
 -2366
 -2330
 -2326
 -2350
 -2345
 -2339
 -2336
 -2344
 -2360
 -2353
 -2357
 -2383
 -2385
 -2386
 -2389
 -2402
 -2418
 -2446
 -2435
 -2448
 -2461
 -2464
 -2450
 -2446
 -2428
 -2445
 -2476
 -2459
 -2463
 -2460
 -2464
 -2464
 -2474
 -2461
 -2448
 -2438
 -2438
 -2422
 -2421
 -2400
 -2418
 -2424
 -2410
 -2395
 -2406
 -2400
 -2409
 -2421
 -2436
 -2448
 -2451
 -2459
 -2462
 -2464
 -2448
 -2452
 -2436
 -2440
 -2424
 -2442
 -2445
 -2445
 -2444
 -2432
 -2433
 -2435
 -2435
 -2425
 -2436
 -2435
 -2419
 -2431
 -2443
 -2426
 -2460
 -2461
 -2480
 -2478
 -2484
 -2482
 -2464
 -2441
 -2455
 -2467
 -2473
 -2471
 -2465
 -2466
 -2475
 -2481
 -2448
 -2426
 -2423
 -2420
 -2416
 -2421
 -2444
 -2426
 -2381
 -2387
 -2380
 -2357
 -2369
 -2367
 -2369
 -2359
 -2351
 -2363
 -2355
 -2342
 -2348
 -2364
 -2340
 -2349
 -2350
 -2348
 -2369
 -2351
 -2371
 -2347
 -2360
 -2342
 -2337
 -2341
 -2341
 -2344
 -2344
 -2343
 -2343
 -2363
 -2364
 -2367
 -2358
 -2358
 -2356
 -2346
 -2357
 -2367
 -2403
 -2417
 -2432
 -2429
 -2428
 -2418
 -2452
 -2475
 -2478
 -2466
 -2464
 -2464
 -2468
 -2489
 -2486
 -2483
 -2492
 -2488
 -2497
 -2518
 -2510
 -2516
 -2525
 -2525
 -2485
 -2478
 -2483
 -2488
 -2487
 -2479
 -2490
 -2493
 -2491
 -2511
 -2503
 -2512
 -2517
 -2514
 -2496
 -2508
 -2512
 -2497
 -2500
 -2485
 -2495
 -2520
 -2543
 -2580
 -2573
 -2563
 -2575
 -2577
 -2563
 -2560
 -2553
 -2587
 -2584
 -2573
 -2564
 -2552
 -2540
 -2550
 -2533
 -2515
 -2526
 -2516
 -2513
 -2514
 -2513
 -2514
 -2525
 -2504
 -2508
 -2488
 -2497
 -2520
 -2510
 -2519
 -2504
 -2528
 -2514
 -2488
 -2500
 -2502
 -2502
 -2496
 -2514
 -2520
 -2533
 -2549
 -2564
 -2565
 -2568
 -2568
 -2540
 -2524
 -2535
 -2553
 -2523
 -2528
 -2523
 -2496
 -2509
 -2503
 -2492
 -2513
 -2504
 -2506
 -2500
 -2507
 -2488
 -2508
 -2507
 -2505
 -2506
 -2506
 -2506
 -2511
 -2528
 -2506
 -2512
 -2536
 -2537
 -2531
 -2531
 -2537
 -2528
 -2526
 -2514
 -2518
 -2524
 -2525
 -2526
 -2527
 -2518
 -2535
 -2522
 -2501
 -2489
 -2491
 -2500
 -2515
 -2508
 -2505
 -2481
 -2469
 -2483
 -2483
 -2484
 -2477
 -2504
 -2473
 -2485
 -2482
 -2486
 -2490
 -2485
 -2486
 -2482
 -2493
 -2485
 -2498
 -2517
 -2522
 -2516
 -2518
 -2523
 -2537
 -2503
 -2486
 -2476
 -2476
 -2476
 -2494
 -2466
 -2464
 -2467
 -2492
 -2494
 -2500
 -2495
 -2492
 -2510
 -2527
 -2516
 -2512
 -2519
 -2521
 -2515
 -2508
 -2506
 -2506
 -2507
 -2516
 -2500
 -2507
 -2502
 -2516
 -2517
 -2507
 -2506
 -2507
 -2494
 -2496
 -2500
 -2502
 -2461
 -2464
 -2453
 -2456
 -2467
 -2469
 -2471
 -2467
 -2468
 -2471
 -2466
 -2445
 -2460
 -2456
 -2458
 -2465
 -2475
 -2468
 -2473
 -2479
 -2477
 -2473
 -2474
 -2465
 -2469
 -2472
 -2487
 -2474
 -2476
 -2475
 -2490
 -2476
 -2479
 -2481
 -2503
 -2488
 -2496
 -2532
 -2520
 -2492
 -2509
 -2520
 -2547
 -2535
 -2528
 -2541
 -2555
 -2564
 -2561
 -2553
 -2572
 -2583
 -2572
 -2549
 -2562
 -2556
 -2559
 -2556
 -2566
 -2569
 -2568
 -2568
 -2571
 -2554
 -2565
 -2571
 -2555
 -2558
 -2551
 -2538
 -2541
 -2531
 -2503
 -2510
 -2531
 -2539
 -2538
 -2541
 -2542
 -2540
 -2533
 -2524
 -2526
 -2508
 -2513
 -2517
 -2519
 -2515
 -2491
 -2497
 -2462
 -2477
 -2480
 -2481
 -2476
 -2471
 -2459
 -2467
 -2433
 -2429
 -2432
 -2425
 -2420
 -2412
 -2404
 -2435
 -2429
 -2409
 -2410
 -2415
 -2416
 -2423
 -2434
 -2452
 -2450
 -2457
 -2470
 -2467
 -2473
 -2482
 -2488
 -2477
 -2437
 -2457
 -2454
 -2449
 -2452
 -2457
 -2464
 -2465
 -2465
 -2452
 -2437
 -2446
 -2474
 -2484
 -2477
 -2468
 -2473
 -2468
 -2491
 -2478
 -2476
 -2484
 -2488
 -2480
 -2478
 -2492
 -2488
 -2488
 -2483
 -2482
 -2459
 -2482
 -2469
 -2473
 -2466
 -2463
 -2466
 -2473
 -2470
 -2475
 -2471
 -2487
 -2481
 -2483
 -2485
 -2500
 -2525
 -2518
 -2504
 -2515
 -2512
 -2515
 -2514
 -2519
 -2522
 -2529
 -2533
 -2547
 -2542
 -2546
 -2544
 -2547
 -2543
 -2509
 -2532
 -2520
 -2511
 -2516
 -2503
 -2492
 -2478
 -2457
 -2468
 -2477
 -2475
 -2439
 -2444
 -2420
 -2409
 -2437
 -2424
 -2413
 -2437
 -2430
 -2437
 -2438
 -2419
 -2419
 -2401
 -2415
 -2428
 -2439
 -2448
 -2452
 -2459
 -2456
 -2460
 -2495
 -2507
 -2503
 -2505
 -2507
 -2502
 -2545
 -2545
 -2515
 -2514
 -2512
 -2515
 -2531
 -2540
 -2493
 -2476
 -2475
 -2466
 -2466
 -2467
 -2471
 -2469
 -2473
 -2479
 -2511
 -2507
 -2470
 -2484
 -2484
 -2479
 -2470
 -2486
 -2479
 -2479
 -2488
 -2486
 -2484
 -2490
 -2470
 -2485
 -2510
 -2493
 -2488
 -2494
 -2494
 -2486
 -2473
 -2508
 -2502
 -2504
 -2500
 -2496
 -2493
 -2484
 -2478
 -2477
 -2483
 -2517
 -2499
 -2504
 -2506
 -2487
 -2486
 -2508
 -2500
 -2507
 -2510
 -2514
 -2496
 -2491
 -2504
 -2509
 -2515
 -2514
 -2514
 -2515
 -2510
 -2518
 -2501
 -2528
 -2538
 -2532
 -2529
 -2533
 -2542
 -2559
 -2547
 -2595
 -2593
 -2595
 -2594
 -2598
 -2587
 -2577
 -2565
 -2584
 -2601
 -2607
 -2606
 -2612
 -2582
 -2582
 -2581
 -2608
 -2582
 -2592
 -2599
 -2601
 -2596
 -2620
 -2622
 -2645
 -2643
 -2646
 -2654
 -2654
 -2649
 -2630
 -2618
 -2626
 -2626
 -2622
 -2621
 -2624
 -2615
 -2626
 -2601
 -2602
 -2602
 -2594
 -2587
 -2582
 -2587
 -2563
 -2564
 -2575
 -2573
 -2574
 -2569
 -2569
 -2569
 -2571
 -2554
 -2563
 -2589
 -2585
 -2587
 -2586
 -2588
 -2578
 -2581
 -2558
 -2566
 -2586
 -2589
 -2568
 -2541
 -2554
 -2537
 -2510
 -2513
 -2516
 -2522
 -2526
 -2506
 -2515
 -2502
 -2513
 -2504
 -2511
 -2505
 -2519
 -2515
 -2520
 -2523
 -2522
 -2542
 -2544
 -2549
 -2550
 -2560
 -2551
 -2589
 -2577
 -2570
 -2574
 -2577
 -2574
 -2582
 -2593
 -2615
 -2617
 -2637
 -2636
 -2634
 -2633
 -2640
 -2637
 -2646
 -2645
 -2656
 -2645
 -2647
 -2650
 -2623
 -2610
 -2591
 -2585
 -2592
 -2587
 -2565
 -2553
 -2562
 -2553
 -2532
 -2531
 -2544
 -2567
 -2557
 -2568
 -2558
 -2563
 -2566
 -2552
 -2551
 -2566
 -2568
 -2564
 -2543
 -2525
 -2529
 -2519
 -2502
 -2485
 -2463
 -2444
 -2445
 -2423
 -2418
 -2426
 -2424
 -2415
 -2411
 -2410
 -2406
 -2424
 -2417
 -2416
 -2425
 -2432
 -2430
 -2423
 -2405
 -2416
 -2398
 -2393
 -2393
 -2405
 -2398
 -2401
 -2405
 -2429
 -2461
 -2458
 -2453
 -2459
 -2464
 -2463
 -2457
 -2454
 -2468
 -2483
 -2475
 -2465
 -2464
 -2466
 -2479
 -2476
 -2469
 -2463
 -2469
 -2467
 -2474
 -2476
 -2498
 -2521
 -2508
 -2504
 -2505
 -2505
 -2503
 -2501
 -2503
 -2511
 -2508
 -2486
 -2509
 -2509
 -2509
 -2512
 -2514
 -2505
 -2496
 -2485
 -2490
 -2477
 -2476
 -2469
 -2487
 -2461
 -2419
 -2410
 -2388
 -2384
 -2387
 -2381
 -2394
 -2373
 -2374
 -2405
 -2408
 -2415
 -2403
 -2416
 -2412
 -2413
 -2399
 -2394
 -2387
 -2374
 -2375
 -2394
 -2405
 -2383
 -2385
 -2404
 -2399
 -2391
 -2388
 -2380
 -2373
 -2386
 -2389
 -2373
 -2368
 -2375
 -2356
 -2369
 -2382
 -2398
 -2417
 -2404
 -2413
 -2421
 -2420
 -2421
 -2421
 -2432
 -2426
 -2426
 -2436
 -2437
 -2435
 -2437
 -2441
 -2437
 -2420
 -2405
 -2401
 -2413
 -2422
 -2448
 -2447
 -2447
 -2447
 -2454
 -2445
 -2439
 -2439
 -2439
 -2440
 -2439
 -2424
 -2407
 -2394
 -2407
 -2405
 -2406
 -2417
 -2413
 -2416
 -2408
 -2404
 -2400
 -2399
 -2394
 -2398
 -2405
 -2399
 -2389
 -2367
 -2376
 -2395
 -2390
 -2384
 -2402
 -2386
 -2388
 -2396
 -2392
 -2391
 -2396
 -2402
 -2415
 -2423
 -2433
 -2432
 -2420
 -2419
 -2420
 -2422
 -2453
 -2441
 -2405
 -2401
 -2413
 -2408
 -2407
 -2419
 -2444
 -2471
 -2491
 -2481
 -2476
 -2475
 -2475
 -2476
 -2499
 -2505
 -2519
 -2528
 -2540
 -2541
 -2530
 -2540
 -2533
 -2529
 -2541
 -2521
 -2505
 -2486
 -2479
 -2486
 -2497
 -2505
 -2505
 -2508
 -2503
 -2520
 -2524
 -2539
 -2531
 -2535
 -2545
 -2559
 -2547
 -2563
 -2563
 -2572
 -2576
 -2584
 -2559
 -2554
 -2555
 -2561
 -2562
 -2565
 -2562
 -2540
 -2553
 -2535
 -2531
 -2533
 -2535
 -2538
 -2543
 -2525
 -2503
 -2493
 -2480
 -2477
 -2471
 -2464
 -2450
 -2436
 -2475
 -2479
 -2474
 -2474
 -2475
 -2482
 -2468
 -2461
 -2456
 -2462
 -2470
 -2466
 -2470
 -2475
 -2497
 -2505
 -2504
 -2518
 -2511
 -2511
 -2510
 -2520
 -2527
 -2521
 -2525
 -2538
 -2536
 -2532
 -2517
 -2532
 -2517
 -2514
 -2500
 -2507
 -2513
 -2524
 -2519
 -2524
 -2528
 -2547
 -2524
 -2519
 -2526
 -2515
 -2523
 -2528
 -2530
 -2520
 -2518
 -2520
 -2522
 -2518
 -2518
 -2528
 -2515
 -2522
 -2514
 -2497
 -2496
 -2497
 -2498
 -2505
 -2512
 -2498
 -2515
 -2505
 -2528
 -2522
 -2539
 -2558
 -2530
 -2550
 -2586
 -2583
 -2583
 -2584
 -2585
 -2588
 -2580
 -2591
 -2570
 -2579
 -2581
 -2579
 -2572
 -2580
 -2584
 -2595
 -2597
 -2607
 -2624
 -2621
 -2621
 -2640
 -2622
 -2605
 -2618
 -2582
 -2588
 -2588
 -2591
 -2603
 -2602
 -2594
 -2585
 -2597
 -2585
 -2578
 -2579
 -2590
 -2578
 -2565
 -2592
 -2607
 -2598
 -2585
 -2586
 -2581
 -2564
 -2580
 -2601
 -2594
 -2582
 -2583
 -2581
 -2577
 -2577
 -2571
 -2560
 -2542
 -2520
 -2524
 -2518
 -2513
 -2530
 -2535
 -2528
 -2520
 -2508
 -2502
 -2513
 -2523
 -2525
 -2514
 -2510
 -2506
 -2496
 -2501
 -2495
 -2496
 -2509
 -2511
 -2532
 -2547
 -2548
 -2549
 -2546
 -2552
 -2557
 -2542
 -2564
 -2564
 -2553
 -2549
 -2548
 -2561
 -2576
 -2563
 -2566
 -2548
 -2540
 -2532
 -2523
 -2488
 -2503
 -2480
 -2452
 -2426
 -2425
 -2422
 -2446
 -2447
 -2455
 -2464
 -2473
 -2468
 -2460
 -2465
 -2468
 -2455
 -2458
 -2449
 -2442
 -2442
 -2442
 -2447
 -2447
 -2440
 -2435
 -2418
 -2426
 -2434
 -2446
 -2440
 -2416
 -2427
 -2420
 -2431
 -2418
 -2429
 -2407
 -2406
 -2405
 -2418
 -2428
 -2431
 -2441
 -2440
 -2436
 -2428
 -2435
 -2443
 -2446
 -2457
 -2464
 -2477
 -2479
 -2486
 -2501
 -2506
 -2505
 -2518
 -2507
 -2518
 -2523
 -2522
 -2522
 -2527
 -2523
 -2531
 -2534
 -2510
 -2519
 -2522
 -2527
 -2528
 -2519
 -2509
 -2506
 -2512
 -2506
 -2504
 -2503
 -2508
 -2518
 -2532
 -2509
 -2503
 -2511
 -2509
 -2509
 -2509
 -2514
 -2536
 -2524
 -2537
 -2536
 -2521
 -2520
 -2513
 -2515
 -2513
 -2517
 -2518
 -2519
 -2522
 -2518
 -2506
 -2518
 -2521
 -2541
 -2538
 -2547
 -2545
 -2544
 -2549
 -2560
 -2566
 -2571
 -2575
 -2577
 -2570
 -2565
 -2546
 -2553
 -2559
 -2570
 -2570
 -2572
 -2573
 -2587
 -2586
 -2582
 -2572
 -2575
 -2588
 -2594
 -2587
 -2591
 -2591
 -2567
 -2574
 -2566
 -2560
 -2551
 -2548
 -2548
 -2538
 -2541
 -2563
 -2552
 -2560
 -2556
 -2557
 -2562
 -2557
 -2557
 -2559
 -2564
 -2563
 -2556
 -2561
 -2549
 -2550
 -2528
 -2527
 -2506
 -2514
 -2517
 -2511
 -2512
 -2505
 -2490
 -2484
 -2476
 -2474
 -2472
 -2460
 -2457
 -2437
 -2442
 -2452
 -2448
 -2471
 -2471
 -2457
 -2451
 -2464
 -2433
 -2426
 -2455
 -2448
 -2439
 -2446
 -2436
 -2431
 -2411
 -2414
 -2421
 -2411
 -2427
 -2426
 -2419
 -2431
 -2433
 -2434
 -2418
 -2433
 -2437
 -2422
 -2408
 -2400
 -2406
 -2412
 -2417
 -2424
 -2447
 -2443
 -2445
 -2425
 -2432
 -2414
 -2419
 -2408
 -2398
 -2392
 -2390
 -2399
 -2410
 -2426
 -2434
 -2449
 -2453
 -2448
 -2443
 -2459
 -2447
 -2432
 -2431
 -2441
 -2441
 -2442
 -2445
 -2458
 -2465
 -2472
 -2454
 -2462
 -2462
 -2451
 -2441
 -2449
 -2454
 -2491
 -2492
 -2467
 -2477
 -2481
 -2474
 -2483
 -2479
 -2489
 -2512
 -2503
 -2513
 -2518
 -2520
 -2526
 -2535
 -2548
 -2541
 -2564
 -2572
 -2570
 -2572
 -2574
 -2548
 -2557
 -2555
 -2554
 -2530
 -2516
 -2528
 -2521
 -2511
 -2516
 -2524
 -2525
 -2526
 -2526
 -2524
 -2510
 -2499
 -2490
 -2487
 -2460
 -2457
 -2464
 -2455
 -2437
 -2441
 -2434
 -2424
 -2438
 -2432
 -2439
 -2439
 -2443
 -2436
 -2430
 -2455
 -2440
 -2436
 -2438
 -2441
 -2434
 -2426
 -2437
 -2450
 -2437
 -2427
 -2431
 -2430
 -2422
 -2415
 -2425
 -2422
 -2438
 -2436
 -2434
 -2430
 -2416
 -2410
 -2415
 -2403
 -2427
 -2449
 -2444
 -2444
 -2442
 -2428
 -2437
 -2458
 -2458
 -2461
 -2467
 -2461
 -2466
 -2456
 -2458
 -2468
 -2485
 -2488
 -2507
 -2504
 -2510
 -2524
 -2518
 -2526
 -2522
 -2519
 -2521
 -2519
 -2521
 -2510
 -2516
 -2500
 -2481
 -2480
 -2478
 -2474
 -2476
 -2497
 -2524
 -2534
 -2537
 -2534
 -2533
 -2533
 -2535
 -2540
 -2531
 -2539
 -2546
 -2531
 -2530
 -2530
 -2538
 -2538
 -2539
 -2552
 -2567
 -2556
 -2540
 -2537
 -2533
 -2514
 -2529
 -2527
 -2502
 -2488
 -2501
 -2491
 -2474
 -2463
 -2447
 -2436
 -2432
 -2424
 -2422
 -2415
 -2432
 -2413
 -2395
 -2382
 -2397
 -2401
 -2402
 -2402
 -2410
 -2399
 -2394
 -2402
 -2375
 -2369
 -2383
 -2376
 -2370
 -2374
 -2381
 -2397
 -2409
 -2407
 -2437
 -2432
 -2423
 -2426
 -2427
 -2434
 -2432
 -2447
 -2449
 -2451
 -2442
 -2448
 -2472
 -2484
 -2478
 -2479
 -2480
 -2480
 -2478
 -2469
 -2494
 -2499
 -2481
 -2460
 -2479
 -2490
 -2483
 -2498
 -2475
 -2448
 -2446
 -2439
 -2439
 -2447
 -2444
 -2451
 -2448
 -2457
 -2456
 -2455
 -2454
 -2450
 -2451
 -2456
 -2455
 -2451
 -2460
 -2466
 -2461
 -2463
 -2469
 -2473
 -2504
 -2509
 -2494
 -2500
 -2509
 -2495
 -2496
 -2496
 -2505
 -2511
 -2515
 -2521
 -2526
 -2527
 -2516
 -2520
 -2531
 -2528
 -2535
 -2560
 -2543
 -2543
 -2543
 -2552
 -2561
 -2563
 -2559
 -2557
 -2557
 -2561
 -2564
 -2567
 -2582
 -2590
 -2585
 -2576
 -2581
 -2581
 -2588
 -2575
 -2578
 -2581
 -2598
 -2596
 -2590
 -2590
 -2581
 -2586
 -2581
 -2586
 -2591
 -2572
 -2568
 -2573
 -2571
 -2565
 -2571
 -2560
 -2554
 -2544
 -2536
 -2520
 -2501
 -2491
 -2492
 -2483
 -2500
 -2488
 -2492
 -2487
 -2491
 -2496
 -2499
 -2491
 -2484
 -2475
 -2473
 -2472
 -2460
 -2458
 -2443
 -2456
 -2460
 -2463
 -2461
 -2461
 -2457
 -2458
 -2453
 -2454
 -2453
 -2456
 -2457
 -2457
 -2445
 -2446
 -2433
 -2434
 -2419
 -2428
 -2419
 -2420
 -2435
 -2422
 -2429
 -2437
 -2430
 -2410
 -2399
 -2410
 -2398
 -2400
 -2399
 -2399
 -2413
 -2421
 -2409
 -2407
 -2409
 -2415
 -2404
 -2426
 -2414
 -2420
 -2436
 -2453
 -2449
 -2443
 -2418
 -2410
 -2403
 -2398
 -2394
 -2395
 -2395
 -2403
 -2385
 -2387
 -2370
 -2356
 -2357
 -2358
 -2365
 -2346
 -2346
 -2333
 -2339
 -2342
 -2343
 -2345
 -2341
 -2347
 -2323
 -2331
 -2316
 -2318
 -2322
 -2326
 -2334
 -2330
 -2331
 -2331
 -2340
 -2340
 -2340
 -2332
 -2321
 -2333
 -2324
 -2338
 -2326
 -2328
 -2345
 -2345
 -2347
 -2368
 -2374
 -2364
 -2369
 -2373
 -2381
 -2382
 -2374
 -2369
 -2371
 -2382
 -2395
 -2382
 -2379
 -2378
 -2379
 -2384
 -2396
 -2403
 -2413
 -2422
 -2435
 -2443
 -2431
 -2414
 -2392
 -2392
 -2426
 -2436
 -2436
 -2434
 -2437
 -2430
 -2432
 -2420
 -2428
 -2427
 -2419
 -2433
 -2431
 -2436
 -2441
 -2445
 -2439
 -2446
 -2447
 -2445
 -2446
 -2441
 -2439
 -2449
 -2452
 -2450
 -2448
 -2449
 -2451
 -2461
 -2460
 -2481
 -2480
 -2481
 -2482
 -2483
 -2470
 -2483
 -2485
 -2505
 -2503
 -2507
 -2510
 -2509
 -2509
 -2477
 -2471
 -2463
 -2473
 -2460
 -2464
 -2462
 -2461
 -2457
 -2471
 -2472
 -2482
 -2484
 -2485
 -2488
 -2479
 -2483
 -2473
 -2483
 -2485
 -2476
 -2476
 -2494
 -2495
 -2487
 -2501
 -2508
 -2509
 -2513
 -2514
 -2517
 -2521
 -2503
 -2497
 -2472
 -2467
 -2466
 -2468
 -2458
 -2453
 -2458
 -2450
 -2461
 -2427
 -2411
 -2406
 -2408
 -2405
 -2425
 -2394
 -2395
 -2397
 -2390
 -2391
 -2386
 -2392
 -2391
 -2390
 -2382
 -2382
 -2382
 -2387
 -2384
 -2385
 -2378
 -2381
 -2367
 -2377
 -2360
 -2352
 -2363
 -2357
 -2353
 -2355
 -2356
 -2353
 -2352
 -2345
 -2357
 -2363
 -2364
 -2359
 -2369
 -2367
 -2379
 -2383
 -2374
 -2386
 -2394
 -2442
 -2443
 -2441
 -2446
 -2447
 -2446
 -2452
 -2446
 -2454
 -2456
 -2462
 -2470
 -2471
 -2472
 -2474
 -2481
 -2471
 -2491
 -2501
 -2487
 -2493
 -2489
 -2481
 -2474
 -2475
 -2462
 -2464
 -2479
 -2469
 -2466
 -2462
 -2461
 -2466
 -2474
 -2466
 -2470
 -2472
 -2471
 -2475
 -2471
 -2458
 -2463
 -2472
 -2480
 -2481
 -2480
 -2470
 -2472
 -2480
 -2495
 -2511
 -2518
 -2519
 -2518
 -2533
 -2529
 -2539
 -2531
 -2500
 -2490
 -2466
 -2464
 -2466
 -2444
 -2455
 -2433
 -2436
 -2427
 -2435
 -2444
 -2440
 -2443
 -2451
 -2455
 -2442
 -2450
 -2460
 -2469
 -2467
 -2456
 -2455
 -2448
 -2440
 -2435
 -2435
 -2435
 -2434
 -2433
 -2419
 -2432
 -2445
 -2451
 -2444
 -2450
 -2448
 -2441
 -2439
 -2451
 -2442
 -2435
 -2436
 -2438
 -2426
 -2441
 -2441
 -2427
 -2418
 -2426
 -2428
 -2419
 -2437
 -2427
 -2419
 -2419
 -2404
 -2412
 -2403
 -2404
 -2410
 -2416
 -2419
 -2395
 -2405
 -2406
 -2407
 -2413
 -2420
 -2409
 -2404
 -2411
 -2395
 -2383
 -2380
 -2383
 -2369
 -2368
 -2366
 -2365
 -2373
 -2370
 -2369
 -2377
 -2375
 -2394
 -2388
 -2385
 -2381
 -2378
 -2377
 -2377
 -2368
 -2350
 -2343
 -2351
 -2348
 -2350
 -2364
 -2346
 -2359
 -2361
 -2369
 -2349
 -2340
 -2335
 -2342
 -2341
 -2334
 -2321
 -2306
 -2307
 -2305
 -2309
 -2300
 -2311
 -2310
 -2310
 -2308
 -2322
 -2333
 -2348
 -2341
 -2339
 -2340
 -2343
 -2339
 -2321
 -2334
 -2337
 -2338
 -2339
 -2341
 -2362
 -2353
 -2350
 -2342
 -2345
 -2341
 -2339
 -2335
 -2323
 -2317
 -2322
 -2319
 -2319
 -2325
 -2321
 -2310
 -2299
 -2304
 -2321
 -2328
 -2327
 -2325
 -2325
 -2318
 -2309
 -2330
 -2319
 -2307
 -2308
 -2309
 -2311
 -2319
 -2323
 -2348
 -2375
 -2377
 -2383
 -2382
 -2384
 -2383
 -2386
 -2363
 -2355
 -2355
 -2349
 -2350
 -2347
 -2343
 -2328
 -2290
 -2296
 -2303
 -2307
 -2307
 -2312
 -2312
 -2315
 -2318
 -2324
 -2334
 -2334
 -2344
 -2347
 -2352
 -2356
 -2371
 -2380
 -2362
 -2372
 -2374
 -2376
 -2379
 -2386
 -2392
 -2377
 -2374
 -2354
 -2353
 -2349
 -2352
 -2351
 -2343
 -2371
 -2377
 -2373
 -2376
 -2379
 -2383
 -2381
 -2375
 -2387
 -2401
 -2400
 -2401
 -2401
 -2408
 -2418
 -2429
 -2418
 -2411
 -2407
 -2406
 -2408
 -2408
 -2420
 -2417
 -2424
 -2424
 -2421
 -2424
 -2421
 -2428
 -2424
 -2431
 -2420
 -2408
 -2407
 -2409
 -2407
 -2406
 -2403
 -2398
 -2394
 -2388
 -2384
 -2389
 -2381
 -2371
 -2379
 -2373
 -2372
 -2378
 -2381
 -2378
 -2377
 -2375
 -2383
 -2399
 -2407
 -2399
 -2394
 -2394
 -2397
 -2401
 -2412
 -2411
 -2439
 -2437
 -2431
 -2418
 -2423
 -2412
 -2419
 -2429
 -2432
 -2442
 -2439
 -2443
 -2447
 -2463
 -2451
 -2442
 -2433
 -2429
 -2424
 -2426
 -2429
 -2424
 -2400
 -2404
 -2413
 -2421
 -2395
 -2385
 -2395
 -2410
 -2402
 -2414
 -2422
 -2432
 -2429
 -2430
 -2431
 -2432
 -2434
 -2440
 -2435
 -2432
 -2420
 -2423
 -2431
 -2430
 -2430
 -2422
 -2422
 -2415
 -2417
 -2412
 -2414
 -2413
 -2408
 -2409
 -2412
 -2404
 -2389
 -2387
 -2387
 -2388
 -2387
 -2392
 -2407
 -2374
 -2361
 -2365
 -2365
 -2364
 -2358
 -2349
 -2348
 -2348
 -2346
 -2335
 -2334
 -2330
 -2326
 -2337
 -2325
 -2319
 -2317
 -2318
 -2315
 -2328
 -2307
 -2322
 -2326
 -2312
 -2320
 -2315
 -2318
 -2321
 -2325
 -2330
 -2327
 -2315
 -2315
 -2316
 -2331
 -2351
 -2345
 -2348
 -2358
 -2371
 -2371
 -2368
 -2367
 -2365
 -2363
 -2376
 -2390
 -2384
 -2385
 -2385
 -2387
 -2390
 -2398
 -2392
 -2401
 -2407
 -2406
 -2400
 -2417
 -2425
 -2422
 -2424
 -2425
 -2407
 -2417
 -2410
 -2403
 -2409
 -2407
 -2407
 -2410
 -2412
 -2418
 -2413
 -2412
 -2405
 -2413
 -2417
 -2411
 -2419
 -2423
 -2422
 -2419
 -2421
 -2420
 -2434
 -2420
 -2419
 -2419
 -2416
 -2413
 -2397
 -2403
 -2367
 -2358
 -2362
 -2367
 -2363
 -2365
 -2381
 -2379
 -2381
 -2381
 -2386
 -2380
 -2381
 -2380
 -2371
 -2373
 -2379
 -2399
 -2415
 -2421
 -2421
 -2435
 -2422
 -2416
 -2415
 -2422
 -2412
 -2422
 -2416
 -2424
 -2421
 -2416
 -2406
 -2407
 -2413
 -2415
 -2415
 -2413
 -2402
 -2418
 -2407
 -2398
 -2397
 -2403
 -2403
 -2405
 -2413
 -2414
 -2412
 -2397
 -2382
 -2382
 -2396
 -2401
 -2392
 -2383
 -2357
 -2366
 -2379
 -2373
 -2377
 -2373
 -2364
 -2344
 -2346
 -2342
 -2345
 -2345
 -2339
 -2341
 -2332
 -2358
 -2367
 -2380
 -2392
 -2407
 -2408
 -2417
 -2408
 -2402
 -2416
 -2418
 -2406
 -2392
 -2390
 -2392
 -2394
 -2386
 -2384
 -2388
 -2398
 -2399
 -2393
 -2404
 -2396
 -2390
 -2381
 -2383
 -2400
 -2390
 -2392
 -2394
 -2393
 -2388
 -2384
 -2399
 -2395
 -2402
 -2404
 -2391
 -2390
 -2395
 -2393
 -2385
 -2374
 -2375
 -2377
 -2377
 -2375
 -2378
 -2372
 -2358
 -2373
 -2378
 -2378
 -2374
 -2373
 -2373
 -2378
 -2393
 -2401
 -2396
 -2386
 -2377
 -2380
 -2366
 -2353
 -2358
 -2353
 -2364
 -2367
 -2372
 -2372
 -2373
 -2354
 -2356
 -2355
 -2335
 -2335
 -2339
 -2346
 -2358
 -2349
 -2326
 -2332
 -2330
 -2317
 -2303
 -2308
 -2328
 -2355
 -2346
 -2350
 -2351
 -2353
 -2351
 -2357
 -2358
 -2361
 -2368
 -2368
 -2369
 -2369
 -2362
 -2358
 -2349
 -2339
 -2349
 -2341
 -2339
 -2338
 -2334
 -2344
 -2343
 -2336
 -2314
 -2296
 -2289
 -2288
 -2288
 -2291
 -2290
 -2292
 -2302
 -2295
 -2299
 -2307
 -2309
 -2286
 -2280
 -2284
 -2278
 -2295
 -2295
 -2290
 -2297
 -2304
 -2309
 -2318
 -2321
 -2327
 -2334
 -2332
 -2334
 -2330
 -2322
 -2302
 -2321
 -2329
 -2322
 -2316
 -2324
 -2326
 -2330
 -2322
 -2308
 -2322
 -2328
 -2329
 -2329
 -2325
 -2317
 -2317
 -2310
 -2298
 -2302
 -2304
 -2297
 -2297
 -2293
 -2293
 -2280
 -2278
 -2286
 -2285
 -2283
 -2295
 -2280
 -2280
 -2281
 -2290
 -2296
 -2297
 -2299
 -2300
 -2292
 -2307
 -2329
 -2342
 -2338
 -2335
 -2333
 -2333
 -2340
 -2339
 -2342
 -2336
 -2332
 -2335
 -2334
 -2338
 -2334
 -2341
 -2338
 -2342
 -2345
 -2339
 -2348
 -2338
 -2350
 -2351
 -2356
 -2351
 -2352
 -2351
 -2350
 -2353
 -2341
 -2337
 -2304
 -2307
 -2302
 -2303
 -2303
 -2296
 -2282
 -2275
 -2270
 -2223
 -2225
 -2225
 -2223
 -2220
 -2220
 -2236
 -2239
 -2252
 -2254
 -2259
 -2261
 -2259
 -2269
 -2252
 -2228
 -2238
 -2231
 -2234
 -2237
 -2243
 -2244
 -2251
 -2227
 -2229
 -2223
 -2216
 -2215
 -2211
 -2213
 -2242
 -2257
 -2265
 -2269
 -2268
 -2261
 -2262
 -2250
 -2240
 -2253
 -2262
 -2268
 -2266
 -2276
 -2290
 -2292
 -2285
 -2302
 -2306
 -2318
 -2320
 -2320
 -2328
 -2327
 -2324
 -2315
 -2319
 -2304
 -2308
 -2311
 -2311
 -2316
 -2312
 -2311
 -2319
 -2316
 -2326
 -2335
 -2304
 -2309
 -2304
 -2325
 -2331
 -2331
 -2338
 -2346
 -2358
 -2373
 -2382
 -2380
 -2375
 -2381
 -2382
 -2386
 -2389
 -2404
 -2390
 -2391
 -2390
 -2388
 -2386
 -2386
 -2382
 -2374
 -2378
 -2386
 -2381
 -2391
 -2392
 -2390
 -2381
 -2384
 -2362
 -2361
 -2369
 -2361
 -2359
 -2359
 -2360
 -2363
 -2378
 -2381
 -2376
 -2374
 -2380
 -2370
 -2369
 -2366
 -2354
 -2345
 -2342
 -2348
 -2349
 -2350
 -2359
 -2349
 -2339
 -2338
 -2337
 -2314
 -2320
 -2305
 -2291
 -2284
 -2283
 -2279
 -2269
 -2268
 -2272
 -2274
 -2272
 -2279
 -2292
 -2291
 -2306
 -2301
 -2301
 -2301
 -2302
 -2310
 -2309
 -2317
 -2328
 -2325
 -2332
 -2324
 -2328
 -2327
 -2332
 -2332
 -2334
 -2337
 -2337
 -2339
 -2337
 -2338
 -2340
 -2314
 -2312
 -2308
 -2312
 -2309
 -2316
 -2322
 -2327
 -2334
 -2335
 -2323
 -2334
 -2332
 -2327
 -2323
 -2335
 -2334
 -2321
 -2322
 -2330
 -2334
 -2333
 -2321
 -2316
 -2323
 -2331
 -2329
 -2328
 -2324
 -2341
 -2346
 -2325
 -2319
 -2317
 -2317
 -2316
 -2314
 -2306
 -2320
 -2322
 -2331
 -2340
 -2347
 -2347
 -2347
 -2339
 -2331
 -2338
 -2331
 -2320
 -2323
 -2298
 -2295
 -2301
 -2305
 -2306
 -2313
 -2310
 -2317
 -2307
 -2318
 -2315
 -2323
 -2328
 -2330
 -2346
 -2348
 -2361
 -2363
 -2363
 -2368
 -2373
 -2371
 -2368
 -2378
 -2381
 -2391
 -2391
 -2389
 -2378
 -2371
 -2384
 -2394
 -2400
 -2405
 -2412
 -2386
 -2386
 -2369
 -2370
 -2371
 -2372
 -2369
 -2346
 -2343
 -2341
 -2335
 -2318
 -2316
 -2322
 -2326
 -2341
 -2342
 -2348
 -2364
 -2357
 -2366
 -2362
 -2373
 -2369
 -2377
 -2382
 -2361
 -2355
 -2348
 -2343
 -2328
 -2330
 -2324
 -2327
 -2333
 -2333
 -2318
 -2328
 -2333
 -2337
 -2343
 -2344
 -2327
 -2299
 -2295
 -2286
 -2278
 -2278
 -2267
 -2273
 -2270
 -2272
 -2273
 -2265
 -2275
 -2284
 -2281
 -2292
 -2306
 -2303
 -2299
 -2307
 -2305
 -2291
 -2286
 -2283
 -2284
 -2283
 -2284
 -2285
 -2279
 -2292
 -2298
 -2290
 -2300
 -2307
 -2307
 -2297
 -2296
 -2310
 -2317
 -2325
 -2319
 -2317
 -2322
 -2321
 -2335
 -2348
 -2351
 -2357
 -2363
 -2364
 -2362
 -2363
 -2365
 -2355
 -2373
 -2360
 -2367
 -2365
 -2369
 -2368
 -2371
 -2372
 -2380
 -2383
 -2381
 -2380
 -2382
 -2382
 -2382
 -2391
 -2397
 -2405
 -2403
 -2403
 -2414
 -2419
 -2426
 -2419
 -2426
 -2391
 -2390
 -2379
 -2358
 -2345
 -2344
 -2335
 -2321
 -2309
 -2307
 -2294
 -2282
 -2284
 -2288
 -2294
 -2286
 -2276
 -2271
 -2263
 -2264
 -2264
 -2261
 -2261
 -2255
 -2251
 -2248
 -2254
 -2252
 -2258
 -2250
 -2265
 -2270
 -2282
 -2273
 -2262
 -2258
 -2262
 -2274
 -2287
 -2287
 -2296
 -2311
 -2299
 -2295
 -2296
 -2298
 -2305
 -2321
 -2318
 -2322
 -2333
 -2339
 -2342
 -2346
 -2352
 -2362
 -2358
 -2362
 -2356
 -2364
 -2364
 -2377
 -2377
 -2375
 -2363
 -2360
 -2358
 -2361
 -2358
 -2351
 -2350
 -2309
 -2316
 -2325
 -2320
 -2318
 -2306
 -2304
 -2294
 -2270
 -2265
 -2257
 -2228
 -2214
 -2213
 -2209
 -2208
 -2211
 -2231
 -2244
 -2233
 -2237
 -2237
 -2235
 -2235
 -2235
 -2220
 -2232
 -2229
 -2222
 -2219
 -2219
 -2218
 -2212
 -2210
 -2212
 -2220
 -2219
 -2219
 -2221
 -2231
 -2239
 -2233
 -2236
 -2240
 -2230
 -2235
 -2232
 -2238
 -2247
 -2249
 -2254
 -2257
 -2257
 -2256
 -2259
 -2259
 -2264
 -2255
 -2272
 -2269
 -2260
 -2251
 -2262
 -2252
 -2248
 -2248
 -2253
 -2263
 -2261
 -2264
 -2265
 -2272
 -2271
 -2274
 -2269
 -2271
 -2281
 -2282
 -2286
 -2275
 -2285
 -2272
 -2266
 -2259
 -2248
 -2254
 -2250
 -2257
 -2263
 -2288
 -2284
 -2289
 -2288
 -2285
 -2282
 -2283
 -2273
 -2262
 -2228
 -2233
 -2225
 -2222
 -2209
 -2206
 -2206
 -2202
 -2222
 -2216
 -2203
 -2198
 -2200
 -2216
 -2221
 -2221
 -2219
 -2234
 -2234
 -2232
 -2229
 -2226
 -2204
 -2191
 -2196
 -2201
 -2205
 -2208
 -2201
 -2189
 -2176
 -2172
 -2162
 -2161
 -2153
 -2152
 -2163
 -2168
 -2180
 -2177
 -2193
 -2203
 -2210
 -2210
 -2206
 -2209
 -2220
 -2199
 -2221
 -2212
 -2214
 -2216
 -2217
 -2227
 -2228
 -2244
 -2244
 -2255
 -2256
 -2250
 -2250
 -2252
 -2251
 -2258
 -2256
 -2256
 -2250
 -2253
 -2253
 -2252
 -2248
 -2239
 -2236
 -2221
 -2218
 -2223
 -2224
 -2223
 -2239
 -2253
 -2248
 -2260
 -2268
 -2269
 -2268
 -2265
 -2272
 -2275
 -2280
 -2262
 -2261
 -2267
 -2259
 -2260
 -2268
 -2277
 -2273
 -2275
 -2277
 -2276
 -2277
 -2280
 -2266
 -2262
 -2285
 -2291
 -2295
 -2298
 -2300
 -2299
 -2295
 -2286
 -2299
 -2298
 -2297
 -2294
 -2295
 -2292
 -2293
 -2304
 -2297
 -2307
 -2312
 -2319
 -2310
 -2311
 -2288
 -2286
 -2286
 -2288
 -2285
 -2278
 -2280
 -2282
 -2295
 -2282
 -2294
 -2298
 -2305
 -2301
 -2300
 -2296
 -2300
 -2296
 -2300
 -2309
 -2311
 -2311
 -2314
 -2310
 -2289
 -2289
 -2285
 -2274
 -2275
 -2273
 -2270
 -2268
 -2272
 -2270
 -2272
 -2258
 -2260
 -2259
 -2261
 -2266
 -2273
 -2272
 -2279
 -2282
 -2290
 -2293
 -2294
 -2297
 -2302
 -2299
 -2307
 -2306
 -2294
 -2299
 -2292
 -2303
 -2292
 -2302
 -2315
 -2316
 -2312
 -2318
 -2318
 -2317
 -2309
 -2295
 -2315
 -2318
 -2316
 -2312
 -2312
 -2315
 -2316
 -2317
 -2324
 -2327
 -2305
 -2311
 -2306
 -2310
 -2311
 -2301
 -2301
 -2311
 -2310
 -2309
 -2309
 -2302
 -2298
 -2297
 -2288
 -2296
 -2305
 -2315
 -2315
 -2311
 -2308
 -2301
 -2308
 -2307
 -2301
 -2305
 -2302
 -2321
 -2334
 -2327
 -2328
 -2333
 -2344
 -2340
 -2341
 -2338
 -2345
 -2361
 -2366
 -2374
 -2374
 -2375
 -2374
 -2378
 -2380
 -2397
 -2399
 -2411
 -2418
 -2417
 -2418
 -2416
 -2401
 -2419
 -2411
 -2424
 -2425
 -2422
 -2428
 -2430
 -2434
 -2428
 -2433
 -2427
 -2437
 -2451
 -2459
 -2452
 -2441
 -2430
 -2416
 -2391
 -2385
 -2375
 -2369
 -2370
 -2364
 -2362
 -2345
 -2343
 -2349
 -2343
 -2342
 -2337
 -2337
 -2336
 -2329
 -2325
 -2323
 -2326
 -2327
 -2331
 -2322
 -2317
 -2299
 -2296
 -2286
 -2288
 -2275
 -2274
 -2270
 -2266
 -2278
 -2277
 -2284
 -2279
 -2278
 -2283
 -2274
 -2274
 -2277
 -2281
 -2286
 -2288
 -2288
 -2283
 -2274
 -2262
 -2268
 -2256
 -2251
 -2249
 -2257
 -2253
 -2257
 -2254
 -2259
 -2263
 -2263
 -2263
 -2264
 -2256
 -2248
 -2263
 -2272
 -2270
 -2264
 -2260
 -2255
 -2231
 -2211
 -2207
 -2221
 -2212
 -2206
 -2193
 -2183
 -2185
 -2199
 -2197
 -2192
 -2200
 -2199
 -2196
 -2197
 -2181
 -2186
 -2185
 -2167
 -2154
 -2153
 -2150
 -2149
 -2151
 -2155
 -2157
 -2170
 -2149
 -2152
 -2140
 -2144
 -2162
 -2152
 -2159
 -2149
 -2146
 -2144
 -2150
 -2152
 -2161
 -2158
 -2162
 -2162
 -2138
 -2133
 -2137
 -2127
 -2133
 -2130
 -2133
 -2134
 -2138
 -2140
 -2141
 -2143
 -2150
 -2149
 -2151
 -2157
 -2163
 -2167
 -2168
 -2175
 -2184
 -2173
 -2182
 -2191
 -2196
 -2205
 -2204
 -2213
 -2221
 -2228
 -2230
 -2238
 -2238
 -2243
 -2245
 -2245
 -2254
 -2250
 -2242
 -2248
 -2259
 -2265
 -2262
 -2272
 -2283
 -2282
 -2289
 -2300
 -2295
 -2296
 -2292
 -2301
 -2307
 -2300
 -2289
 -2294
 -2295
 -2283
 -2283
 -2280
 -2261
 -2248
 -2245
 -2246
 -2237
 -2237
 -2232
 -2225
 -2224
 -2220
 -2230
 -2232
 -2228
 -2245
 -2241
 -2241
 -2233
 -2233
 -2217
 -2208
 -2209
 -2206
 -2211
 -2210
 -2204
 -2209
 -2203
 -2216
 -2227
 -2230
 -2228
 -2220
 -2219
 -2218
 -2206
 -2203
 -2196
 -2200
 -2203
 -2202
 -2199
 -2198
 -2168
 -2165
 -2161
 -2168
 -2167
 -2169
 -2172
 -2175
 -2172
 -2173
 -2183
 -2190
 -2189
 -2192
 -2187
 -2190
 -2198
 -2197
 -2196
 -2185
 -2179
 -2193
 -2184
 -2191
 -2193
 -2213
 -2213
 -2214
 -2215
 -2211
 -2203
 -2205
 -2215
 -2203
 -2206
 -2206
 -2209
 -2201
 -2217
 -2231
 -2230
 -2234
 -2235
 -2232
 -2232
 -2245
 -2244
 -2243
 -2253
 -2253
 -2261
 -2259
 -2259
 -2255
 -2263
 -2264
 -2250
 -2267
 -2261
 -2265
 -2261
 -2260
 -2263
 -2261
 -2272
 -2274
 -2280
 -2281
 -2285
 -2284
 -2281
 -2284
 -2281
 -2287
 -2289
 -2292
 -2290
 -2280
 -2278
 -2279
 -2287
 -2283
 -2274
 -2274
 -2280
 -2275
 -2280
 -2282
 -2296
 -2302
 -2306
 -2303
 -2305
 -2302
 -2306
 -2310
 -2322
 -2319
 -2331
 -2328
 -2321
 -2322
 -2327
 -2322
 -2317
 -2310
 -2306
 -2297
 -2297
 -2297
 -2300
 -2283
 -2285
 -2273
 -2279
 -2279
 -2280
 -2272
 -2275
 -2277
 -2282
 -2279
 -2275
 -2288
 -2295
 -2291
 -2308
 -2300
 -2292
 -2292
 -2276
 -2274
 -2271
 -2272
 -2273
 -2255
 -2246
 -2216
 -2209
 -2215
 -2218
 -2225
 -2226
 -2229
 -2237
 -2232
 -2236
 -2242
 -2246
 -2245
 -2237
 -2225
 -2232
 -2217
 -2217
 -2215
 -2217
 -2219
 -2225
 -2235
 -2234
 -2226
 -2239
 -2242
 -2241
 -2252
 -2247
 -2238
 -2235
 -2236
 -2241
 -2245
 -2240
 -2242
 -2241
 -2243
 -2254
 -2256
 -2267
 -2268
 -2269
 -2264
 -2264
 -2265
 -2252
 -2264
 -2257
 -2261
 -2257
 -2260
 -2262
 -2265
 -2279
 -2293
 -2295
 -2287
 -2284
 -2287
 -2283
 -2290
 -2288
 -2282
 -2280
 -2277
 -2278
 -2278
 -2265
 -2253
 -2238
 -2231
 -2221
 -2225
 -2226
 -2226
 -2223
 -2220
 -2210
 -2210
 -2198
 -2195
 -2196
 -2197
 -2197
 -2208
 -2199
 -2208
 -2209
 -2207
 -2211
 -2219
 -2232
 -2237
 -2229
 -2224
 -2226
 -2237
 -2244
 -2242
 -2243
 -2254
 -2249
 -2262
 -2263
 -2258
 -2252
 -2258
 -2266
 -2267
 -2282
 -2288
 -2295
 -2298
 -2292
 -2292
 -2276
 -2278
 -2259
 -2268
 -2269
 -2265
 -2262
 -2261
 -2251
 -2251
 -2253
 -2233
 -2224
 -2220
 -2222
 -2225
 -2231
 -2237
 -2245
 -2255
 -2242
 -2244
 -2244
 -2242
 -2237
 -2243
 -2240
 -2242
 -2244
 -2247
 -2247
 -2248
 -2247
 -2266
 -2277
 -2279
 -2280
 -2275
 -2275
 -2275
 -2259
 -2251
 -2249
 -2242
 -2232
 -2228
 -2224
 -2226
 -2218
 -2216
 -2201
 -2180
 -2188
 -2194
 -2196
 -2194
 -2193
 -2177
 -2177
 -2158
 -2154
 -2158
 -2159
 -2158
 -2164
 -2171
 -2164
 -2173
 -2181
 -2185
 -2185
 -2179
 -2169
 -2154
 -2139
 -2144
 -2164
 -2171
 -2176
 -2176
 -2183
 -2171
 -2187
 -2181
 -2188
 -2185
 -2181
 -2175
 -2185
 -2187
 -2184
 -2186
 -2179
 -2176
 -2180
 -2169
 -2153
 -2152
 -2140
 -2130
 -2132
 -2120
 -2118
 -2119
 -2110
 -2109
 -2115
 -2120
 -2133
 -2122
 -2120
 -2122
 -2116
 -2122
 -2137
 -2142
 -2139
 -2149
 -2151
 -2152
 -2152
 -2160
 -2166
 -2174
 -2177
 -2184
 -2184
 -2191
 -2190
 -2185
 -2187
 -2190
 -2189
 -2183
 -2186
 -2181
 -2170
 -2178
 -2171
 -2157
 -2152
 -2159
 -2158
 -2158
 -2165
 -2170
 -2171
 -2183
 -2179
 -2176
 -2176
 -2177
 -2177
 -2186
 -2187
 -2195
 -2194
 -2196
 -2206
 -2207
 -2216
 -2212
 -2194
 -2190
 -2185
 -2181
 -2177
 -2177
 -2177
 -2182
 -2169
 -2168
 -2163
 -2163
 -2157
 -2157
 -2160
 -2160
 -2154
 -2164
 -2164
 -2160
 -2155
 -2154
 -2157
 -2146
 -2132
 -2124
 -2129
 -2117
 -2122
 -2119
 -2117
 -2110
 -2111
 -2105
 -2108
 -2112
 -2111
 -2115
 -2121
 -2124
 -2121
 -2123
 -2136
 -2150
 -2149
 -2150
 -2151
 -2155
 -2158
 -2147
 -2154
 -2160
 -2155
 -2159
 -2157
 -2156
 -2154
 -2162
 -2162
 -2168
 -2170
 -2172
 -2183
 -2191
 -2199
 -2207
 -2212
 -2216
 -2208
 -2200
 -2197
 -2199
 -2210
 -2217
 -2217
 -2217
 -2225
 -2232
 -2241
 -2238
 -2228
 -2233
 -2233
 -2234
 -2236
 -2245
 -2240
 -2244
 -2241
 -2233
 -2241
 -2237
 -2239
 -2239
 -2238
 -2234
 -2235
 -2240
 -2240
 -2245
 -2249
 -2251
 -2261
 -2258
 -2255
 -2276
 -2272
 -2266
 -2263
 -2264
 -2264
 -2267
 -2264
 -2257
 -2246
 -2250
 -2253
 -2252
 -2246
 -2233
 -2227
 -2220
 -2227
 -2224
 -2223
 -2221
 -2230
 -2242
 -2238
 -2235
 -2238
 -2238
 -2239
 -2234
 -2239
 -2233
 -2227
 -2220
 -2203
 -2197
 -2193
 -2195
 -2198
 -2198
 -2213
 -2224
 -2230
 -2242
 -2238
 -2251
 -2254
 -2261
 -2250
 -2257
 -2253
 -2255
 -2257
 -2256
 -2253
 -2255
 -2264
 -2244
 -2239
 -2240
 -2236
 -2235
 -2237
 -2247
 -2252
 -2254
 -2258
 -2257
 -2254
 -2252
 -2245
 -2238
 -2232
 -2214
 -2200
 -2197
 -2199
 -2208
 -2207
 -2216
 -2225
 -2221
 -2228
 -2236
 -2229
 -2230
 -2233
 -2232
 -2224
 -2208
 -2202
 -2193
 -2194
 -2195
 -2193
 -2193
 -2208
 -2206
 -2202
 -2196
 -2197
 -2199
 -2202
 -2203
 -2209
 -2218
 -2217
 -2213
 -2216
 -2217
 -2222
 -2227
 -2228
 -2236
 -2222
 -2224
 -2223
 -2219
 -2223
 -2222
 -2239
 -2235
 -2221
 -2220
 -2212
 -2216
 -2214
 -2205
 -2203
 -2209
 -2189
 -2194
 -2199
 -2197
 -2205
 -2197
 -2178
 -2169
 -2169
 -2161
 -2145
 -2139
 -2138
 -2144
 -2145
 -2146
 -2147
 -2155
 -2145
 -2138
 -2131
 -2147
 -2137
 -2143
 -2156
 -2162
 -2154
 -2155
 -2165
 -2171
 -2176
 -2193
 -2193
 -2202
 -2203
 -2206
 -2204
 -2203
 -2212
 -2210
 -2215
 -2211
 -2223
 -2225
 -2221
 -2224
 -2218
 -2209
 -2203
 -2207
 -2214
 -2213
 -2216
 -2213
 -2211
 -2222
 -2220
 -2221
 -2223
 -2217
 -2220
 -2217
 -2207
 -2191
 -2182
 -2180
 -2178
 -2178
 -2179
 -2187
 -2180
 -2175
 -2188
 -2183
 -2182
 -2185
 -2193
 -2178
 -2179
 -2182
 -2168
 -2162
 -2167
 -2157
 -2157
 -2146
 -2142
 -2145
 -2143
 -2146
 -2149
 -2152
 -2156
 -2156
 -2168
 -2169
 -2171
 -2174
 -2173
 -2175
 -2166
 -2163
 -2152
 -2146
 -2143
 -2145
 -2143
 -2148
 -2150
 -2154
 -2154
 -2154
 -2152
 -2158
 -2144
 -2154
 -2163
 -2156
 -2153
 -2149
 -2152
 -2163
 -2161
 -2156
 -2144
 -2135
 -2122
 -2118
 -2107
 -2099
 -2105
 -2101
 -2109
 -2103
 -2107
 -2092
 -2087
 -2093
 -2091
 -2091
 -2088
 -2076
 -2062
 -2055
 -2046
 -2041
 -2042
 -2042
 -2040
 -2036
 -2037
 -2049
 -2061
 -2051
 -2049
 -2048
 -2046
 -2053
 -2077
 -2076
 -2080
 -2067
 -2069
 -2070
 -2077
 -2077
 -2078
 -2075
 -2087
 -2089
 -2099
 -2107
 -2112
 -2113
 -2120
 -2120
 -2132
 -2133
 -2133
 -2134
 -2134
 -2130
 -2141
 -2127
 -2129
 -2132
 -2133
 -2134
 -2134
 -2141
 -2153
 -2160
 -2167
 -2168
 -2170
 -2169
 -2178
 -2183
 -2181
 -2183
 -2178
 -2180
 -2179
 -2179
 -2182
 -2183
 -2191
 -2181
 -2192
 -2198
 -2188
 -2192
 -2189
 -2196
 -2199
 -2194
 -2199
 -2193
 -2185
 -2181
 -2171
 -2150
 -2149
 -2152
 -2157
 -2150
 -2145
 -2148
 -2145
 -2157
 -2161
 -2183
 -2181
 -2185
 -2184
 -2184
 -2189
 -2185
 -2189
 -2178
 -2180
 -2174
 -2173
 -2175
 -2177
 -2180
 -2181
 -2204
 -2210
 -2206
 -2199
 -2204
 -2206
 -2212
 -2222
 -2238
 -2238
 -2229
 -2228
 -2228
 -2219
 -2228
 -2234
 -2223
 -2223
 -2210
 -2210
 -2205
 -2210
 -2216
 -2222
 -2224
 -2219
 -2217
 -2213
 -2205
 -2209
 -2203
 -2197
 -2200
 -2190
 -2173
 -2174
 -2174
 -2172
 -2177
 -2182
 -2186
 -2195
 -2201
 -2190
 -2190
 -2172
 -2170
 -2162
 -2154
 -2152
 -2153
 -2154
 -2155
 -2166
 -2170
 -2169
 -2183
 -2189
 -2185
 -2185
 -2184
 -2187
 -2193
 -2202
 -2212
 -2218
 -2228
 -2237
 -2231
 -2223
 -2194
 -2188
 -2175
 -2177
 -2168
 -2164
 -2169
 -2168
 -2161
 -2151
 -2156
 -2166
 -2169
 -2179
 -2179
 -2184
 -2183
 -2176
 -2182
 -2170
 -2164
 -2164
 -2164
 -2167
 -2176
 -2171
 -2168
 -2169
 -2173
 -2174
 -2174
 -2177
 -2170
 -2184
 -2191
 -2184
 -2186
 -2186
 -2186
 -2189
 -2181
 -2172
 -2165
 -2161
 -2169
 -2169
 -2175
 -2175
 -2189
 -2199
 -2200
 -2193
 -2192
 -2184
 -2174
 -2179
 -2190
 -2193
 -2182
 -2183
 -2187
 -2189
 -2191
 -2195
 -2201
 -2206
 -2210
 -2213
 -2215
 -2216
 -2213
 -2210
 -2201
 -2186
 -2190
 -2192
 -2189
 -2205
 -2205
 -2203
 -2214
 -2216
 -2219
 -2224
 -2228
 -2221
 -2223
 -2224
 -2225
 -2226
 -2222
 -2224
 -2220
 -2224
 -2224
 -2227
 -2227
 -2226
 -2231
 -2235
 -2235
 -2234
 -2237
 -2233
 -2219
 -2212
 -2212
 -2207
 -2212
 -2213
 -2208
 -2200
 -2195
 -2183
 -2186
 -2184
 -2192
 -2201
 -2195
 -2194
 -2189
 -2186
 -2173
 -2169
 -2171
 -2170
 -2170
 -2178
 -2182
 -2183
 -2185
 -2197
 -2199
 -2198
 -2196
 -2194
 -2198
 -2189
 -2180
 -2181
 -2175
 -2175
 -2175
 -2175
 -2178
 -2192
 -2197
 -2198
 -2203
 -2204
 -2208
 -2211
 -2216
 -2219
 -2217
 -2218
 -2213
 -2214
 -2217
 -2209
 -2207
 -2202
 -2181
 -2175
 -2163
 -2163
 -2164
 -2163
 -2170
 -2178
 -2178
 -2177
 -2182
 -2186
 -2184
 -2182
 -2188
 -2193
 -2195
 -2203
 -2199
 -2199
 -2201
 -2203
 -2192
 -2172
 -2169
 -2162
 -2154
 -2151
 -2150
 -2151
 -2147
 -2136
 -2157
 -2161
 -2161
 -2159
 -2165
 -2169
 -2173
 -2182
 -2174
 -2166
 -2162
 -2164
 -2165
 -2167
 -2171
 -2169
 -2180
 -2158
 -2165
 -2161
 -2159
 -2159
 -2171
 -2178
 -2178
 -2179
 -2184
 -2185
 -2189
 -2183
 -2192
 -2191
 -2180
 -2184
 -2186
 -2181
 -2190
 -2188
 -2187
 -2189
 -2186
 -2186
 -2173
 -2182
 -2198
 -2198
 -2199
 -2201
 -2194
 -2197
 -2197
 -2190
 -2190
 -2189
 -2194
 -2192
 -2199
 -2203
 -2209
 -2210
 -2206
 -2212
 -2192
 -2173
 -2163
 -2153
 -2161
 -2174
 -2190
 -2190
 -2194
 -2196
 -2203
 -2202
 -2199
 -2199
 -2204
 -2209
 -2204
 -2201
 -2197
 -2199
 -2200
 -2207
 -2198
 -2197
 -2201
 -2210
 -2218
 -2221
 -2224
 -2223
 -2225
 -2222
 -2224
 -2231
 -2251
 -2249
 -2248
 -2249
 -2250
 -2251
 -2242
 -2247
 -2258
 -2259
 -2261
 -2261
 -2262
 -2265
 -2269
 -2269
 -2278
 -2285
 -2278
 -2287
 -2281
 -2290
 -2286
 -2283
 -2286
 -2288
 -2296
 -2297
 -2297
 -2298
 -2300
 -2302
 -2299
 -2295
 -2300
 -2287
 -2283
 -2288
 -2301
 -2299
 -2299
 -2297
 -2293
 -2287
 -2284
 -2282
 -2286
 -2285
 -2267
 -2269
 -2280
 -2277
 -2276
 -2275
 -2277
 -2282
 -2276
 -2264
 -2282
 -2277
 -2281
 -2272
 -2272
 -2274
 -2263
 -2259
 -2251
 -2251
 -2252
 -2252
 -2241
 -2236
 -2214
 -2215
 -2226
 -2234
 -2234
 -2231
 -2226
 -2220
 -2221
 -2212
 -2219
 -2218
 -2219
 -2211
 -2220
 -2202
 -2213
 -2187
 -2177
 -2188
 -2193
 -2199
 -2201
 -2206
 -2207
 -2212
 -2216
 -2210
 -2217
 -2205
 -2208
 -2198
 -2178
 -2169
 -2166
 -2167
 -2167
 -2164
 -2168
 -2167
 -2178
 -2180
 -2177
 -2178
 -2180
 -2169
 -2161
 -2158
 -2158
 -2152
 -2154
 -2155
 -2153
 -2153
 -2146
 -2146
 -2163
 -2154
 -2153
 -2151
 -2152
 -2159
 -2162
 -2169
 -2174
 -2175
 -2174
 -2180
 -2188
 -2189
 -2183
 -2183
 -2187
 -2194
 -2194
 -2191
 -2193
 -2186
 -2187
 -2189
 -2176
 -2179
 -2180
 -2177
 -2160
 -2159
 -2152
 -2151
 -2163
 -2163
 -2156
 -2170
 -2170
 -2179
 -2186
 -2185
 -2186
 -2199
 -2194
 -2201
 -2189
 -2185
 -2182
 -2188
 -2183
 -2181
 -2177
 -2178
 -2180
 -2180
 -2184
 -2173
 -2167
 -2168
 -2171
 -2165
 -2167
 -2170
 -2172
 -2174
 -2182
 -2183
 -2184
 -2186
 -2186
 -2182
 -2178
 -2172
 -2169
 -2169
 -2162
 -2156
 -2159
 -2154
 -2159
 -2168
 -2178
 -2177
 -2172
 -2170
 -2176
 -2171
 -2177
 -2172
 -2179
 -2177
 -2169
 -2168
 -2164
 -2158
 -2170
 -2171
 -2163
 -2167
 -2161
 -2161
 -2162
 -2164
 -2170
 -2179
 -2195
 -2203
 -2199
 -2199
 -2199
 -2201
 -2205
 -2202
 -2194
 -2185
 -2191
 -2191
 -2192
 -2197
 -2193
 -2199
 -2186
 -2183
 -2176
 -2174
 -2167
 -2169
 -2170
 -2163
 -2152
 -2141
 -2144
 -2147
 -2150
 -2158
 -2160
 -2166
 -2164
 -2163
 -2162
 -2161
 -2163
 -2161
 -2167
 -2170
 -2174
 -2180
 -2190
 -2186
 -2189
 -2190
 -2192
 -2190
 -2188
 -2195
 -2192
 -2192
 -2192
 -2188
 -2191
 -2215
 -2233
 -2240
 -2245
 -2247
 -2248
 -2246
 -2242
 -2239
 -2244
 -2234
 -2233
 -2237
 -2239
 -2234
 -2231
 -2220
 -2225
 -2224
 -2225
 -2214
 -2216
 -2218
 -2222
 -2229
 -2222
 -2216
 -2220
 -2222
 -2223
 -2219
 -2216
 -2211
 -2218
 -2213
 -2204
 -2206
 -2206
 -2214
 -2219
 -2215
 -2220
 -2226
 -2236
 -2233
 -2221
 -2220
 -2216
 -2209
 -2193
 -2195
 -2190
 -2194
 -2209
 -2211
 -2211
 -2205
 -2206
 -2208
 -2210
 -2217
 -2223
 -2218
 -2212
 -2209
 -2206
 -2196
 -2193
 -2191
 -2169
 -2171
 -2171
 -2160
 -2161
 -2150
 -2142
 -2141
 -2137
 -2141
 -2147
 -2148
 -2145
 -2153
 -2161
 -2162
 -2164
 -2159
 -2148
 -2134
 -2127
 -2122
 -2120
 -2119
 -2121
 -2121
 -2132
 -2152
 -2167
 -2176
 -2176
 -2186
 -2177
 -2176
 -2178
 -2180
 -2177
 -2172
 -2177
 -2180
 -2184
 -2185
 -2193
 -2199
 -2204
 -2207
 -2205
 -2202
 -2208
 -2218
 -2212
 -2200
 -2194
 -2177
 -2172
 -2167
 -2177
 -2182
 -2181
 -2186
 -2190
 -2193
 -2207
 -2202
 -2212
 -2202
 -2211
 -2213
 -2215
 -2218
 -2227
 -2222
 -2234
 -2232
 -2236
 -2245
 -2244
 -2252
 -2253
 -2257
 -2254
 -2250
 -2242
 -2229
 -2230
 -2231
 -2243
 -2232
 -2228
 -2217
 -2215
 -2212
 -2217
 -2224
 -2220
 -2213
 -2211
 -2209
 -2204
 -2200
 -2191
 -2191
 -2194
 -2195
 -2195
 -2200
 -2201
 -2201
 -2191
 -2188
 -2176
 -2176
 -2182
 -2176
 -2172
 -2176
 -2177
 -2180
 -2186
 -2188
 -2195
 -2199
 -2207
 -2215
 -2216
 -2220
 -2224
 -2224
 -2226
 -2228
 -2222
 -2204
 -2199
 -2196
 -2188
 -2182
 -2184
 -2188
 -2196
 -2200
 -2194
 -2201
 -2200
 -2201
 -2203
 -2208
 -2209
 -2209
 -2210
 -2205
 -2197
 -2197
 -2193
 -2198
 -2195
 -2194
 -2192
 -2197
 -2193
 -2195
 -2186
 -2176
 -2171
 -2172
 -2167
 -2159
 -2160
 -2158
 -2158
 -2151
 -2141
 -2135
 -2134
 -2128
 -2126
 -2124
 -2125
 -2126
 -2141
 -2145
 -2156
 -2162
 -2163
 -2160
 -2163
 -2169
 -2174
 -2179
 -2185
 -2181
 -2186
 -2187
 -2186
 -2191
 -2190
 -2200
 -2196
 -2197
 -2197
 -2193
 -2194
 -2194
 -2205
 -2200
 -2206
 -2209
 -2205
 -2201
 -2202
 -2205
 -2214
 -2209
 -2211
 -2210
 -2214
 -2215
 -2214
 -2202
 -2189
 -2183
 -2179
 -2174
 -2164
 -2164
 -2165
 -2163
 -2176
 -2175
 -2172
 -2182
 -2188
 -2189
 -2183
 -2180
 -2184
 -2172
 -2161
 -2166
 -2167
 -2174
 -2172
 -2175
 -2174
 -2171
 -2189
 -2194
 -2189
 -2189
 -2189
 -2190
 -2196
 -2202
 -2213
 -2211
 -2222
 -2224
 -2224
 -2225
 -2224
 -2237
 -2236
 -2232
 -2235
 -2236
 -2240
 -2232
 -2231
 -2230
 -2213
 -2209
 -2208
 -2213
 -2210
 -2208
 -2213
 -2199
 -2185
 -2180
 -2178
 -2180
 -2178
 -2176
 -2172
 -2175
 -2177
 -2183
 -2183
 -2183
 -2182
 -2184
 -2174
 -2177
 -2195
 -2193
 -2193
 -2193
 -2192
 -2187
 -2184
 -2183
 -2170
 -2158
 -2153
 -2152
 -2153
 -2153
 -2146
 -2159
 -2158
 -2152
 -2159
 -2159
 -2160
 -2163
 -2171
 -2172
 -2182
 -2184
 -2181
 -2182
 -2184
 -2185
 -2193
 -2198
 -2209
 -2210
 -2216
 -2216
 -2225
 -2229
 -2232
 -2239
 -2241
 -2247
 -2248
 -2249
 -2248
 -2249
 -2236
 -2245
 -2236
 -2235
 -2235
 -2237
 -2238
 -2243
 -2237
 -2223
 -2204
 -2202
 -2205
 -2204
 -2192
 -2187
 -2183
 -2173
 -2169
 -2157
 -2168
 -2163
 -2162
 -2161
 -2155
 -2154
 -2150
 -2159
 -2159
 -2157
 -2160
 -2153
 -2150
 -2145
 -2142
 -2135
 -2127
 -2133
 -2136
 -2142
 -2156
 -2160
 -2161
 -2167
 -2160
 -2153
 -2154
 -2163
 -2175
 -2179
 -2191
 -2197
 -2198
 -2198
 -2199
 -2200
 -2202
 -2211
 -2218
 -2229
 -2235
 -2236
 -2234
 -2232
 -2235
 -2238
 -2220
 -2221
 -2220
 -2222
 -2222
 -2220
 -2212
 -2213
 -2193
 -2191
 -2187
 -2187
 -2186
 -2184
 -2191
 -2192
 -2192
 -2203
 -2204
 -2206
 -2207
 -2222
 -2234
 -2227
 -2223
 -2220
 -2220
 -2222
 -2224
 -2231
 -2228
 -2236
 -2238
 -2235
 -2239
 -2238
 -2238
 -2232
 -2223
 -2211
 -2206
 -2202
 -2193
 -2192
 -2197
 -2198
 -2190
 -2174
 -2174
 -2170
 -2172
 -2176
 -2172
 -2174
 -2183
 -2182
 -2189
 -2182
 -2174
 -2160
 -2157
 -2154
 -2160
 -2167
 -2166
 -2174
 -2176
 -2174
 -2172
 -2168
 -2177
 -2176
 -2170
 -2162
 -2163
 -2163
 -2166
 -2165
 -2167
 -2172
 -2177
 -2173
 -2182
 -2186
 -2191
 -2195
 -2190
 -2195
 -2209
 -2217
 -2212
 -2213
 -2213
 -2219
 -2220
 -2227
 -2230
 -2228
 -2232
 -2234
 -2238
 -2240
 -2238
 -2237
 -2239
 -2245
 -2247
 -2248
 -2237
 -2241
 -2248
 -2255
 -2259
 -2269
 -2275
 -2276
 -2267
 -2260
 -2250
 -2235
 -2220
 -2222
 -2230
 -2229
 -2230
 -2228
 -2243
 -2248
 -2251
 -2256
 -2251
 -2254
 -2251
 -2249
 -2258
 -2260
 -2269
 -2274
 -2273
 -2275
 -2267
 -2277
 -2284
 -2276
 -2281
 -2271
 -2271
 -2277
 -2276
 -2277
 -2276
 -2268
 -2263
 -2248
 -2245
 -2253
 -2257
 -2256
 -2267
 -2247
 -2230
 -2233
 -2221
 -2226
 -2229
 -2231
 -2242
 -2243
 -2244
 -2246
 -2251
 -2249
 -2252
 -2255
 -2253
 -2263
 -2278
 -2283
 -2288
 -2287
 -2286
 -2288
 -2296
 -2288
 -2294
 -2293
 -2293
 -2286
 -2292
 -2286
 -2284
 -2279
 -2285
 -2280
 -2286
 -2286
 -2289
 -2297
 -2291
 -2279
 -2272
 -2262
 -2254
 -2250
 -2254
 -2267
 -2259
 -2260
 -2262
 -2262
 -2256
 -2259
 -2266
 -2263
 -2264
 -2270
 -2275
 -2274
 -2271
 -2273
 -2270
 -2273
 -2280
 -2284
 -2291
 -2291
 -2293
 -2298
 -2292
 -2283
 -2282
 -2272
 -2261
 -2269
 -2277
 -2264
 -2263
 -2270
 -2259
 -2257
 -2255
 -2230
 -2226
 -2225
 -2225
 -2219
 -2224
 -2221
 -2205
 -2207
 -2209
 -2210
 -2211
 -2216
 -2219
 -2216
 -2217
 -2204
 -2200
 -2198
 -2198
 -2200
 -2207
 -2214
 -2202
 -2202
 -2207
 -2209
 -2208
 -2213
 -2221
 -2214
 -2218
 -2220
 -2221
 -2221
 -2221
 -2219
 -2227
 -2230
 -2232
 -2235
 -2237
 -2236
 -2240
 -2241
 -2250
 -2248
 -2248
 -2254
 -2260
 -2251
 -2247
 -2243
 -2251
 -2261
 -2266
 -2269
 -2272
 -2282
 -2283
 -2271
 -2280
 -2276
 -2277
 -2287
 -2284
 -2285
 -2286
 -2287
 -2287
 -2285
 -2272
 -2258
 -2263
 -2261
 -2261
 -2266
 -2272
 -2273
 -2274
 -2272
 -2269
 -2270
 -2267
 -2270
 -2265
 -2260
 -2270
 -2271
 -2272
 -2274
 -2274
 -2274
 -2272
 -2274
 -2271
 -2268
 -2270
 -2264
 -2273
 -2275
 -2270
 -2252
 -2250
 -2243
 -2238
 -2244
 -2252
 -2261
 -2267
 -2273
 -2265
 -2269
 -2266
 -2275
 -2282
 -2285
 -2272
 -2262
 -2260
 -2252
 -2246
 -2245
 -2236
 -2235
 -2235
 -2231
 -2213
 -2202
 -2193
 -2189
 -2190
 -2197
 -2209
 -2216
 -2217
 -2211
 -2212
 -2216
 -2213
 -2215
 -2213
 -2218
 -2221
 -2221
 -2226
 -2226
 -2223
 -2222
 -2225
 -2215
 -2220
 -2222
 -2223
 -2222
 -2223
 -2219
 -2200
 -2194
 -2189
 -2194
 -2187
 -2186
 -2186
 -2189
 -2196
 -2197
 -2198
 -2208
 -2206
 -2206
 -2203
 -2202
 -2201
 -2197
 -2188
 -2196
 -2192
 -2190
 -2189
 -2185
 -2184
 -2189
 -2193
 -2187
 -2186
 -2183
 -2182
 -2182
 -2175
 -2183
 -2178
 -2178
 -2182
 -2182
 -2185
 -2177
 -2179
 -2189
 -2197
 -2199
 -2195
 -2194
 -2195
 -2202
 -2212
 -2211
 -2219
 -2224
 -2231
 -2242
 -2237
 -2236
 -2244
 -2245
 -2243
 -2256
 -2256
 -2255
 -2257
 -2259
 -2264
 -2274
 -2275
 -2277
 -2273
 -2279
 -2285
 -2284
 -2286
 -2289
 -2290
 -2292
 -2290
 -2304
 -2307
 -2312
 -2321
 -2319
 -2319
 -2325
 -2329
 -2331
 -2332
 -2336
 -2346
 -2353
 -2351
 -2354
 -2357
 -2358
 -2360
 -2363
 -2370
 -2368
 -2350
 -2352
 -2355
 -2352
 -2352
 -2350
 -2350
 -2352
 -2360
 -2358
 -2355
 -2355
 -2355
 -2358
 -2360
 -2359
 -2370
 -2374
 -2379
 -2380
 -2379
 -2384
 -2385
 -2393
 -2400
 -2389
 -2380
 -2367
 -2365
 -2364
 -2358
 -2360
 -2358
 -2355
 -2354
 -2352
 -2349
 -2347
 -2343
 -2345
 -2340
 -2339
 -2342
 -2343
 -2344
 -2344
 -2329
 -2332
 -2318
 -2295
 -2300
 -2302
 -2301
 -2312
 -2319
 -2321
 -2318
 -2315
 -2309
 -2311
 -2308
 -2308
 -2306
 -2304
 -2312
 -2309
 -2301
 -2301
 -2284
 -2287
 -2273
 -2283
 -2270
 -2260
 -2256
 -2253
 -2255
 -2253
 -2249
 -2250
 -2255
 -2263
 -2265
 -2262
 -2260
 -2267
 -2266
 -2266
 -2262
 -2265
 -2269
 -2273
 -2275
 -2276
 -2273
 -2278
 -2284
 -2280
 -2283
 -2284
 -2271
 -2270
 -2277
 -2281
 -2277
 -2276
 -2266
 -2250
 -2242
 -2231
 -2217
 -2214
 -2200
 -2192
 -2193
 -2201
 -2184
 -2193
 -2204
 -2207
 -2209
 -2217
 -2217
 -2219
 -2218
 -2220
 -2223
 -2211
 -2227
 -2236
 -2239
 -2240
 -2242
 -2240
 -2233
 -2228
 -2221
 -2218
 -2229
 -2230
 -2233
 -2242
 -2248
 -2257
 -2272
 -2276
 -2282
 -2284
 -2281
 -2280
 -2271
 -2265
 -2255
 -2242
 -2250
 -2239
 -2229
 -2219
 -2221
 -2206
 -2194
 -2189
 -2186
 -2183
 -2182
 -2187
 -2189
 -2184
 -2188
 -2195
 -2191
 -2182
 -2176
 -2181
 -2182
 -2178
 -2176
 -2166
 -2154
 -2155
 -2157
 -2160
 -2168
 -2193
 -2205
 -2204
 -2210
 -2211
 -2210
 -2209
 -2203
 -2205
 -2199
 -2196
 -2207
 -2206
 -2207
 -2209
 -2203
 -2207
 -2213
 -2219
 -2221
 -2225
 -2228
 -2222
 -2216
 -2223
 -2212
 -2207
 -2206
 -2211
 -2213
 -2217
 -2215
 -2215
 -2213
 -2206
 -2206
 -2207
 -2204
 -2206
 -2202
 -2203
 -2193
 -2190
 -2191
 -2183
 -2174
 -2173
 -2177
 -2190
 -2192
 -2209
 -2211
 -2216
 -2223
 -2219
 -2216
 -2215
 -2216
 -2212
 -2206
 -2208
 -2208
 -2213
 -2223
 -2227
 -2231
 -2242
 -2241
 -2242
 -2243
 -2245
 -2240
 -2247
 -2246
 -2251
 -2256
 -2259
 -2255
 -2259
 -2262
 -2277
 -2282
 -2282
 -2280
 -2274
 -2283
 -2273
 -2252
 -2249
 -2249
 -2238
 -2244
 -2233
 -2230
 -2223
 -2220
 -2223
 -2219
 -2212
 -2205
 -2186
 -2175
 -2174
 -2178
 -2183
 -2180
 -2170
 -2171
 -2173
 -2172
 -2167
 -2172
 -2170
 -2166
 -2156
 -2156
 -2155
 -2151
 -2151
 -2151
 -2152
 -2142
 -2141
 -2136
 -2138
 -2137
 -2138
 -2134
 -2142
 -2131
 -2119
 -2118
 -2120
 -2118
 -2114
 -2121
 -2113
 -2119
 -2109
 -2110
 -2106
 -2113
 -2115
 -2114
 -2126
 -2130
 -2139
 -2140
 -2140
 -2138
 -2136
 -2140
 -2144
 -2143
 -2150
 -2154
 -2172
 -2178
 -2181
 -2186
 -2185
 -2188
 -2195
 -2200
 -2201
 -2207
 -2208
 -2203
 -2201
 -2199
 -2191
 -2192
 -2193
 -2190
 -2188
 -2192
 -2195
 -2189
 -2191
 -2185
 -2181
 -2182
 -2181
 -2185
 -2194
 -2203
 -2214
 -2210
 -2211
 -2212
 -2222
 -2226
 -2221
 -2225
 -2234
 -2237
 -2232
 -2242
 -2237
 -2245
 -2235
 -2221
 -2219
 -2200
 -2200
 -2201
 -2202
 -2206
 -2213
 -2216
 -2221
 -2224
 -2226
 -2230
 -2232
 -2230
 -2233
 -2240
 -2239
 -2241
 -2240
 -2236
 -2231
 -2221
 -2217
 -2208
 -2195
 -2186
 -2181
 -2187
 -2187
 -2189
 -2200
 -2201
 -2201
 -2202
 -2204
 -2205
 -2200
 -2201
 -2203
 -2206
 -2209
 -2212
 -2199
 -2197
 -2199
 -2190
 -2171
 -2175
 -2171
 -2172
 -2172
 -2167
 -2166
 -2166
 -2165
 -2160
 -2156
 -2156
 -2156
 -2157
 -2158
 -2163
 -2168
 -2176
 -2182
 -2182
 -2185
 -2184
 -2194
 -2211
 -2214
 -2217
 -2229
 -2231
 -2230
 -2231
 -2232
 -2218
 -2205
 -2215
 -2215
 -2204
 -2204
 -2202
 -2207
 -2214
 -2208
 -2200
 -2188
 -2185
 -2184
 -2176
 -2174
 -2183
 -2185
 -2192
 -2187
 -2178
 -2176
 -2176
 -2177
 -2171
 -2168
 -2143
 -2143
 -2141
 -2132
 -2132
 -2142
 -2148
 -2147
 -2156
 -2155
 -2158
 -2162
 -2168
 -2161
 -2160
 -2153
 -2144
 -2139
 -2139
 -2139
 -2142
 -2149
 -2148
 -2138
 -2122
 -2110
 -2106
 -2107
 -2107
 -2114
 -2114
 -2126
 -2137
 -2137
 -2142
 -2146
 -2150
 -2146
 -2156
 -2160
 -2171
 -2175
 -2176
 -2174
 -2168
 -2168
 -2171
 -2167
 -2163
 -2155
 -2148
 -2136
 -2135
 -2136
 -2145
 -2156
 -2163
 -2157
 -2149
 -2146
 -2139
 -2129
 -2121
 -2118
 -2122
 -2121
 -2116
 -2115
 -2117
 -2107
 -2094
 -2087
 -2085
 -2075
 -2076
 -2078
 -2078
 -2072
 -2072
 -2067
 -2074
 -2074
 -2077
 -2079
 -2080
 -2081
 -2080
 -2082
 -2084
 -2088
 -2091
 -2104
 -2106
 -2116
 -2126
 -2130
 -2132
 -2137
 -2137
 -2138
 -2137
 -2136
 -2147
 -2153
 -2165
 -2172
 -2171
 -2165
 -2165
 -2169
 -2172
 -2169
 -2169
 -2178
 -2178
 -2179
 -2176
 -2177
 -2180
 -2171
 -2166
 -2159
 -2160
 -2162
 -2160
 -2166
 -2169
 -2170
 -2165
 -2166
 -2172
 -2166
 -2170
 -2160
 -2150
 -2146
 -2147
 -2151
 -2147
 -2141
 -2142
 -2147
 -2151
 -2164
 -2168
 -2170
 -2170
 -2170
 -2170
 -2172
 -2158
 -2150
 -2133
 -2139
 -2144
 -2147
 -2148
 -2146
 -2149
 -2139
 -2145
 -2135
 -2133
 -2125
 -2106
 -2118
 -2114
 -2107
 -2115
 -2118
 -2123
 -2123
 -2124
 -2129
 -2128
 -2130
 -2137
 -2140
 -2136
 -2140
 -2142
 -2146
 -2151
 -2152
 -2143
 -2138
 -2142
 -2132
 -2140
 -2139
 -2146
 -2145
 -2152
 -2150
 -2148
 -2147
 -2148
 -2149
 -2156
 -2153
 -2162
 -2166
 -2158
 -2165
 -2166
 -2157
 -2150
 -2146
 -2120
 -2123
 -2127
 -2127
 -2120
 -2130
 -2134
 -2129
 -2139
 -2148
 -2147
 -2145
 -2145
 -2148
 -2145
 -2148
 -2160
 -2173
 -2170
 -2172
 -2169
 -2164
 -2163
 -2157
 -2150
 -2153
 -2152
 -2153
 -2154
 -2158
 -2161
 -2169
 -2176
 -2182
 -2186
 -2187
 -2189
 -2192
 -2197
 -2196
 -2202
 -2205
 -2209
 -2218
 -2220
 -2231
 -2232
 -2238
 -2241
 -2241
 -2233
 -2234
 -2235
 -2230
 -2234
 -2237
 -2224
 -2226
 -2226
 -2226
 -2227
 -2221
 -2221
 -2216
 -2216
 -2229
 -2224
 -2225
 -2224
 -2229
 -2248
 -2253
 -2257
 -2260
 -2258
 -2258
 -2259
 -2261
 -2259
 -2266
 -2270
 -2266
 -2265
 -2265
 -2266
 -2264
 -2271
 -2275
 -2267
 -2267
 -2270
 -2272
 -2275
 -2278
 -2285
 -2291
 -2288
 -2297
 -2303
 -2304
 -2302
 -2291
 -2280
 -2281
 -2285
 -2291
 -2277
 -2277
 -2279
 -2277
 -2277
 -2284
 -2283
 -2277
 -2279
 -2279
 -2275
 -2265
 -2272
 -2271
 -2272
 -2278
 -2273
 -2269
 -2267
 -2267
 -2261
 -2257
 -2255
 -2254
 -2258
 -2258
 -2259
 -2257
 -2264
 -2259
 -2248
 -2242
 -2242
 -2241
 -2240
 -2237
 -2246
 -2248
 -2257
 -2260
 -2260
 -2258
 -2258
 -2260
 -2257
 -2262
 -2272
 -2272
 -2269
 -2270
 -2271
 -2272
 -2273
 -2279
 -2283
 -2283
 -2276
 -2275
 -2270
 -2264
 -2257
 -2248
 -2248
 -2246
 -2246
 -2239
 -2240
 -2241
 -2251
 -2249
 -2257
 -2263
 -2263
 -2266
 -2273
 -2273
 -2275
 -2274
 -2280
 -2290
 -2297
 -2299
 -2300
 -2298
 -2300
 -2305
 -2317
 -2321
 -2314
 -2314
 -2312
 -2315
 -2320
 -2319
 -2320
 -2323
 -2321
 -2323
 -2323
 -2315
 -2309
 -2308
 -2322
 -2326
 -2327
 -2326
 -2324
 -2309
 -2307
 -2284
 -2269
 -2271
 -2280
 -2277
 -2277
 -2283
 -2282
 -2271
 -2261
 -2273
 -2268
 -2273
 -2273
 -2272
 -2275
 -2278
 -2285
 -2295
 -2295
 -2286
 -2283
 -2277
 -2294
 -2291
 -2287
 -2269
 -2271
 -2272
 -2274
 -2274
 -2270
 -2270
 -2272
 -2267
 -2262
 -2258
 -2257
 -2258
 -2252
 -2246
 -2251
 -2258
 -2263
 -2265
 -2265
 -2262
 -2262
 -2258
 -2261
 -2274
 -2277
 -2281
 -2288
 -2288
 -2283
 -2288
 -2288
 -2293
 -2296
 -2304
 -2306
 -2312
 -2312
 -2314
 -2308
 -2309
 -2316
 -2323
 -2320
 -2325
 -2327
 -2327
 -2329
 -2335
 -2339
 -2334
 -2336
 -2341
 -2324
 -2322
 -2321
 -2320
 -2314
 -2310
 -2314
 -2310
 -2305
 -2317
 -2313
 -2318
 -2314
 -2316
 -2316
 -2319
 -2312
 -2318
 -2318
 -2319
 -2312
 -2311
 -2305
 -2304
 -2298
 -2297
 -2291
 -2287
 -2285
 -2285
 -2288
 -2294
 -2302
 -2296
 -2303
 -2303
 -2302
 -2304
 -2305
 -2305
 -2290
 -2293
 -2275
 -2261
 -2250
 -2249
 -2256
 -2259
 -2246
 -2242
 -2246
 -2241
 -2231
 -2230
 -2232
 -2232
 -2235
 -2237
 -2248
 -2249
 -2246
 -2244
 -2245
 -2244
 -2253
 -2256
 -2260
 -2256
 -2262
 -2263
 -2262
 -2266
 -2271
 -2263
 -2243
 -2241
 -2243
 -2241
 -2240
 -2238
 -2232
 -2230
 -2216
 -2214
 -2205
 -2205
 -2205
 -2209
 -2212
 -2227
 -2241
 -2245
 -2248
 -2249
 -2248
 -2252
 -2260
 -2262
 -2264
 -2256
 -2251
 -2255
 -2256
 -2249
 -2252
 -2254
 -2256
 -2257
 -2262
 -2264
 -2265
 -2262
 -2260
 -2259
 -2244
 -2234
 -2235
 -2235
 -2235
 -2238
 -2254
 -2272
 -2281
 -2281
 -2289
 -2291
 -2288
 -2291
 -2298
 -2297
 -2303
 -2308
 -2301
 -2304
 -2302
 -2299
 -2298
 -2297
 -2286
 -2282
 -2289
 -2291
 -2290
 -2287
 -2290
 -2290
 -2299
 -2301
 -2306
 -2307
 -2306
 -2305
 -2316
 -2316
 -2329
 -2329
 -2329
 -2329
 -2328
 -2328
 -2322
 -2314
 -2298
 -2298
 -2289
 -2288
 -2280
 -2284
 -2290
 -2287
 -2290
 -2289
 -2293
 -2294
 -2296
 -2296
 -2303
 -2289
 -2277
 -2275
 -2268
 -2266
 -2256
 -2259
 -2256
 -2254
 -2250
 -2245
 -2244
 -2243
 -2242
 -2246
 -2233
 -2228
 -2213
 -2209
 -2203
 -2204
 -2202
 -2207
 -2206
 -2201
 -2200
 -2198
 -2206
 -2205
 -2203
 -2207
 -2217
 -2218
 -2207
 -2214
 -2211
 -2211
 -2211
 -2211
 -2213
 -2223
 -2229
 -2231
 -2231
 -2231
 -2235
 -2237
 -2234
 -2238
 -2241
 -2247
 -2255
 -2252
 -2259
 -2257
 -2259
 -2262
 -2269
 -2274
 -2278
 -2279
 -2278
 -2285
 -2279
 -2279
 -2278
 -2266
 -2266
 -2264
 -2265
 -2267
 -2283
 -2292
 -2290
 -2294
 -2299
 -2298
 -2300
 -2301
 -2300
 -2311
 -2303
 -2302
 -2304
 -2305
 -2306
 -2305
 -2306
 -2310
 -2311
 -2316
 -2315
 -2316
 -2318
 -2314
 -2303
 -2299
 -2287
 -2280
 -2274
 -2276
 -2277
 -2268
 -2251
 -2236
 -2230
 -2237
 -2232
 -2220
 -2211
 -2220
 -2222
 -2224
 -2221
 -2219
 -2210
 -2208
 -2210
 -2216
 -2218
 -2223
 -2228
 -2233
 -2229
 -2224
 -2228
 -2230
 -2231
 -2216
 -2202
 -2206
 -2203
 -2205
 -2206
 -2196
 -2190
 -2183
 -2181
 -2176
 -2171
 -2172
 -2173
 -2178
 -2185
 -2192
 -2200
 -2206
 -2210
 -2211
 -2212
 -2211
 -2221
 -2237
 -2238
 -2241
 -2243
 -2244
 -2244
 -2245
 -2242
 -2234
 -2210
 -2203
 -2205
 -2200
 -2200
 -2201
 -2209
 -2215
 -2223
 -2230
 -2234
 -2234
 -2232
 -2225
 -2218
 -2210
 -2204
 -2201
 -2196
 -2190
 -2179
 -2173
 -2174
 -2173
 -2167
 -2157
 -2158
 -2159
 -2160
 -2157
 -2158
 -2154
 -2150
 -2142
 -2136
 -2137
 -2141
 -2142
 -2146
 -2153
 -2160
 -2174
 -2182
 -2181
 -2182
 -2183
 -2181
 -2190
 -2194
 -2198
 -2209
 -2212
 -2215
 -2213
 -2213
 -2209
 -2196
 -2187
 -2185
 -2189
 -2190
 -2192
 -2195
 -2199
 -2210
 -2220
 -2218
 -2223
 -2222
 -2226
 -2232
 -2238
 -2245
 -2241
 -2239
 -2240
 -2240
 -2235
 -2227
 -2229
 -2224
 -2219
 -2215
 -2215
 -2214
 -2209
 -2203
 -2190
 -2188
 -2184
 -2189
 -2188
 -2191
 -2186
 -2180
 -2161
 -2162
 -2161
 -2164
 -2162
 -2162
 -2168
 -2173
 -2181
 -2183
 -2190
 -2194
 -2194
 -2184
 -2181
 -2168
 -2164
 -2169
 -2162
 -2163
 -2156
 -2152
 -2148
 -2152
 -2154
 -2150
 -2146
 -2149
 -2148
 -2147
 -2142
 -2141
 -2148
 -2145
 -2144
 -2136
 -2130
 -2143
 -2137
 -2137
 -2146
 -2140
 -2136
 -2137
 -2144
 -2149
 -2143
 -2137
 -2140
 -2144
 -2146
 -2137
 -2144
 -2130
 -2121
 -2113
 -2099
 -2099
 -2092
 -2091
 -2084
 -2083
 -2081
 -2075
 -2079
 -2087
 -2090
 -2079
 -2073
 -2073
 -2079
 -2081
 -2075
 -2081
 -2082
 -2085
 -2086
 -2087
 -2088
 -2092
 -2099
 -2099
 -2096
 -2093
 -2098
 -2108
 -2115
 -2122
 -2119
 -2125
 -2132
 -2133
 -2133
 -2136
 -2135
 -2139
 -2148
 -2154
 -2163
 -2171
 -2172
 -2173
 -2173
 -2180
 -2190
 -2190
 -2192
 -2199
 -2206
 -2206
 -2208
 -2212
 -2221
 -2227
 -2230
 -2230
 -2226
 -2227
 -2225
 -2224
 -2207
 -2204
 -2202
 -2194
 -2196
 -2196
 -2198
 -2192
 -2190
 -2193
 -2185
 -2182
 -2179
 -2182
 -2182
 -2184
 -2188
 -2204
 -2203
 -2207
 -2207
 -2202
 -2201
 -2206
 -2199
 -2199
 -2199
 -2199
 -2198
 -2198
 -2201
 -2208
 -2209
 -2214
 -2223
 -2226
 -2226
 -2222
 -2221
 -2233
 -2227
 -2211
 -2200
 -2199
 -2191
 -2193
 -2193
 -2198
 -2197
 -2197
 -2203
 -2200
 -2205
 -2205
 -2205
 -2204
 -2204
 -2203
 -2195
 -2193
 -2196
 -2197
 -2200
 -2202
 -2215
 -2221
 -2220
 -2224
 -2227
 -2224
 -2230
 -2230
 -2211
 -2211
 -2214
 -2200
 -2196
 -2197
 -2200
 -2195
 -2211
 -2213
 -2217
 -2225
 -2226
 -2225
 -2226
 -2225
 -2234
 -2237
 -2242
 -2250
 -2247
 -2252
 -2248
 -2245
 -2241
 -2246
 -2248
 -2251
 -2251
 -2252
 -2250
 -2250
 -2239
 -2230
 -2234
 -2232
 -2224
 -2234
 -2229
 -2225
 -2226
 -2210
 -2205
 -2209
 -2207
 -2206
 -2205
 -2200
 -2209
 -2210
 -2215
 -2215
 -2214
 -2213
 -2213
 -2214
 -2222
 -2226
 -2235
 -2239
 -2243
 -2247
 -2250
 -2243
 -2230
 -2221
 -2214
 -2215
 -2220
 -2221
 -2230
 -2236
 -2243
 -2248
 -2250
 -2253
 -2255
 -2255
 -2259
 -2263
 -2270
 -2274
 -2277
 -2280
 -2280
 -2282
 -2273
 -2274
 -2254
 -2243
 -2237
 -2235
 -2230
 -2232
 -2218
 -2207
 -2208
 -2202
 -2188
 -2187
 -2182
 -2174
 -2184
 -2192
 -2201
 -2201
 -2211
 -2211
 -2211
 -2201
 -2197
 -2205
 -2202
 -2195
 -2194
 -2190
 -2188
 -2189
 -2190
 -2180
 -2176
 -2172
 -2164
 -2167
 -2170
 -2171
 -2172
 -2175
 -2180
 -2178
 -2181
 -2186
 -2187
 -2187
 -2192
 -2200
 -2206
 -2215
 -2222
 -2227
 -2227
 -2228
 -2232
 -2212
 -2197
 -2184
 -2183
 -2187
 -2179
 -2181
 -2179
 -2174
 -2162
 -2161
 -2156
 -2156
 -2156
 -2157
 -2156
 -2156
 -2141
 -2132
 -2120
 -2118
 -2118
 -2120
 -2117
 -2120
 -2131
 -2142
 -2147
 -2143
 -2143
 -2133
 -2121
 -2114
 -2106
 -2097
 -2092
 -2093
 -2093
 -2093
 -2088
 -2099
 -2105
 -2099
 -2103
 -2097
 -2103
 -2104
 -2107
 -2104
 -2105
 -2118
 -2118
 -2115
 -2116
 -2115
 -2119
 -2114
 -2104
 -2097
 -2098
 -2093
 -2094
 -2087
 -2092
 -2095
 -2099
 -2104
 -2115
 -2121
 -2131
 -2126
 -2130
 -2126
 -2120
 -2126
 -2131
 -2131
 -2131
 -2132
 -2137
 -2142
 -2143
 -2149
 -2154
 -2160
 -2156
 -2152
 -2145
 -2142
 -2142
 -2133
 -2134
 -2131
 -2130
 -2127
 -2129
 -2131
 -2138
 -2146
 -2147
 -2144
 -2146
 -2146
 -2137
 -2132
 -2127
 -2121
 -2116
 -2111
 -2114
 -2120
 -2131
 -2135
 -2148
 -2149
 -2153
 -2158
 -2157
 -2162
 -2173
 -2182
 -2187
 -2187
 -2194
 -2185
 -2195
 -2202
 -2209
 -2211
 -2215
 -2219
 -2219
 -2226
 -2229
 -2224
 -2227
 -2224
 -2210
 -2212
 -2213
 -2212
 -2194
 -2184
 -2180
 -2177
 -2175
 -2173
 -2164
 -2168
 -2170
 -2171
 -2174
 -2184
 -2191
 -2187
 -2190
 -2194
 -2190
 -2194
 -2196
 -2203
 -2202
 -2201
 -2207
 -2205
 -2206
 -2207
 -2205
 -2199
 -2197
 -2185
 -2184
 -2182
 -2182
 -2185
 -2183
 -2189
 -2199
 -2201
 -2204
 -2206
 -2204
 -2192
 -2195
 -2198
 -2204
 -2198
 -2192
 -2190
 -2188
 -2189
 -2187
 -2177
 -2166
 -2164
 -2165
 -2159
 -2160
 -2161
 -2167
 -2167
 -2151
 -2152
 -2147
 -2142
 -2142
 -2142
 -2145
 -2142
 -2130
 -2130
 -2144
 -2146
 -2147
 -2152
 -2150
 -2153
 -2159
 -2170
 -2182
 -2189
 -2190
 -2191
 -2195
 -2198
 -2203
 -2204
 -2207
 -2211
 -2214
 -2213
 -2219
 -2221
 -2223
 -2218
 -2218
 -2218
 -2218
 -2221
 -2218
 -2207
 -2204
 -2200
 -2189
 -2192
 -2192
 -2192
 -2191
 -2203
 -2202
 -2209
 -2211
 -2219
 -2227
 -2230
 -2227
 -2232
 -2227
 -2230
 -2240
 -2245
 -2246
 -2247
 -2249
 -2256
 -2262
 -2268
 -2269
 -2274
 -2275
 -2269
 -2260
 -2254
 -2243
 -2256
 -2248
 -2248
 -2240
 -2237
 -2230
 -2231
 -2228
 -2217
 -2199
 -2203
 -2200
 -2196
 -2198
 -2193
 -2190
 -2188
 -2179
 -2183
 -2181
 -2182
 -2181
 -2168
 -2169
 -2165
 -2166
 -2168
 -2170
 -2172
 -2177
 -2176
 -2176
 -2169
 -2159
 -2157
 -2157
 -2158
 -2163
 -2157
 -2149
 -2154
 -2145
 -2141
 -2141
 -2144
 -2142
 -2135
 -2143
 -2122
 -2117
 -2105
 -2101
 -2094
 -2097
 -2099
 -2089
 -2093
 -2084
 -2084
 -2085
 -2084
 -2088
 -2087
 -2087
 -2092
 -2085
 -2071
 -2080
 -2084
 -2089
 -2089
 -2097
 -2090
 -2079
 -2079
 -2074
 -2069
 -2070
 -2075
 -2079
 -2080
 -2084
 -2082
 -2091
 -2095
 -2098
 -2098
 -2096
 -2092
 -2098
 -2099
 -2089
 -2090
 -2083
 -2089
 -2091
 -2095
 -2094
 -2095
 -2089
 -2091
 -2094
 -2103
 -2100
 -2104
 -2099
 -2098
 -2102
 -2109
 -2115
 -2123
 -2130
 -2133
 -2141
 -2145
 -2151
 -2145
 -2141
 -2136
 -2129
 -2129
 -2125
 -2124
 -2122
 -2132
 -2140
 -2153
 -2156
 -2160
 -2167
 -2167
 -2166
 -2161
 -2164
 -2158
 -2158
 -2155
 -2160
 -2167
 -2170
 -2173
 -2175
 -2172
 -2176
 -2168
 -2173
 -2167
 -2164
 -2164
 -2164
 -2171
 -2173
 -2181
 -2180
 -2179
 -2178
 -2180
 -2177
 -2167
 -2171
 -2170
 -2172
 -2168
 -2170
 -2172
 -2176
 -2181
 -2193
 -2201
 -2204
 -2209
 -2217
 -2225
 -2226
 -2226
 -2232
 -2240
 -2245
 -2249
 -2245
 -2246
 -2245
 -2243
 -2253
 -2250
 -2248
 -2240
 -2248
 -2250
 -2249
 -2241
 -2242
 -2242
 -2243
 -2240
 -2236
 -2223
 -2228
 -2226
 -2217
 -2210
 -2212
 -2215
 -2221
 -2218
 -2215
 -2220
 -2223
 -2227
 -2233
 -2241
 -2239
 -2242
 -2241
 -2246
 -2252
 -2250
 -2251
 -2257
 -2251
 -2246
 -2247
 -2236
 -2238
 -2223
 -2213
 -2208
 -2207
 -2208
 -2209
 -2210
 -2216
 -2221
 -2222
 -2228
 -2222
 -2224
 -2224
 -2223
 -2220
 -2223
 -2218
 -2209
 -2208
 -2210
 -2209
 -2203
 -2198
 -2195
 -2189
 -2181
 -2183
 -2186
 -2187
 -2186
 -2179
 -2175
 -2175
 -2172
 -2170
 -2172
 -2176
 -2175
 -2167
 -2173
 -2177
 -2177
 -2177
 -2178
 -2180
 -2190
 -2193
 -2204
 -2212
 -2214
 -2215
 -2210
 -2215
 -2209
 -2205
 -2205
 -2189
 -2187
 -2185
 -2184
 -2181
 -2194
 -2194
 -2202
 -2205
 -2208
 -2207
 -2207
 -2208
 -2210
 -2204
 -2198
 -2186
 -2182
 -2177
 -2165
 -2156
 -2157
 -2144
 -2140
 -2145
 -2146
 -2145
 -2146
 -2142
 -2139
 -2140
 -2138
 -2128
 -2129
 -2135
 -2135
 -2136
 -2146
 -2145
 -2150
 -2158
 -2162
 -2163
 -2165
 -2165
 -2164
 -2160
 -2159
 -2156
 -2148
 -2151
 -2150
 -2152
 -2154
 -2167
 -2171
 -2176
 -2183
 -2183
 -2183
 -2174
 -2176
 -2163
 -2154
 -2147
 -2147
 -2147
 -2148
 -2151
 -2155
 -2157
 -2169
 -2170
 -2174
 -2182
 -2193
 -2188
 -2195
 -2207
 -2212
 -2218
 -2212
 -2214
 -2218
 -2213
 -2213
 -2203
 -2204
 -2202
 -2195
 -2193
 -2191
 -2199
 -2197
 -2206
 -2214
 -2220
 -2222
 -2228
 -2235
 -2239
 -2245
 -2247
 -2244
 -2250
 -2253
 -2254
 -2253
 -2256
 -2261
 -2266
 -2261
 -2265
 -2264
 -2262
 -2268
 -2268
 -2264
 -2267
 -2269
 -2270
 -2266
 -2267
 -2265
 -2257
 -2241
 -2228
 -2215
 -2215
 -2213
 -2215
 -2215
 -2216
 -2213
 -2218
 -2218
 -2222
 -2229
 -2232
 -2238
 -2241
 -2244
 -2243
 -2244
 -2246
 -2250
 -2250
 -2253
 -2255
 -2244
 -2243
 -2243
 -2250
 -2256
 -2255
 -2256
 -2257
 -2266
 -2271
 -2276
 -2281
 -2289
 -2290
 -2290
 -2280
 -2271
 -2271
 -2272
 -2257
 -2256
 -2256
 -2256
 -2254
 -2252
 -2252
 -2257
 -2264
 -2258
 -2259
 -2261
 -2264
 -2261
 -2268
 -2276
 -2279
 -2279
 -2282
 -2284
 -2292
 -2292
 -2297
 -2306
 -2310
 -2311
 -2310
 -2310
 -2311
 -2310
 -2308
 -2311
 -2309
 -2315
 -2317
 -2318
 -2317
 -2315
 -2315
 -2312
 -2309
 -2308
 -2312
 -2315
 -2310
 -2310
 -2308
 -2307
 -2305
 -2296
 -2299
 -2307
 -2309
 -2310
 -2309
 -2316
 -2320
 -2321
 -2321
 -2322
 -2317
 -2315
 -2313
 -2316
 -2315
 -2317
 -2319
 -2320
 -2326
 -2326
 -2332
 -2333
 -2334
 -2338
 -2339
 -2337
 -2341
 -2341
 -2345
 -2349
 -2354
 -2356
 -2357
 -2350
 -2346
 -2339
 -2342
 -2339
 -2332
 -2334
 -2334
 -2335
 -2332
 -2332
 -2335
 -2327
 -2334
 -2338
 -2342
 -2338
 -2337
 -2322
 -2299
 -2290
 -2281
 -2269
 -2276
 -2275
 -2271
 -2271
 -2268
 -2256
 -2257
 -2256
 -2250
 -2252
 -2253
 -2244
 -2241
 -2214
 -2211
 -2213
 -2211
 -2206
 -2209
 -2212
 -2222
 -2222
 -2227
 -2226
 -2226
 -2227
 -2228
 -2229
 -2230
 -2233
 -2233
 -2231
 -2223
 -2217
 -2211
 -2206
 -2199
 -2199
 -2206
 -2204
 -2202
 -2210
 -2213
 -2215
 -2228
 -2230
 -2230
 -2229
 -2229
 -2227
 -2224
 -2219
 -2225
 -2235
 -2236
 -2233
 -2235
 -2235
 -2232
 -2239
 -2246
 -2246
 -2247
 -2247
 -2248
 -2247
 -2245
 -2250
 -2253
 -2250
 -2248
 -2253
 -2253
 -2253
 -2250
 -2255
 -2260
 -2252
 -2256
 -2255
 -2260
 -2257
 -2257
 -2237
 -2238
 -2229
 -2237
 -2242
 -2239
 -2238
 -2242
 -2244
 -2240
 -2250
 -2253
 -2250
 -2257
 -2257
 -2255
 -2250
 -2246
 -2255
 -2248
 -2243
 -2245
 -2243
 -2246
 -2244
 -2230
 -2217
 -2211
 -2218
 -2219
 -2220
 -2220
 -2220
 -2210
 -2203
 -2193
 -2185
 -2185
 -2185
 -2186
 -2187
 -2192
 -2199
 -2208
 -2212
 -2208
 -2202
 -2199
 -2204
 -2194
 -2183
 -2177
 -2175
 -2175
 -2175
 -2177
 -2179
 -2187
 -2198
 -2209
 -2214
 -2218
 -2224
 -2226
 -2223
 -2229
 -2232
 -2240
 -2240
 -2240
 -2236
 -2239
 -2247
 -2250
 -2258
 -2260
 -2258
 -2257
 -2258
 -2257
 -2250
 -2255
 -2261
 -2263
 -2260
 -2261
 -2261
 -2257
 -2263
 -2264
 -2264
 -2267
 -2268
 -2268
 -2269
 -2273
 -2275
 -2279
 -2286
 -2295
 -2290
 -2283
 -2283
 -2283
 -2279
 -2278
 -2273
 -2265
 -2265
 -2264
 -2264
 -2263
 -2262
 -2257
 -2240
 -2242
 -2239
 -2240
 -2239
 -2244
 -2235
 -2221
 -2217
 -2212
 -2203
 -2196
 -2195
 -2193
 -2197
 -2186
 -2189
 -2195
 -2197
 -2198
 -2201
 -2202
 -2209
 -2214
 -2217
 -2223
 -2231
 -2226
 -2220
 -2218
 -2212
 -2206
 -2196
 -2196
 -2193
 -2194
 -2191
 -2187
 -2180
 -2185
 -2181
 -2168
 -2166
 -2153
 -2156
 -2155
 -2154
 -2161
 -2158
 -2151
 -2139
 -2136
 -2140
 -2143
 -2143
 -2132
 -2125
 -2125
 -2127
 -2128
 -2129
 -2129
 -2126
 -2124
 -2120
 -2119
 -2125
 -2123
 -2118
 -2117
 -2114
 -2114
 -2111
 -2109
 -2112
 -2111
 -2110
 -2116
 -2111
 -2103
 -2116
 -2108
 -2110
 -2110
 -2114
 -2107
 -2106
 -2098
 -2091
 -2099
 -2098
 -2101
 -2102
 -2103
 -2088
 -2088
 -2097
 -2093
 -2092
 -2092
 -2095
 -2099
 -2107
 -2116
 -2121
 -2128
 -2140
 -2148
 -2148
 -2145
 -2149
 -2151
 -2144
 -2141
 -2140
 -2150
 -2150
 -2157
 -2161
 -2162
 -2178
 -2188
 -2196
 -2190
 -2194
 -2190
 -2200
 -2198
 -2202
 -2205
 -2209
 -2210
 -2210
 -2209
 -2213
 -2223
 -2231
 -2228
 -2225
 -2226
 -2227
 -2229
 -2230
 -2237
 -2242
 -2244
 -2247
 -2250
 -2252
 -2252
 -2249
 -2259
 -2266
 -2270
 -2273
 -2273
 -2270
 -2270
 -2259
 -2267
 -2257
 -2248
 -2251
 -2254
 -2251
 -2245
 -2225
 -2225
 -2216
 -2220
 -2223
 -2228
 -2220
 -2221
 -2224
 -2228
 -2231
 -2235
 -2243
 -2245
 -2244
 -2249
 -2250
 -2256
 -2261
 -2262
 -2264
 -2266
 -2266
 -2269
 -2269
 -2278
 -2286
 -2294
 -2297
 -2297
 -2298
 -2299
 -2294
 -2284
 -2269
 -2255
 -2254
 -2255
 -2254
 -2246
 -2242
 -2241
 -2233
 -2226
 -2219
 -2227
 -2231
 -2236
 -2239
 -2243
 -2241
 -2246
 -2250
 -2252
 -2245
 -2241
 -2240
 -2234
 -2216
 -2207
 -2200
 -2200
 -2201
 -2201
 -2205
 -2205
 -2200
 -2206
 -2208
 -2203
 -2194
 -2199
 -2194
 -2182
 -2186
 -2178
 -2172
 -2165
 -2159
 -2152
 -2143
 -2148
 -2140
 -2140
 -2132
 -2137
 -2140
 -2139
 -2131
 -2131
 -2129
 -2115
 -2113
 -2120
 -2129
 -2127
 -2126
 -2123
 -2131
 -2117
 -2120
 -2119
 -2121
 -2126
 -2122
 -2128
 -2132
 -2135
 -2137
 -2140
 -2141
 -2142
 -2135
 -2140
 -2134
 -2130
 -2134
 -2132
 -2134
 -2138
 -2141
 -2152
 -2161
 -2164
 -2170
 -2170
 -2173
 -2175
 -2181
 -2185
 -2187
 -2187
 -2193
 -2197
 -2195
 -2200
 -2206
 -2209
 -2217
 -2219
 -2224
 -2224
 -2229
 -2231
 -2233
 -2229
 -2231
 -2238
 -2244
 -2248
 -2242
 -2246
 -2240
 -2239
 -2229
 -2228
 -2223
 -2220
 -2221
 -2224
 -2230
 -2240
 -2241
 -2248
 -2246
 -2245
 -2244
 -2247
 -2238
 -2225
 -2205
 -2190
 -2193
 -2194
 -2196
 -2199
 -2204
 -2208
 -2218
 -2227
 -2227
 -2229
 -2226
 -2220
 -2214
 -2216
 -2218
 -2209
 -2212
 -2210
 -2211
 -2213
 -2217
 -2209
 -2211
 -2209
 -2217
 -2224
 -2224
 -2231
 -2237
 -2234
 -2243
 -2245
 -2244
 -2245
 -2247
 -2244
 -2247
 -2256
 -2249
 -2256
 -2262
 -2265
 -2267
 -2269
 -2277
 -2284
 -2284
 -2281
 -2283
 -2284
 -2287
 -2286
 -2277
 -2266
 -2252
 -2248
 -2247
 -2245
 -2245
 -2240
 -2237
 -2231
 -2213
 -2213
 -2206
 -2204
 -2196
 -2202
 -2204
 -2201
 -2200
 -2190
 -2194
 -2184
 -2186
 -2193
 -2196
 -2199
 -2204
 -2208
 -2208
 -2209
 -2219
 -2222
 -2226
 -2228
 -2230
 -2241
 -2245
 -2246
 -2246
 -2245
 -2242
 -2242
 -2246
 -2247
 -2248
 -2248
 -2249
 -2250
 -2250
 -2247
 -2255
 -2256
 -2261
 -2255
 -2256
 -2262
 -2266
 -2262
 -2261
 -2260
 -2255
 -2258
 -2261
 -2263
 -2268
 -2263
 -2265
 -2267
 -2272
 -2271
 -2260
 -2260
 -2255
 -2240
 -2229
 -2235
 -2235
 -2235
 -2234
 -2237
 -2238
 -2234
 -2236
 -2241
 -2240
 -2240
 -2241
 -2242
 -2239
 -2236
 -2234
 -2236
 -2236
 -2237
 -2237
 -2241
 -2238
 -2242
 -2244
 -2244
 -2241
 -2241
 -2242
 -2244
 -2247
 -2257
 -2257
 -2263
 -2265
 -2266
 -2265
 -2261
 -2257
 -2248
 -2254
 -2252
 -2234
 -2239
 -2230
 -2225
 -2215
 -2208
 -2206
 -2189
 -2185
 -2183
 -2179
 -2187
 -2185
 -2192
 -2199
 -2203
 -2202
 -2202
 -2205
 -2196
 -2196
 -2195
 -2196
 -2194
 -2184
 -2188
 -2185
 -2177
 -2178
 -2179
 -2179
 -2177
 -2168
 -2164
 -2165
 -2168
 -2175
 -2184
 -2187
 -2201
 -2206
 -2205
 -2212
 -2218
 -2226
 -2227
 -2229
 -2234
 -2233
 -2234
 -2235
 -2229
 -2223
 -2211
 -2207
 -2205
 -2202
 -2202
 -2205
 -2204
 -2200
 -2202
 -2206
 -2212
 -2210
 -2222
 -2222
 -2222
 -2216
 -2212
 -2212
 -2208
 -2204
 -2203
 -2200
 -2204
 -2204
 -2216
 -2222
 -2221
 -2224
 -2226
 -2223
 -2215
 -2204
 -2204
 -2198
 -2194
 -2188
 -2190
 -2190
 -2192
 -2194
 -2187
 -2196
 -2210
 -2207
 -2208
 -2210
 -2213
 -2213
 -2210
 -2213
 -2218
 -2218
 -2215
 -2219
 -2224
 -2226
 -2232
 -2230
 -2235
 -2233
 -2236
 -2244
 -2233
 -2230
 -2235
 -2235
 -2236
 -2223
 -2221
 -2222
 -2219
 -2213
 -2202
 -2196
 -2199
 -2199
 -2200
 -2194
 -2184
 -2179
 -2174
 -2172
 -2175
 -2171
 -2169
 -2169
 -2163
 -2161
 -2153
 -2150
 -2141
 -2141
 -2130
 -2131
 -2131
 -2130
 -2144
 -2152
 -2154
 -2152
 -2152
 -2153
 -2155
 -2157
 -2165
 -2168
 -2174
 -2178
 -2178
 -2178
 -2181
 -2178
 -2178
 -2182
 -2185
 -2187
 -2185
 -2189
 -2191
 -2200
 -2208
 -2213
 -2217
 -2216
 -2217
 -2215
 -2211
 -2216
 -2198
 -2197
 -2200
 -2190
 -2189
 -2187
 -2180
 -2177
 -2158
 -2155
 -2154
 -2159
 -2156
 -2153
 -2151
 -2162
 -2164
 -2163
 -2162
 -2164
 -2167
 -2175
 -2175
 -2170
 -2173
 -2168
 -2165
 -2169
 -2170
 -2171
 -2170
 -2174
 -2176
 -2173
 -2162
 -2166
 -2165
 -2165
 -2166
 -2164
 -2169
 -2172
 -2183
 -2189
 -2189
 -2190
 -2185
 -2188
 -2186
 -2177
 -2177
 -2174
 -2169
 -2169
 -2165
 -2158
 -2150
 -2136
 -2132
 -2126
 -2112
 -2117
 -2120
 -2120
 -2116
 -2103
 -2104
 -2107
 -2104
 -2101
 -2102
 -2107
 -2114
 -2115
 -2116
 -2130
 -2134
 -2138
 -2144
 -2144
 -2143
 -2148
 -2151
 -2153
 -2153
 -2153
 -2158
 -2168
 -2185
 -2198
 -2204
 -2206
 -2205
 -2206
 -2209
 -2216
 -2223
 -2227
 -2227
 -2227
 -2223
 -2224
 -2225
 -2213
 -2202
 -2199
 -2193
 -2195
 -2186
 -2177
 -2175
 -2162
 -2156
 -2156
 -2158
 -2146
 -2146
 -2150
 -2149
 -2157
 -2155
 -2164
 -2157
 -2161
 -2161
 -2161
 -2167
 -2163
 -2163
 -2163
 -2172
 -2179
 -2180
 -2179
 -2180
 -2178
 -2185
 -2183
 -2180
 -2178
 -2176
 -2177
 -2174
 -2178
 -2176
 -2179
 -2173
 -2171
 -2173
 -2173
 -2173
 -2176
 -2168
 -2173
 -2175
 -2174
 -2179
 -2177
 -2180
 -2173
 -2181
 -2180
 -2183
 -2184
 -2184
 -2190
 -2190
 -2195
 -2205
 -2203
 -2210
 -2215
 -2216
 -2216
 -2223
 -2218
 -2214
 -2210
 -2208
 -2206
 -2209
 -2208
 -2208
 -2203
 -2199
 -2193
 -2194
 -2192
 -2191
 -2193
 -2200
 -2201
 -2200
 -2212
 -2216
 -2223
 -2223
 -2218
 -2225
 -2207
 -2197
 -2190
 -2187
 -2182
 -2180
 -2179
 -2186
 -2192
 -2199
 -2202
 -2209
 -2213
 -2211
 -2206
 -2204
 -2200
 -2202
 -2200
 -2187
 -2184
 -2180
 -2179
 -2174
 -2172
 -2174
 -2169
 -2179
 -2173
 -2170
 -2173
 -2174
 -2175
 -2181
 -2187
 -2189
 -2188
 -2187
 -2188
 -2187
 -2189
 -2183
 -2185
 -2187
 -2195
 -2196
 -2194
 -2192
 -2185
 -2181
 -2180
 -2180
 -2177
 -2175
 -2174
 -2173
 -2167
 -2156
 -2152
 -2152
 -2141
 -2139
 -2144
 -2143
 -2144
 -2134
 -2131
 -2120
 -2118
 -2108
 -2114
 -2117
 -2117
 -2116
 -2104
 -2108
 -2112
 -2112
 -2105
 -2092
 -2088
 -2082
 -2078
 -2071
 -2072
 -2073
 -2073
 -2074
 -2080
 -2087
 -2094
 -2095
 -2096
 -2100
 -2109
 -2112
 -2115
 -2119
 -2120
 -2122
 -2129
 -2133
 -2135
 -2141
 -2147
 -2147
 -2150
 -2158
 -2163
 -2169
 -2163
 -2168
 -2172
 -2174
 -2179
 -2181
 -2187
 -2187
 -2188
 -2185
 -2185
 -2201
 -2202
 -2206
 -2208
 -2208
 -2211
 -2213
 -2225
 -2232
 -2234
 -2233
 -2234
 -2238
 -2234
 -2231
 -2221
 -2206
 -2198
 -2203
 -2196
 -2192
 -2194
 -2197
 -2201
 -2203
 -2209
 -2215
 -2212
 -2217
 -2217
 -2211
 -2209
 -2204
 -2193
 -2193
 -2188
 -2180
 -2181
 -2188
 -2186
 -2191
 -2189
 -2186
 -2188
 -2189
 -2191
 -2194
 -2187
 -2188
 -2169
 -2166
 -2162
 -2163
 -2162
 -2166
 -2169
 -2170
 -2174
 -2178
 -2183
 -2182
 -2187
 -2193
 -2197
 -2200
 -2206
 -2206
 -2216
 -2225
 -2224
 -2221
 -2218
 -2214
 -2210
 -2213
 -2203
 -2201
 -2204
 -2200
 -2188
 -2175
 -2166
 -2158
 -2150
 -2149
 -2150
 -2149
 -2156
 -2159
 -2161
 -2165
 -2165
 -2169
 -2169
 -2161
 -2158
 -2163
 -2160
 -2153
 -2152
 -2150
 -2152
 -2154
 -2160
 -2166
 -2166
 -2169
 -2170
 -2171
 -2171
 -2168
 -2157
 -2151
 -2145
 -2144
 -2138
 -2135
 -2135
 -2138
 -2151
 -2150
 -2142
 -2146
 -2151
 -2150
 -2153
 -2149
 -2136
 -2130
 -2135
 -2125
 -2121
 -2118
 -2112
 -2108
 -2115
 -2113
 -2113
 -2111
 -2107
 -2112
 -2113
 -2114
 -2118
 -2118
 -2123
 -2127
 -2135
 -2136
 -2137
 -2137
 -2143
 -2144
 -2151
 -2164
 -2164
 -2166
 -2165
 -2164
 -2163
 -2167
 -2167
 -2167
 -2168
 -2170
 -2169
 -2171
 -2171
 -2164
 -2169
 -2156
 -2150
 -2151
 -2152
 -2150
 -2136
 -2127
 -2117
 -2112
 -2110
 -2108
 -2108
 -2114
 -2118
 -2125
 -2125
 -2135
 -2139
 -2140
 -2138
 -2131
 -2135
 -2127
 -2112
 -2101
 -2092
 -2094
 -2094
 -2089
 -2092
 -2100
 -2088
 -2074
 -2073
 -2072
 -2075
 -2076
 -2082
 -2074
 -2074
 -2069
 -2073
 -2074
 -2069
 -2070
 -2063
 -2045
 -2040
 -2031
 -2031
 -2029
 -2028
 -2022
 -2018
 -2021
 -2026
 -2027
 -2030
 -2031
 -2032
 -2032
 -2028
 -2029
 -2019
 -2020
 -2024
 -2025
 -2030
 -2041
 -2051
 -2067
 -2073
 -2082
 -2084
 -2084
 -2087
 -2088
 -2100
 -2107
 -2107
 -2108
 -2108
 -2108
 -2111
 -2091
 -2093
 -2095
 -2093
 -2084
 -2088
 -2090
 -2086
 -2094
 -2098
 -2107
 -2114
 -2117
 -2122
 -2128
 -2132
 -2135
 -2141
 -2147
 -2155
 -2154
 -2152
 -2158
 -2159
 -2160
 -2164
 -2166
 -2167
 -2168
 -2169
 -2162
 -2159
 -2154
 -2150
 -2128
 -2135
 -2123
 -2119
 -2122
 -2123
 -2120
 -2120
 -2111
 -2118
 -2116
 -2115
 -2116
 -2120
 -2124
 -2132
 -2135
 -2139
 -2143
 -2151
 -2152
 -2152
 -2157
 -2157
 -2157
 -2164
 -2168
 -2171
 -2172
 -2169
 -2170
 -2166
 -2163
 -2159
 -2157
 -2145
 -2151
 -2155
 -2163
 -2166
 -2175
 -2179
 -2183
 -2176
 -2181
 -2185
 -2174
 -2174
 -2171
 -2171
 -2170
 -2167
 -2166
 -2165
 -2168
 -2168
 -2179
 -2182
 -2184
 -2183
 -2184
 -2185
 -2188
 -2191
 -2189
 -2189
 -2188
 -2192
 -2195
 -2195
 -2197
 -2201
 -2204
 -2205
 -2204
 -2209
 -2210
 -2209
 -2201
 -2192
 -2188
 -2188
 -2177
 -2172
 -2178
 -2169
 -2165
 -2165
 -2168
 -2161
 -2152
 -2153
 -2153
 -2152
 -2148
 -2131
 -2132
 -2135
 -2133
 -2130
 -2129
 -2130
 -2135
 -2122
 -2119
 -2103
 -2095
 -2092
 -2090
 -2085
 -2086
 -2082
 -2075
 -2072
 -2066
 -2070
 -2067
 -2068
 -2070
 -2064
 -2063
 -2065
 -2061
 -2057
 -2053
 -2050
 -2052
 -2055
 -2045
 -2048
 -2052
 -2050
 -2050
 -2051
 -2056
 -2061
 -2067
 -2078
 -2082
 -2084
 -2083
 -2083
 -2085
 -2090
 -2095
 -2102
 -2097
 -2101
 -2102
 -2100
 -2103
 -2107
 -2102
 -2107
 -2098
 -2094
 -2091
 -2095
 -2098
 -2089
 -2083
 -2083
 -2085
 -2089
 -2089
 -2090
 -2091
 -2091
 -2073
 -2077
 -2082
 -2085
 -2083
 -2085
 -2087
 -2088
 -2104
 -2109
 -2110
 -2112
 -2112
 -2113
 -2121
 -2126
 -2128
 -2135
 -2140
 -2144
 -2145
 -2134
 -2134
 -2136
 -2131
 -2117
 -2098
 -2100
 -2102
 -2109
 -2113
 -2115
 -2118
 -2127
 -2131
 -2132
 -2133
 -2132
 -2128
 -2123
 -2116
 -2109
 -2111
 -2111
 -2110
 -2110
 -2115
 -2117
 -2097
 -2085
 -2084
 -2076
 -2073
 -2082
 -2073
 -2060
 -2054
 -2047
 -2049
 -2051
 -2049
 -2049
 -2052
 -2062
 -2078
 -2085
 -2086
 -2089
 -2089
 -2089
 -2090
 -2090
 -2089
 -2093
 -2091
 -2091
 -2096
 -2104
 -2115
 -2119
 -2123
 -2124
 -2126
 -2127
 -2131
 -2133
 -2139
 -2140
 -2138
 -2140
 -2144
 -2147
 -2147
 -2145
 -2151
 -2153
 -2139
 -2131
 -2129
 -2136
 -2138
 -2136
 -2139
 -2134
 -2127
 -2135
 -2131
 -2124
 -2123
 -2119
 -2116
 -2119
 -2118
 -2108
 -2110
 -2109
 -2109
 -2108
 -2107
 -2101
 -2089
 -2081
 -2080
 -2083
 -2083
 -2089
 -2082
 -2083
 -2080
 -2087
 -2071
 -2069
 -2066
 -2067
 -2068
 -2070
 -2079
 -2092
 -2093
 -2095
 -2097
 -2096
 -2100
 -2098
 -2085
 -2087
 -2084
 -2079
 -2083
 -2084
 -2080
 -2074
 -2075
 -2077
 -2077
 -2073
 -2067
 -2070
 -2061
 -2054
 -2054
 -2054
 -2039
 -2044
 -2045
 -2046
 -2053
 -2064
 -2070
 -2080
 -2085
 -2092
 -2092
 -2103
 -2114
 -2116
 -2113
 -2123
 -2131
 -2130
 -2132
 -2139
 -2144
 -2150
 -2153
 -2165
 -2158
 -2159
 -2160
 -2159
 -2154
 -2156
 -2151
 -2147
 -2148
 -2144
 -2136
 -2136
 -2133
 -2143
 -2144
 -2144
 -2148
 -2143
 -2145
 -2145
 -2142
 -2132
 -2121
 -2111
 -2113
 -2109
 -2106
 -2108
 -2112
 -2116
 -2120
 -2129
 -2138
 -2143
 -2145
 -2144
 -2141
 -2134
 -2136
 -2120
 -2115
 -2113
 -2114
 -2115
 -2104
 -2105
 -2105
 -2102
 -2099
 -2102
 -2100
 -2102
 -2111
 -2114
 -2122
 -2125
 -2127
 -2128
 -2129
 -2129
 -2134
 -2143
 -2152
 -2158
 -2171
 -2172
 -2173
 -2170
 -2174
 -2178
 -2181
 -2185
 -2181
 -2185
 -2192
 -2193
 -2199
 -2202
 -2207
 -2213
 -2213
 -2216
 -2218
 -2217
 -2219
 -2217
 -2218
 -2221
 -2221
 -2221
 -2226
 -2224
 -2226
 -2233
 -2237
 -2242
 -2241
 -2250
 -2257
 -2259
 -2257
 -2259
 -2255
 -2255
 -2262
 -2261
 -2261
 -2261
 -2263
 -2268
 -2263
 -2261
 -2267
 -2266
 -2266
 -2266
 -2266
 -2267
 -2253
 -2246
 -2241
 -2236
 -2235
 -2230
 -2228
 -2221
 -2213
 -2209
 -2207
 -2213
 -2209
 -2209
 -2208
 -2213
 -2218
 -2214
 -2213
 -2213
 -2212
 -2211
 -2207
 -2200
 -2194
 -2200
 -2207
 -2211
 -2213
 -2216
 -2204
 -2190
 -2198
 -2187
 -2189
 -2188
 -2190
 -2191
 -2193
 -2188
 -2194
 -2194
 -2195
 -2205
 -2204
 -2198
 -2193
 -2180
 -2173
 -2166
 -2175
 -2170
 -2168
 -2169
 -2165
 -2163
 -2158
 -2157
 -2161
 -2156
 -2157
 -2156
 -2162
 -2169
 -2174
 -2176
 -2182
 -2182
 -2182
 -2182
 -2170
 -2171
 -2164
 -2155
 -2152
 -2145
 -2138
 -2139
 -2144
 -2142
 -2148
 -2158
 -2162
 -2164
 -2165
 -2166
 -2158
 -2156
 -2147
 -2146
 -2147
 -2145
 -2147
 -2147
 -2137
 -2137
 -2124
 -2111
 -2118
 -2108
 -2105
 -2107
 -2103
 -2113
 -2122
 -2129
 -2134
 -2141
 -2139
 -2135
 -2132
 -2127
 -2119
 -2108
 -2108
 -2110
 -2111
 -2117
 -2117
 -2121
 -2121
 -2122
 -2125
 -2123
 -2129
 -2135
 -2134
 -2141
 -2132
 -2137
 -2136
 -2139
 -2140
 -2140
 -2136
 -2141
 -2148
 -2151
 -2150
 -2151
 -2155
 -2148
 -2144
 -2145
 -2148
 -2140
 -2140
 -2140
 -2143
 -2151
 -2155
 -2156
 -2144
 -2133
 -2130
 -2122
 -2116
 -2112
 -2105
 -2103
 -2100
 -2100
 -2110
 -2108
 -2111
 -2108
 -2106
 -2109
 -2117
 -2124
 -2124
 -2125
 -2125
 -2125
 -2127
 -2135
 -2137
 -2141
 -2145
 -2148
 -2154
 -2158
 -2162
 -2167
 -2164
 -2166
 -2170
 -2173
 -2174
 -2176
 -2183
 -2180
 -2183
 -2168
 -2160
 -2163
 -2163
 -2162
 -2156
 -2160
 -2149
 -2147
 -2143
 -2148
 -2154
 -2162
 -2166
 -2167
 -2170
 -2170
 -2169
 -2166
 -2168
 -2173
 -2175
 -2173
 -2173
 -2181
 -2188
 -2184
 -2191
 -2192
 -2188
 -2177
 -2172
 -2167
 -2160
 -2157
 -2157
 -2157
 -2157
 -2153
 -2148
 -2151
 -2151
 -2144
 -2143
 -2154
 -2169
 -2169
 -2167
 -2156
 -2148
 -2138
 -2131
 -2128
 -2123
 -2111
 -2110
 -2098
 -2087
 -2082
 -2082
 -2082
 -2077
 -2076
 -2072
 -2066
 -2065
 -2065
 -2065
 -2067
 -2068
 -2071
 -2067
 -2067
 -2045
 -2043
 -2045
 -2055
 -2058
 -2066
 -2071
 -2084
 -2090
 -2092
 -2102
 -2108
 -2111
 -2123
 -2131
 -2137
 -2141
 -2150
 -2151
 -2152
 -2153
