     0
     0
    -1
    -1
     1
     3
     3
     1
     0
     1
     2
     3
     2
     3
     3
     3
     3
     2
     2
    -3
    -2
    -5
    -6
    -6
    -8
   -10
   -12
   -10
   -10
   -11
    -9
    -8
    -7
    -7
    -2
    -2
    -5
    -1
    -7
    12
    39
    91
   175
   255
   321
   375
   422
   517
   575
   603
   669
   740
   805
   856
   900
   953
   998
  1054
  1105
  1158
  1165
  1200
  1241
  1251
  1264
  1339
  1390
  1430
  1476
  1535
  1571
  1579
  1613
  1649
  1706
  1735
  1725
  1773
  1804
  1848
  1864
  1894
  1905
  1951
  1969
  1991
  2024
  2014
  2021
  2029
  1997
  2035
  2048
  2034
  2037
  2037
  2056
  2109
  2134
  2178
  2199
  2199
  2197
  2194
  2199
  2202
  2241
  2238
  2249
  2273
  2272
  2297
  2283
  2304
  2318
  2326
  2323
  2338
  2356
  2373
  2368
  2348
  2350
  2339
  2339
  2322
  2317
  2313
  2310
  2328
  2325
  2344
  2347
  2360
  2376
  2399
  2406
  2382
  2396
  2423
  2405
  2412
  2408
  2416
  2409
  2430
  2435
  2427
  2482
  2512
  2508
  2491
  2511
  2522
  2529
  2542
  2525
  2530
  2558
  2562
  2557
  2611
  2622
  2618
  2636
  2654
  2649
  2653
  2669
  2665
  2691
  2699
  2727
  2725
  2717
  2705
  2671
  2704
  2703
  2706
  2710
  2728
  2722
  2729
  2736
  2738
  2697
  2645
  2632
  2623
  2623
  2622
  2650
  2663
  2673
  2672
  2679
  2686
  2669
  2674
  2652
  2627
  2646
  2655
  2676
  2669
  2674
  2673
  2676
  2670
  2656
  2655
  2673
  2682
  2671
  2684
  2677
  2678
  2669
  2683
  2698
  2716
  2712
  2711
  2733
  2737
  2759
  2762
  2762
  2748
  2748
  2745
  2758
  2763
  2798
  2801
  2830
  2841
  2845
  2845
  2830
  2824
  2821
  2809
  2798
  2783
  2777
  2761
  2743
  2715
  2717
  2735
  2736
  2751
  2746
  2745
  2744
  2725
  2714
  2681
  2691
  2715
  2708
  2705
  2696
  2672
  2679
  2658
  2653
  2643
  2640
  2634
  2620
  2606
  2562
  2549
  2550
  2544
  2549
  2554
  2583
  2599
  2607
  2589
  2579
  2572
  2572
  2585
  2575
  2548
  2571
  2564
  2563
  2527
  2529
  2529
  2533
  2556
  2581
  2563
  2560
  2585
  2585
  2585
  2600
  2619
  2586
  2565
  2551
  2551
  2553
  2551
  2569
  2573
  2543
  2561
  2584
  2573
  2566
  2565
  2583
  2601
  2583
  2578
  2579
  2582
  2577
  2576
  2581
  2602
  2648
  2652
  2666
  2677
  2683
  2674
  2664
  2660
  2672
  2653
  2667
  2675
  2677
  2686
  2686
  2679
  2692
  2677
  2680
  2681
  2676
  2669
  2664
  2674
  2696
  2721
  2712
  2705
  2704
  2689
  2660
  2666
  2668
  2659
  2633
  2633
  2640
  2666
  2690
  2673
  2672
  2675
  2697
  2694
  2697
  2725
  2722
  2759
  2756
  2728
  2717
  2686
  2666
  2665
  2681
  2700
  2698
  2702
  2688
  2691
  2670
  2632
  2653
  2644
  2679
  2711
  2740
  2775
  2749
  2730
  2748
  2762
  2778
  2783
  2777
  2795
  2802
  2790
  2798
  2788
  2788
  2781
  2774
  2754
  2722
  2737
  2743
  2728
  2728
  2730
  2711
  2726
  2718
  2718
  2734
  2732
  2742
  2731
  2755
  2729
  2743
  2731
  2711
  2712
  2730
  2727
  2716
  2716
  2716
  2713
  2699
  2687
  2711
  2708
  2713
  2706
  2705
  2695
  2686
  2662
  2646
  2621
  2606
  2601
  2588
  2591
  2564
  2555
  2550
  2546
  2533
  2546
  2564
  2549
  2574
  2573
  2571
  2560
  2562
  2558
  2533
  2501
  2479
  2446
  2412
  2399
  2403
  2390
  2398
  2397
  2410
  2397
  2398
  2358
  2359
  2360
  2345
  2355
  2308
  2332
  2338
  2314
  2315
  2310
  2294
  2301
  2333
  2312
  2303
  2326
  2322
  2324
  2323
  2327
  2317
  2330
  2314
  2327
  2326
  2321
  2317
  2354
  2373
  2345
  2321
  2323
  2298
  2305
  2297
  2305
  2301
  2287
  2260
  2236
  2254
  2260
  2260
  2268
  2250
  2245
  2278
  2283
  2296
  2304
  2319
  2319
  2310
  2287
  2288
  2320
  2328
  2336
  2333
  2327
  2334
  2335
  2335
  2331
  2330
  2327
  2337
  2337
  2355
  2400
  2405
  2413
  2429
  2435
  2448
  2435
  2448
  2442
  2441
  2456
  2453
  2463
  2460
  2466
  2478
  2473
  2455
  2445
  2443
  2451
  2449
  2451
  2445
  2434
  2426
  2428
  2431
  2440
  2446
  2448
  2446
  2457
  2467
  2450
  2465
  2467
  2467
  2474
  2458
  2430
  2450
  2440
  2460
  2449
  2445
  2434
  2437
  2448
  2424
  2404
  2393
  2401
  2396
  2405
  2404
  2424
  2377
  2373
  2338
  2316
  2316
  2313
  2318
  2309
  2322
  2345
  2341
  2338
  2341
  2344
  2366
  2371
  2374
  2389
  2393
  2378
  2377
  2364
  2365
  2368
  2365
  2380
  2386
  2383
  2375
  2381
  2381
  2353
  2345
  2337
  2326
  2299
  2297
  2299
  2302
  2323
  2353
  2367
  2355
  2347
  2332
  2328
  2315
  2316
  2313
  2300
  2301
  2300
  2282
  2282
  2288
  2290
  2271
  2280
  2251
  2251
  2250
  2252
  2249
  2247
  2231
  2225
  2223
  2211
  2222
  2223
  2246
  2233
  2237
  2228
  2198
  2163
  2160
  2141
  2116
  2113
  2115
  2126
  2130
  2140
  2150
  2171
  2155
  2166
  2171
  2161
  2159
  2157
  2164
  2164
  2165
  2171
  2176
  2154
  2150
  2163
  2164
  2159
  2164
  2139
  2140
  2150
  2127
  2089
  2075
  2086
  2093
  2111
  2108
  2120
  2135
  2142
  2143
  2136
  2143
  2134
  2135
  2159
  2158
  2155
  2155
  2154
  2150
  2121
  2130
  2106
  2158
  2166
  2170
  2168
  2144
  2127
  2139
  2151
  2148
  2141
  2147
  2147
  2138
  2136
  2154
  2137
  2120
  2109
  2107
  2100
  2083
  2074
  2057
  2017
  2029
  2030
  2027
  2029
  2007
  2000
  2002
  2006
  1977
  1978
  1974
  1983
  2003
  1994
  1961
  1953
  1973
  1969
  1961
  1957
  1974
  2000
  2001
  2005
  2037
  2038
  2038
  2038
  2049
  2053
  2068
  2052
  2054
  2067
  2072
  2066
  2056
  2035
  2039
  2063
  2050
  2047
  2042
  2047
  2043
  2049
  2033
  2012
  1997
  1989
  1976
  1980
  1960
  1975
  1991
  1987
  1982
  1992
  1989
  2001
  2019
  2035
  2040
  2044
  2038
  2027
  2023
  2007
  2014
  2015
  2027
  2021
  2043
  2055
  2055
  2050
  2040
  2036
  2028
  2022
  2012
  2023
  2019
  1997
  2008
  2015
  2016
  2059
  2067
  2085
  2082
  2083
  2077
  2072
  2075
  2092
  2103
  2111
  2110
  2104
  2105
  2111
  2118
  2105
  2092
  2093
  2091
  2088
  2088
  2111
  2106
  2074
  2088
  2079
  2054
  2075
  2081
  2084
  2059
  2044
  2054
  2038
  2030
  2032
  2045
  2042
  2052
  2063
  2067
  2090
  2075
  2079
  2058
  2068
  2057
  2052
  2057
  2061
  2064
  2062
  2058
  2068
  2088
  2097
  2098
  2092
  2093
  2091
  2079
  2094
  2107
  2135
  2143
  2156
  2153
  2150
  2141
  2160
  2157
  2167
  2161
  2153
  2152
  2154
  2173
  2179
  2178
  2192
  2192
  2195
  2211
  2205
  2207
  2222
  2228
  2200
  2198
  2203
  2204
  2204
  2198
  2208
  2215
  2215
  2232
  2228
  2221
  2210
  2207
  2188
  2195
  2198
  2187
  2199
  2187
  2180
  2189
  2206
  2215
  2196
  2177
  2180
  2166
  2144
  2135
  2133
  2153
  2147
  2127
  2114
  2097
  2091
  2093
  2061
  2034
  2039
  2013
  2008
  2009
  2008
  2008
  2006
  1971
  1975
  1939
  1947
  1963
  1956
  1957
  1964
  1983
  1979
  1963
  1972
  1975
  1976
  1966
  1980
  1981
  1969
  1972
  1986
  1978
  1978
  1981
  1960
  1957
  1958
  1980
  1967
  1981
  1981
  1959
  1969
  1986
  1979
  1999
  1993
  1990
  1982
  1981
  1953
  1961
  1939
  1924
  1919
  1917
  1915
  1921
  1934
  1892
  1897
  1925
  1913
  1906
  1907
  1913
  1896
  1885
  1855
  1860
  1858
  1856
  1855
  1853
  1845
  1864
  1838
  1814
  1805
  1801
  1810
  1820
  1818
  1819
  1797
  1800
  1815
  1814
  1815
  1812
  1836
  1812
  1822
  1824
  1826
  1836
  1827
  1815
  1800
  1798
  1781
  1794
  1815
  1820
  1818
  1822
  1830
  1858
  1836
  1820
  1820
  1818
  1817
  1838
  1814
  1824
  1823
  1841
  1841
  1840
  1832
  1824
  1835
  1850
  1837
  1828
  1832
  1835
  1838
  1826
  1821
  1826
  1825
  1838
  1820
  1823
  1817
  1823
  1832
  1813
  1806
  1801
  1776
  1777
  1778
  1777
  1752
  1760
  1750
  1759
  1769
  1766
  1769
  1769
  1788
  1806
  1807
  1795
  1808
  1804
  1806
  1813
  1821
  1824
  1841
  1860
  1861
  1857
  1857
  1849
  1848
  1858
  1874
  1874
  1874
  1871
  1883
  1879
  1891
  1891
  1921
  1917
  1920
  1951
  1945
  1928
  1943
  1953
  1970
  1967
  1964
  1976
  1978
  1992
  1991
  1979
  2000
  2005
  1982
  1955
  1967
  1966
  1970
  1964
  1976
  1984
  1980
  1980
  1973
  1961
  1965
  1956
  1930
  1933
  1921
  1909
  1908
  1890
  1848
  1842
  1843
  1850
  1848
  1849
  1850
  1847
  1832
  1797
  1790
  1759
  1762
  1764
  1767
  1758
  1736
  1734
  1680
  1697
  1703
  1703
  1701
  1701
  1696
  1703
  1677
  1673
  1679
  1667
  1662
  1656
  1646
  1677
  1674
  1652
  1651
  1653
  1656
  1664
  1677
  1697
  1682
  1683
  1693
  1684
  1680
  1695
  1707
  1696
  1667
  1682
  1688
  1683
  1687
  1687
  1693
  1680
  1696
  1680
  1652
  1660
  1692
  1704
  1696
  1684
  1678
  1674
  1686
  1662
  1652
  1656
  1653
  1636
  1633
  1648
  1638
  1635
  1633
  1633
  1614
  1632
  1636
  1641
  1637
  1636
  1639
  1650
  1645
  1638
  1633
  1654
  1663
  1666
  1665
  1678
  1695
  1677
  1655
  1668
  1664
  1666
  1662
  1669
  1665
  1661
  1660
  1674
  1666
  1672
  1672
  1677
  1675
  1649
  1671
  1669
  1660
  1666
  1660
  1650
  1647
  1628
  1643
  1660
  1657
  1626
  1631
  1603
  1584
  1618
  1602
  1591
  1619
  1615
  1629
  1632
  1618
  1623
  1610
  1610
  1622
  1634
  1641
  1653
  1657
  1663
  1668
  1699
  1712
  1708
  1708
  1707
  1707
  1750
  1752
  1725
  1719
  1716
  1718
  1732
  1747
  1705
  1703
  1705
  1700
  1698
  1697
  1701
  1693
  1685
  1690
  1726
  1724
  1672
  1681
  1659
  1647
  1636
  1645
  1635
  1628
  1632
  1629
  1628
  1641
  1632
  1655
  1679
  1658
  1652
  1658
  1665
  1658
  1643
  1676
  1670
  1673
  1668
  1665
  1668
  1660
  1645
  1646
  1643
  1663
  1657
  1654
  1641
  1630
  1647
  1651
  1644
  1653
  1652
  1654
  1641
  1638
  1657
  1673
  1676
  1675
  1677
  1681
  1673
  1668
  1644
  1657
  1670
  1660
  1650
  1650
  1662
  1664
  1648
  1688
  1684
  1681
  1677
  1679
  1677
  1673
  1665
  1672
  1696
  1705
  1702
  1705
  1662
  1667
  1667
  1711
  1685
  1691
  1694
  1693
  1684
  1703
  1702
  1722
  1717
  1722
  1721
  1731
  1722
  1705
  1699
  1718
  1717
  1723
  1728
  1724
  1712
  1732
  1712
  1714
  1717
  1709
  1705
  1699
  1706
  1679
  1677
  1691
  1686
  1686
  1681
  1683
  1676
  1672
  1644
  1638
  1662
  1651
  1650
  1648
  1649
  1634
  1632
  1605
  1608
  1634
  1646
  1629
  1614
  1622
  1613
  1597
  1604
  1614
  1622
  1621
  1602
  1608
  1589
  1602
  1583
  1590
  1581
  1592
  1585
  1586
  1569
  1567
  1583
  1582
  1586
  1588
  1600
  1588
  1626
  1617
  1618
  1621
  1622
  1617
  1626
  1634
  1645
  1650
  1673
  1674
  1674
  1670
  1676
  1679
  1702
  1704
  1712
  1706
  1700
  1698
  1683
  1665
  1647
  1633
  1634
  1640
  1615
  1603
  1613
  1593
  1571
  1568
  1581
  1602
  1591
  1601
  1588
  1592
  1584
  1565
  1561
  1566
  1563
  1557
  1534
  1539
  1544
  1524
  1519
  1504
  1482
  1477
  1476
  1457
  1453
  1461
  1467
  1462
  1458
  1462
  1456
  1473
  1454
  1457
  1453
  1453
  1451
  1446
  1430
  1443
  1428
  1426
  1430
  1437
  1432
  1438
  1444
  1471
  1507
  1496
  1474
  1479
  1484
  1485
  1482
  1487
  1496
  1511
  1504
  1493
  1491
  1492
  1506
  1493
  1486
  1475
  1476
  1476
  1484
  1487
  1505
  1523
  1511
  1507
  1510
  1508
  1508
  1504
  1505
  1511
  1512
  1483
  1503
  1498
  1496
  1498
  1499
  1489
  1471
  1455
  1456
  1440
  1437
  1435
  1450
  1437
  1404
  1400
  1375
  1376
  1376
  1371
  1381
  1373
  1387
  1415
  1414
  1418
  1403
  1418
  1414
  1406
  1385
  1379
  1363
  1346
  1342
  1354
  1363
  1348
  1348
  1368
  1364
  1358
  1346
  1339
  1333
  1342
  1343
  1321
  1311
  1323
  1300
  1308
  1323
  1336
  1343
  1339
  1351
  1358
  1356
  1358
  1358
  1363
  1347
  1350
  1350
  1342
  1339
  1339
  1343
  1341
  1334
  1322
  1317
  1325
  1333
  1364
  1364
  1366
  1370
  1379
  1385
  1374
  1375
  1373
  1371
  1371
  1364
  1364
  1358
  1371
  1370
  1369
  1380
  1380
  1390
  1387
  1386
  1379
  1375
  1370
  1377
  1386
  1381
  1372
  1361
  1366
  1377
  1370
  1368
  1373
  1381
  1389
  1401
  1394
  1391
  1395
  1399
  1410
  1419
  1428
  1429
  1413
  1409
  1406
  1416
  1440
  1435
  1404
  1401
  1407
  1400
  1399
  1405
  1426
  1450
  1455
  1450
  1446
  1445
  1441
  1440
  1466
  1463
  1481
  1485
  1483
  1482
  1471
  1483
  1475
  1475
  1481
  1464
  1438
  1406
  1393
  1394
  1396
  1405
  1399
  1397
  1393
  1403
  1413
  1421
  1417
  1425
  1428
  1438
  1431
  1449
  1452
  1450
  1446
  1454
  1425
  1417
  1414
  1416
  1415
  1413
  1407
  1377
  1379
  1359
  1348
  1349
  1348
  1352
  1361
  1356
  1332
  1329
  1325
  1325
  1313
  1299
  1285
  1264
  1290
  1293
  1285
  1284
  1280
  1285
  1283
  1275
  1281
  1284
  1289
  1289
  1291
  1293
  1312
  1320
  1315
  1322
  1313
  1311
  1308
  1315
  1312
  1314
  1314
  1327
  1329
  1319
  1315
  1322
  1307
  1298
  1292
  1311
  1338
  1356
  1354
  1354
  1354
  1378
  1340
  1335
  1342
  1331
  1341
  1346
  1350
  1341
  1342
  1348
  1350
  1349
  1349
  1362
  1347
  1353
  1341
  1324
  1323
  1323
  1324
  1323
  1325
  1306
  1326
  1322
  1341
  1333
  1341
  1362
  1343
  1353
  1396
  1391
  1392
  1393
  1393
  1400
  1387
  1393
  1383
  1406
  1405
  1401
  1394
  1399
  1393
  1395
  1402
  1401
  1417
  1414
  1413
  1431
  1401
  1380
  1383
  1342
  1346
  1345
  1344
  1356
  1356
  1357
  1353
  1376
  1363
  1358
  1353
  1358
  1348
  1344
  1363
  1377
  1362
  1348
  1352
  1348
  1320
  1339
  1357
  1350
  1339
  1339
  1338
  1337
  1335
  1328
  1323
  1305
  1280
  1292
  1280
  1273
  1294
  1292
  1279
  1266
  1239
  1230
  1246
  1259
  1257
  1251
  1251
  1247
  1236
  1239
  1235
  1233
  1251
  1246
  1256
  1268
  1270
  1268
  1266
  1262
  1267
  1244
  1268
  1265
  1244
  1237
  1240
  1253
  1260
  1258
  1265
  1257
  1247
  1239
  1236
  1221
  1242
  1225
  1207
  1197
  1195
  1186
  1202
  1203
  1207
  1217
  1225
  1220
  1209
  1215
  1211
  1208
  1213
  1210
  1208
  1202
  1208
  1209
  1207
  1202
  1203
  1193
  1203
  1208
  1215
  1211
  1205
  1213
  1201
  1203
  1189
  1189
  1169
  1167
  1164
  1173
  1173
  1172
  1177
  1171
  1166
  1160
  1165
  1169
  1170
  1173
  1167
  1173
  1177
  1184
  1199
  1209
  1201
  1208
  1194
  1208
  1207
  1200
  1197
  1198
  1193
  1199
  1202
  1181
  1190
  1190
  1197
  1196
  1188
  1173
  1166
  1175
  1168
  1165
  1163
  1170
  1175
  1190
  1161
  1145
  1152
  1149
  1146
  1145
  1144
  1166
  1146
  1167
  1169
  1149
  1145
  1130
  1130
  1118
  1122
  1125
  1121
  1123
  1117
  1109
  1120
  1123
  1144
  1132
  1143
  1139
  1134
  1137
  1133
  1145
  1145
  1143
  1143
  1142
  1130
  1106
  1116
  1121
  1130
  1127
  1121
  1124
  1136
  1129
  1122
  1113
  1112
  1126
  1139
  1137
  1134
  1133
  1119
  1126
  1115
  1104
  1091
  1086
  1086
  1084
  1081
  1100
  1091
  1100
  1099
  1099
  1101
  1102
  1103
  1114
  1119
  1124
  1121
  1128
  1113
  1119
  1094
  1097
  1072
  1082
  1087
  1084
  1085
  1073
  1053
  1042
  1024
  1022
  1008
   994
   986
   972
   976
   988
   985
  1004
  1017
  1001
  1000
  1011
   973
   964
   993
   995
   977
   979
   958
   966
   948
   932
   942
   925
   945
   941
   935
   940
   942
   951
   939
   948
   953
   936
   920
   918
   920
   925
   934
   943
   969
   965
   968
   962
   970
   949
   953
   942
   935
   932
   922
   930
   941
   957
   966
   985
   989
   986
   978
  1000
   979
   965
   964
   977
   977
   976
   981
   995
  1001
  1008
   994
   997
  1003
  1006
  1001
  1006
  1014
  1049
  1044
  1014
  1019
  1020
  1012
  1020
  1010
  1026
  1042
  1024
  1034
  1039
  1040
  1044
  1046
  1044
  1026
  1043
  1043
  1042
  1044
  1049
  1021
  1034
  1028
  1029
   996
   976
   983
   978
   970
   971
   966
   962
   965
   965
   964
   950
   945
   946
   958
   933
   929
   938
   933
   915
   918
   914
   906
   919
   908
   913
   911
   916
   911
   919
   933
   916
   915
   917
   917
   910
   897
   910
   938
   926
   920
   925
   922
   917
   911
   921
   915
   920
   912
   909
   903
   895
   892
   895
   885
   898
   916
   911
   909
   908
   896
   897
   910
   908
   919
   918
   916
   925
   915
   915
   925
   933
   936
   947
   948
   951
   962
   957
   958
   953
   950
   952
   951
   955
   949
   957
   935
   932
   930
   928
   922
   922
   936
   970
   971
   975
   967
   964
   963
   962
   966
   966
   963
   964
   952
   951
   950
   956
   954
   950
   966
   980
   965
   949
   945
   962
   948
   957
   953
   934
   925
   939
   944
   931
   924
   912
   907
   901
   901
   898
   886
   894
   869
   845
   833
   850
   854
   855
   855
   857
   853
   852
   860
   843
   839
   848
   843
   836
   837
   837
   847
   856
   847
   887
   881
   870
   869
   864
   861
   857
   877
   881
   882
   876
   886
   913
   930
   929
   929
   932
   938
   938
   925
   941
   948
   929
   909
   930
   941
   938
   952
   943
   930
   931
   928
   927
   928
   925
   935
   934
   938
   937
   933
   933
   933
   935
   929
   919
   912
   920
   925
   915
   917
   921
   925
   955
   953
   936
   935
   939
   919
   922
   921
   930
   934
   937
   939
   933
   935
   924
   925
   937
   925
   931
   954
   929
   925
   918
   927
   937
   941
   941
   932
   932
   932
   936
   934
   948
   961
   953
   949
   952
   953
   956
   943
   950
   959
   974
   975
   970
   967
   957
   962
   951
   941
   946
   921
   914
   925
   926
   918
   923
   915
   916
   905
   892
   877
   865
   860
   860
   848
   865
   844
   844
   837
   839
   843
   846
   833
   828
   823
   819
   819
   808
   809
   797
   820
   828
   829
   827
   828
   824
   818
   804
   808
   808
   818
   818
   816
   808
   814
   809
   795
   778
   788
   785
   786
   792
   782
   783
   775
   774
   762
   753
   767
   754
   757
   762
   767
   777
   783
   766
   758
   755
   760
   746
   769
   751
   759
   774
   784
   785
   793
   775
   767
   753
   749
   744
   742
   740
   744
   728
   727
   710
   705
   704
   705
   710
   697
   690
   674
   682
   684
   684
   686
   683
   687
   665
   672
   665
   669
   670
   673
   681
   673
   668
   663
   674
   674
   671
   664
   658
   668
   655
   671
   664
   666
   683
   686
   680
   702
   706
   691
   692
   696
   708
   708
   706
   696
   693
   701
   714
   702
   701
   703
   702
   704
   704
   712
   720
   728
   736
   744
   737
   726
   710
   714
   733
   742
   742
   739
   739
   731
   730
   722
   733
   726
   718
   732
   728
   733
   730
   735
   729
   740
   740
   740
   741
   735
   727
   742
   751
   750
   749
   749
   756
   760
   753
   774
   766
   766
   766
   767
   760
   769
   771
   780
   774
   777
   778
   776
   776
   755
   750
   753
   761
   753
   754
   750
   740
   740
   746
   743
   753
   755
   755
   753
   749
   752
   744
   749
   756
   752
   744
   757
   752
   737
   758
   760
   759
   766
   765
   767
   771
   748
   750
   733
   725
   716
   712
   697
   692
   699
   706
   710
   688
   674
   670
   669
   667
   682
   668
   670
   671
   664
   666
   663
   666
   660
   659
   657
   655
   653
   654
   650
   651
   641
   651
   635
   649
   624
   614
   627
   619
   621
   627
   628
   624
   626
   618
   629
   637
   637
   631
   641
   642
   656
   659
   659
   660
   661
   696
   702
   706
   708
   704
   702
   707
   699
   706
   703
   708
   722
   722
   722
   723
   725
   709
   725
   732
   706
   709
   702
   703
   697
   707
   696
   698
   706
   703
   699
   695
   691
   698
   704
   700
   698
   699
   695
   697
   692
   680
   683
   692
   699
   691
   689
   676
   679
   683
   694
   719
   727
   726
   724
   732
   727
   733
   725
   710
   703
   680
   677
   676
   655
   662
   656
   657
   648
   656
   674
   667
   674
   679
   684
   661
   666
   683
   689
   684
   677
   663
   659
   655
   651
   651
   652
   654
   652
   637
   649
   657
   660
   658
   661
   657
   651
   645
   647
   643
   636
   636
   637
   627
   635
   632
   618
   614
   623
   620
   614
   625
   620
   603
   600
   588
   606
   597
   598
   602
   605
   604
   586
   609
   603
   604
   604
   615
   614
   610
   615
   594
   588
   585
   589
   576
   574
   573
   567
   574
   575
   572
   574
   569
   586
   577
   576
   577
   570
   568
   564
   555
   540
   531
   529
   521
   521
   542
   531
   540
   542
   553
   534
   530
   524
   532
   531
   520
   512
   502
   495
   492
   494
   487
   497
   499
   495
   497
   508
   520
   530
   526
   528
   528
   524
   524
   510
   530
   533
   535
   536
   539
   553
   545
   545
   536
   536
   533
   526
   525
   522
   521
   526
   525
   529
   531
   521
   515
   505
   510
   520
   524
   518
   516
   505
   497
   486
   501
   489
   479
   478
   476
   477
   487
   487
   515
   545
   547
   553
   552
   554
   550
   551
   527
   527
   527
   521
   519
   517
   514
   505
   477
   473
   474
   475
   473
   479
   477
   486
   485
   491
   508
   501
   514
   514
   522
   526
   544
   549
   525
   533
   536
   536
   539
   536
   540
   519
   526
   509
   515
   512
   518
   514
   506
   538
   548
   542
   543
   548
   549
   552
   556
   573
   579
   580
   581
   582
   583
   604
   615
   597
   587
   584
   581
   583
   582
   597
   592
   600
   599
   590
   590
   584
   589
   585
   581
   571
   551
   551
   553
   551
   552
   550
   541
   535
   530
   531
   532
   520
   511
   515
   513
   511
   522
   523
   519
   519
   516
   522
   539
   549
   541
   538
   538
   538
   539
   550
   542
   578
   577
   570
   558
   563
   550
   555
   571
   573
   578
   573
   577
   581
   606
   592
   579
   567
   554
   541
   537
   551
   551
   532
   542
   547
   556
   541
   532
   542
   552
   539
   549
   560
   564
   558
   559
   560
   565
   567
   573
   566
   559
   550
   549
   555
   552
   550
   541
   537
   531
   538
   531
   533
   530
   526
   529
   527
   527
   516
   512
   512
   515
   508
   509
   512
   490
   480
   481
   482
   484
   475
   461
   459
   457
   454
   446
   447
   440
   434
   442
   435
   424
   417
   418
   414
   425
   408
   419
   419
   413
   421
   420
   421
   424
   423
   427
   423
   412
   422
   417
   431
   460
   453
   448
   454
   466
   462
   458
   458
   452
   448
   465
   474
   468
   470
   470
   470
   470
   478
   471
   482
   490
   484
   471
   492
   495
   497
   503
   506
   498
   502
   502
   497
   504
   503
   501
   506
   503
   504
   496
   490
   482
   484
   485
   475
   478
   479
   476
   465
   466
   464
   481
   464
   460
   458
   455
   452
   444
   443
   412
   400
   408
   415
   411
   411
   419
   410
   404
   402
   411
   410
   408
   407
   398
   400
   404
   424
   431
   440
   434
   442
   427
   419
   426
   439
   427
   431
   425
   430
   431
   424
   414
   410
   419
   419
   419
   417
   409
   419
   417
   412
   412
   420
   421
   423
   430
   431
   429
   419
   404
   401
   420
   424
   420
   421
   401
   408
   413
   409
   410
   404
   397
   383
   388
   385
   389
   385
   378
   382
   376
   395
   396
   406
   414
   425
   429
   436
   428
   419
   441
   445
   430
   413
   408
   408
   408
   396
   397
   401
   412
   407
   398
   403
   394
   391
   379
   376
   385
   378
   384
   389
   386
   382
   374
   388
   384
   395
   393
   381
   375
   389
   385
   373
   361
   359
   362
   364
   359
   358
   349
   340
   348
   350
   349
   345
   344
   345
   350
   363
   376
   366
   362
   354
   361
   352
   342
   352
   345
   356
   354
   349
   346
   349
   335
   334
   328
   315
   315
   319
   322
   331
   321
   305
   302
   297
   289
   278
   287
   309
   334
   323
   331
   331
   331
   329
   334
   335
   341
   344
   342
   345
   342
   337
   333
   325
   315
   326
   319
   317
   315
   310
   320
   313
   303
   291
   274
   266
   267
   265
   268
   265
   267
   270
   263
   266
   275
   277
   257
   250
   251
   240
   248
   253
   243
   251
   255
   258
   266
   270
   278
   287
   286
   288
   284
   276
   256
   276
   278
   275
   269
   274
   282
   286
   275
   256
   264
   270
   272
   272
   267
   263
   264
   264
   255
   255
   256
   250
   250
   243
   235
   222
   227
   229
   228
   224
   238
   223
   221
   218
   228
   240
   240
   240
   240
   235
   240
   255
   264
   259
   258
   253
   249
   252
   257
   258
   256
   253
   248
   249
   253
   246
   256
   254
   256
   260
   250
   261
   246
   259
   263
   264
   259
   257
   258
   260
   253
   242
   236
   206
   209
   203
   203
   202
   198
   182
   171
   175
   147
   152
   149
   147
   143
   145
   160
   164
   180
   179
   185
   185
   183
   185
   175
   159
   170
   165
   166
   167
   172
   174
   179
   157
   154
   149
   148
   146
   139
   138
   173
   188
   196
   198
   190
   184
   184
   175
   168
   175
   187
   193
   190
   204
   220
   222
   223
   238
   245
   251
   252
   254
   263
   262
   255
   253
   268
   253
   256
   260
   259
   256
   265
   260
   256
   249
   253
   262
   244
   239
   232
   243
   243
   242
   249
   258
   269
   280
   287
   283
   283
   291
   292
   295
   293
   298
   278
   290
   290
   289
   287
   286
   279
   273
   279
   287
   278
   288
   288
   290
   281
   286
   264
   277
   284
   286
   287
   285
   291
   291
   301
   297
   313
   307
   312
   301
   297
   288
   276
   269
   268
   269
   269
   269
   273
   258
   244
   247
   246
   229
   231
   217
   206
   199
   197
   189
   183
   186
   188
   188
   184
   192
   210
   211
   236
   229
   228
   226
   232
   238
   235
   248
   262
   264
   274
   265
   267
   267
   273
   266
   265
   267
   266
   269
   266
   263
   268
   233
   239
   234
   238
   235
   244
   249
   254
   266
   269
   256
   268
   265
   255
   246
   262
   259
   240
   243
   252
   258
   256
   252
   240
   241
   238
   228
   226
   224
   235
   241
   218
   218
   216
   212
   211
   208
   195
   215
   217
   226
   236
   244
   242
   242
   236
   227
   230
   223
   216
   208
   188
   183
   182
   189
   196
   201
   198
   202
   192
   206
   202
   215
   221
   219
   233
   235
   255
   256
   257
   264
   268
   272
   272
   280
   282
   291
   291
   287
   274
   269
   291
   300
   305
   313
   316
   305
   300
   287
   288
   287
   288
   286
   268
   261
   256
   247
   233
   229
   241
   240
   256
   257
   260
   277
   268
   281
   275
   281
   276
   284
   286
   270
   262
   255
   249
   234
   240
   231
   230
   233
   230
   213
   213
   216
   215
   217
   217
   197
   181
   189
   184
   177
   179
   165
   168
   163
   165
   161
   150
   162
   174
   173
   185
   199
   194
   198
   206
   206
   197
   189
   190
   187
   188
   183
   188
   179
   196
   201
   191
   202
   210
   212
   200
   201
   216
   221
   230
   215
   212
   212
   213
   227
   240
   251
   264
   275
   281
   277
   280
   280
   270
   279
   273
   271
   268
   269
   269
   273
   274
   281
   282
   277
   279
   279
   277
   278
   293
   298
   301
   293
   297
   309
   317
   327
   314
   313
   288
   281
   275
   252
   243
   248
   238
   224
   216
   207
   201
   182
   184
   183
   189
   179
   173
   173
   171
   174
   173
   169
   167
   164
   162
   162
   162
   165
   168
   157
   172
   177
   192
   183
   168
   167
   169
   180
   193
   198
   209
   223
   211
   206
   208
   212
   215
   233
   232
   233
   243
   252
   254
   257
   264
   270
   265
   259
   250
   262
   268
   272
   270
   270
   260
   251
   243
   240
   233
   228
   228
   202
   206
   208
   203
   200
   190
   186
   178
   159
   155
   156
   143
   132
   130
   126
   127
   122
   132
   140
   136
   137
   137
   136
   136
   133
   124
   125
   120
   115
   113
   110
   111
   107
   101
   106
   119
   117
   116
   112
   111
   109
   104
   106
   105
   101
   103
   101
   102
   114
   111
   117
   118
   117
   116
   118
   120
   123
   115
   125
   121
   116
   108
   114
   105
    97
    99
   101
   103
   104
   107
   109
   117
   115
   120
   116
   116
   132
   134
   134
   129
   134
   123
   116
   108
    94
   103
    98
   102
   112
   138
   136
   142
   140
   140
   137
   138
   129
   105
    81
    75
    65
    60
    42
    37
    42
    35
    47
    42
    33
    29
    34
    48
    54
    57
    61
    86
    84
    80
    76
    70
    56
    49
    50
    57
    58
    58
    53
    42
    31
    24
    15
    24
    24
    24
    32
    35
    49
    47
    60
    68
    75
    74
    69
    72
    83
    63
    88
    77
    78
    81
    81
    93
   101
   123
   127
   141
   140
   136
   136
   136
   134
   152
   143
   146
   139
   142
   142
   141
   132
   126
   120
   111
   103
   105
   104
   101
   121
   137
   122
   139
   144
   146
   147
   145
   145
   149
   155
   136
   135
   136
   128
   128
   135
   152
   149
   152
   157
   155
   156
   155
   135
   132
   153
   167
   172
   175
   175
   174
   170
   165
   181
   175
   172
   169
   170
   165
   161
   176
   171
   183
   188
   197
   189
   187
   168
   162
   158
   159
   156
   154
   154
   155
   178
   157
   166
   162
   169
   161
   160
   154
   151
   154
   165
   171
   175
   174
   175
   172
   162
   151
   148
   132
   130
   128
   125
   122
   125
   114
   112
   104
   100
    97
   100
    94
   103
   109
   109
   119
   129
   131
   131
   136
   143
   137
   143
   142
   132
   135
   132
   134
   122
   125
   131
   133
   131
   132
   131
   130
   121
   105
   117
   123
   121
   119
   116
   119
   120
   113
   121
   125
    94
   101
    98
   110
   111
    98
    98
   108
   106
   103
   104
    97
    98
    98
    86
    93
    93
   102
   102
    98
    98
    88
    96
    98
    90
    94
    85
   105
   117
   111
   109
   119
   134
   137
   137
   134
   145
   163
   177
   188
   191
   192
   189
   197
   195
   214
   221
   241
   254
   253
   253
   248
   240
   251
   246
   264
   261
   252
   256
   258
   268
   262
   262
   258
   268
   281
   285
   282
   268
   257
   246
   226
   222
   217
   207
   204
   193
   188
   170
   167
   173
   167
   155
   151
   149
   144
   134
   126
   126
   127
   128
   130
   126
   123
   101
   101
    92
    92
    75
    72
    66
    60
    72
    70
    81
    75
    71
    77
    69
    66
    71
    75
    82
    83
    82
    80
    70
    58
    68
    58
    51
    49
    52
    45
    54
    47
    54
    55
    55
    53
    52
    47
    37
    44
    47
    48
    41
    32
    22
     3
   -14
   -18
   -11
   -15
   -20
   -31
   -37
   -35
   -28
   -32
   -38
   -38
   -45
   -50
   -51
   -60
   -56
   -55
   -69
   -81
   -84
   -86
   -87
   -83
   -82
   -83
   -73
   -92
   -98
  -112
  -110
   -89
  -101
   -87
  -100
  -100
   -97
   -80
   -78
   -75
   -76
   -76
   -84
  -105
  -107
  -104
  -111
  -106
  -109
  -102
  -102
   -93
   -90
   -90
   -89
   -81
   -85
   -79
   -71
   -61
   -60
   -60
   -52
   -48
   -62
   -46
   -33
   -32
   -21
   -22
   -12
    -3
     4
     4
    15
    12
    15
    18
    19
    29
    21
    10
    17
    33
    42
    41
    45
    46
    43
    47
    52
    45
    43
    31
    33
    43
    36
    31
    33
    33
    24
    18
    14
     7
     4
     5
     1
    -9
   -15
   -17
   -25
   -22
   -29
   -20
   -19
   -22
   -16
   -23
   -25
   -31
   -35
   -51
   -56
   -55
   -58
   -55
   -57
   -69
   -76
   -88
   -84
   -74
   -75
   -79
   -87
   -89
   -94
  -104
  -106
  -117
  -114
  -113
  -115
  -110
  -116
  -139
  -143
  -140
  -136
  -135
  -132
  -127
  -119
  -118
  -117
  -106
   -92
   -90
   -90
  -101
   -99
   -92
   -99
  -103
  -113
  -117
  -107
  -122
  -109
  -108
   -82
   -86
   -84
   -84
   -86
   -91
   -87
   -83
  -101
   -97
   -98
   -93
  -107
   -86
   -67
   -73
   -65
   -67
   -71
   -73
   -56
   -58
   -57
   -45
   -42
   -31
   -34
   -37
   -42
   -35
   -39
   -55
   -46
   -54
   -54
   -56
   -61
   -56
   -55
   -41
   -33
   -31
   -33
   -28
   -30
   -31
   -29
   -29
   -23
   -20
   -19
   -23
   -39
   -43
   -40
   -25
   -28
   -40
   -40
   -36
   -43
   -39
   -39
   -28
   -20
   -13
   -17
   -16
   -20
   -16
   -11
     0
    -5
     9
     6
    -3
     1
     1
    -7
    -6
   -16
   -20
   -24
   -25
   -25
   -25
   -37
   -39
   -46
   -36
   -41
   -36
   -47
   -44
   -43
   -40
   -47
   -51
   -44
   -32
   -38
   -26
   -37
   -47
   -38
   -49
   -47
   -52
   -52
   -53
   -70
   -81
  -101
  -106
  -106
  -108
  -101
   -97
   -84
   -72
   -79
   -80
   -71
   -69
   -70
   -80
   -95
   -95
  -112
  -111
  -112
  -116
  -111
  -104
   -92
   -91
   -99
   -77
   -77
   -77
   -69
   -67
   -70
   -78
   -81
   -79
   -80
   -84
   -82
   -81
   -78
   -65
   -55
   -41
   -38
   -39
   -39
   -41
   -52
   -64
   -56
   -64
   -66
   -62
   -60
   -54
   -52
   -36
   -15
   -16
   -23
   -26
   -24
   -31
   -18
   -27
   -30
   -36
   -34
   -33
   -36
   -46
   -55
   -74
   -79
   -89
   -87
   -87
   -88
   -90
   -93
   -96
  -102
  -108
  -115
  -117
  -116
  -112
   -99
  -109
  -101
  -100
  -106
  -103
   -96
   -80
   -72
   -81
   -82
   -78
   -61
   -48
   -50
   -50
   -36
   -42
   -29
   -31
   -31
   -37
   -29
   -22
   -20
    -7
    -5
     9
    10
     5
     2
   -14
   -13
   -27
   -32
   -36
   -39
   -41
   -43
   -55
   -56
   -51
   -68
   -72
   -76
   -72
   -70
   -60
   -55
   -37
   -25
   -34
   -34
   -35
   -38
   -45
   -36
   -42
   -38
   -30
   -29
   -27
   -28
   -28
   -11
    -5
    -9
    -6
   -14
   -16
   -20
   -26
   -34
   -37
   -49
   -57
   -66
   -68
   -67
   -71
   -75
   -89
  -105
  -106
  -103
  -102
  -104
  -108
  -123
  -123
  -141
  -146
  -143
  -144
  -145
  -139
  -129
  -136
  -127
  -118
  -112
  -114
  -121
  -135
  -148
  -165
  -159
  -152
  -151
  -147
  -148
  -143
  -155
  -151
  -158
  -156
  -160
  -167
  -175
  -171
  -176
  -181
  -185
  -193
  -196
  -191
  -198
  -210
  -212
  -224
  -233
  -233
  -244
  -247
  -247
  -256
  -263
  -259
  -255
  -249
  -261
  -262
  -261
  -270
  -260
  -240
  -234
  -238
  -223
  -221
  -220
  -220
  -213
  -207
  -200
  -195
  -189
  -189
  -182
  -186
  -192
  -188
  -191
  -190
  -199
  -198
  -201
  -208
  -202
  -218
  -228
  -236
  -236
  -237
  -234
  -226
  -218
  -215
  -197
  -206
  -211
  -212
  -212
  -212
  -203
  -194
  -183
  -188
  -188
  -180
  -182
  -180
  -185
  -198
  -202
  -204
  -208
  -209
  -215
  -218
  -215
  -225
  -228
  -236
  -235
  -237
  -235
  -231
  -232
  -231
  -215
  -213
  -215
  -221
  -222
  -222
  -233
  -243
  -255
  -251
  -264
  -262
  -267
  -260
  -264
  -260
  -264
  -265
  -263
  -265
  -261
  -258
  -264
  -265
  -262
  -247
  -243
  -246
  -242
  -243
  -236
  -231
  -243
  -233
  -223
  -225
  -220
  -223
  -224
  -225
  -214
  -210
  -205
  -205
  -201
  -189
  -179
  -164
  -153
  -146
  -142
  -154
  -161
  -169
  -168
  -162
  -161
  -165
  -170
  -169
  -160
  -148
  -156
  -164
  -152
  -147
  -147
  -144
  -133
  -136
  -127
  -124
  -138
  -133
  -138
  -137
  -137
  -137
  -143
  -144
  -136
  -137
  -133
  -128
  -126
  -110
  -112
  -113
   -90
   -88
   -93
   -97
   -98
  -100
   -97
  -105
  -107
  -121
  -118
  -118
  -119
  -124
  -137
  -134
  -149
  -151
  -156
  -158
  -163
  -157
  -141
  -143
  -146
  -143
  -145
  -147
  -150
  -152
  -161
  -169
  -176
  -194
  -206
  -209
  -209
  -205
  -206
  -187
  -178
  -171
  -157
  -164
  -152
  -148
  -139
  -148
  -139
  -147
  -146
  -142
  -143
  -149
  -154
  -147
  -167
  -171
  -171
  -180
  -187
  -178
  -164
  -157
  -159
  -154
  -157
  -164
  -166
  -176
  -187
  -195
  -209
  -221
  -224
  -227
  -215
  -214
  -202
  -192
  -200
  -189
  -177
  -187
  -190
  -188
  -195
  -203
  -212
  -216
  -218
  -217
  -216
  -219
  -220
  -202
  -204
  -201
  -207
  -204
  -202
  -198
  -194
  -193
  -183
  -183
  -190
  -188
  -190
  -189
  -182
  -188
  -189
  -203
  -206
  -209
  -214
  -210
  -207
  -187
  -194
  -206
  -211
  -219
  -216
  -222
  -228
  -235
  -232
  -252
  -250
  -249
  -249
  -249
  -254
  -266
  -276
  -273
  -282
  -297
  -304
  -308
  -304
  -299
  -302
  -303
  -298
  -303
  -310
  -316
  -306
  -310
  -308
  -302
  -301
  -305
  -304
  -289
  -283
  -279
  -259
  -259
  -246
  -244
  -241
  -245
  -242
  -220
  -223
  -211
  -215
  -205
  -206
  -211
  -214
  -222
  -234
  -234
  -232
  -226
  -229
  -221
  -229
  -225
  -214
  -217
  -217
  -214
  -216
  -218
  -219
  -232
  -243
  -251
  -256
  -260
  -261
  -268
  -267
  -278
  -285
  -277
  -280
  -282
  -283
  -279
  -294
  -287
  -285
  -298
  -304
  -303
  -311
  -316
  -327
  -329
  -332
  -334
  -332
  -330
  -323
  -314
  -308
  -287
  -288
  -283
  -280
  -281
  -283
  -287
  -293
  -312
  -322
  -324
  -324
  -324
  -322
  -322
  -325
  -327
  -325
  -326
  -323
  -336
  -327
  -317
  -315
  -317
  -323
  -313
  -299
  -301
  -308
  -320
  -332
  -349
  -355
  -365
  -374
  -368
  -375
  -370
  -378
  -375
  -394
  -400
  -396
  -400
  -400
  -406
  -415
  -433
  -441
  -452
  -459
  -459
  -458
  -461
  -462
  -461
  -458
  -450
  -460
  -462
  -469
  -478
  -478
  -458
  -465
  -463
  -472
  -472
  -471
  -463
  -460
  -456
  -458
  -445
  -440
  -429
  -423
  -423
  -433
  -418
  -417
  -410
  -415
  -415
  -415
  -416
  -416
  -413
  -424
  -423
  -422
  -422
  -418
  -418
  -407
  -389
  -378
  -360
  -360
  -358
  -359
  -349
  -343
  -346
  -343
  -346
  -345
  -343
  -337
  -332
  -329
  -319
  -332
  -318
  -311
  -323
  -320
  -325
  -318
  -320
  -328
  -333
  -337
  -345
  -354
  -361
  -377
  -377
  -377
  -372
  -381
  -385
  -380
  -380
  -369
  -365
  -342
  -345
  -343
  -347
  -347
  -341
  -343
  -343
  -358
  -359
  -367
  -368
  -363
  -362
  -356
  -359
  -331
  -316
  -313
  -319
  -310
  -305
  -300
  -288
  -271
  -269
  -281
  -281
  -280
  -291
  -287
  -285
  -294
  -301
  -306
  -310
  -317
  -312
  -304
  -292
  -286
  -291
  -296
  -302
  -311
  -312
  -321
  -326
  -326
  -334
  -346
  -346
  -347
  -352
  -348
  -341
  -332
  -323
  -318
  -329
  -325
  -339
  -340
  -350
  -360
  -365
  -367
  -366
  -365
  -352
  -342
  -342
  -327
  -320
  -328
  -330
  -332
  -329
  -318
  -306
  -293
  -284
  -270
  -262
  -270
  -284
  -309
  -310
  -322
  -328
  -336
  -341
  -335
  -338
  -342
  -349
  -348
  -345
  -344
  -338
  -343
  -342
  -346
  -351
  -347
  -359
  -368
  -368
  -374
  -369
  -357
  -365
  -370
  -364
  -361
  -361
  -360
  -356
  -361
  -337
  -326
  -334
  -333
  -336
  -337
  -335
  -347
  -362
  -372
  -378
  -375
  -377
  -370
  -373
  -359
  -347
  -347
  -355
  -361
  -373
  -381
  -378
  -372
  -373
  -386
  -388
  -390
  -391
  -387
  -382
  -376
  -359
  -351
  -343
  -342
  -338
  -340
  -343
  -349
  -360
  -360
  -362
  -365
  -351
  -358
  -360
  -345
  -342
  -337
  -333
  -330
  -337
  -336
  -339
  -339
  -334
  -339
  -337
  -340
  -335
  -336
  -333
  -331
  -327
  -316
  -315
  -317
  -316
  -317
  -318
  -331
  -339
  -344
  -352
  -349
  -354
  -361
  -366
  -375
  -383
  -384
  -383
  -382
  -379
  -385
  -385
  -391
  -399
  -410
  -417
  -419
  -420
  -417
  -407
  -399
  -399
  -397
  -380
  -377
  -378
  -379
  -383
  -387
  -399
  -408
  -414
  -420
  -423
  -422
  -417
  -412
  -395
  -376
  -372
  -364
  -363
  -360
  -357
  -346
  -339
  -346
  -343
  -350
  -350
  -350
  -358
  -362
  -369
  -384
  -387
  -397
  -399
  -399
  -401
  -391
  -382
  -379
  -380
  -372
  -362
  -366
  -369
  -364
  -362
  -359
  -351
  -356
  -357
  -357
  -357
  -369
  -388
  -395
  -406
  -416
  -418
  -420
  -421
  -423
  -435
  -424
  -425
  -433
  -435
  -428
  -425
  -419
  -406
  -414
  -424
  -426
  -425
  -426
  -429
  -431
  -432
  -424
  -433
  -433
  -437
  -440
  -440
  -424
  -413
  -414
  -413
  -411
  -411
  -411
  -419
  -423
  -433
  -440
  -441
  -440
  -444
  -440
  -437
  -437
  -442
  -447
  -449
  -463
  -454
  -435
  -434
  -432
  -429
  -439
  -428
  -428
  -434
  -435
  -440
  -435
  -433
  -422
  -417
  -411
  -409
  -416
  -414
  -430
  -449
  -461
  -467
  -464
  -453
  -442
  -442
  -438
  -432
  -418
  -423
  -423
  -425
  -422
  -414
  -413
  -414
  -419
  -413
  -412
  -404
  -415
  -419
  -409
  -400
  -390
  -387
  -384
  -387
  -386
  -386
  -383
  -374
  -345
  -338
  -340
  -339
  -340
  -339
  -351
  -342
  -327
  -327
  -326
  -327
  -328
  -327
  -323
  -324
  -310
  -296
  -304
  -290
  -297
  -294
  -298
  -305
  -297
  -296
  -285
  -283
  -284
  -285
  -287
  -298
  -308
  -317
  -318
  -333
  -340
  -338
  -316
  -315
  -306
  -309
  -311
  -314
  -315
  -320
  -317
  -319
  -338
  -334
  -322
  -326
  -327
  -327
  -324
  -322
  -326
  -341
  -326
  -335
  -336
  -343
  -351
  -351
  -364
  -370
  -377
  -377
  -378
  -382
  -393
  -398
  -424
  -426
  -425
  -418
  -414
  -421
  -425
  -434
  -440
  -446
  -444
  -446
  -448
  -451
  -441
  -457
  -459
  -474
  -488
  -480
  -475
  -471
  -466
  -460
  -458
  -446
  -441
  -449
  -445
  -458
  -456
  -467
  -484
  -496
  -501
  -502
  -502
  -508
  -504
  -507
  -498
  -493
  -496
  -495
  -495
  -503
  -516
  -518
  -519
  -527
  -528
  -528
  -529
  -532
  -545
  -549
  -541
  -553
  -555
  -554
  -551
  -536
  -530
  -521
  -515
  -513
  -511
  -502
  -492
  -491
  -497
  -497
  -487
  -478
  -477
  -484
  -486
  -494
  -501
  -505
  -517
  -520
  -521
  -523
  -539
  -547
  -555
  -553
  -549
  -553
  -558
  -547
  -546
  -535
  -529
  -528
  -523
  -503
  -510
  -499
  -509
  -516
  -521
  -524
  -532
  -533
  -537
  -537
  -538
  -538
  -541
  -550
  -561
  -566
  -567
  -568
  -566
  -558
  -552
  -543
  -517
  -515
  -515
  -517
  -519
  -525
  -524
  -528
  -534
  -535
  -545
  -551
  -550
  -554
  -548
  -533
  -512
  -510
  -518
  -519
  -512
  -512
  -510
  -515
  -514
  -521
  -531
  -534
  -540
  -550
  -545
  -548
  -550
  -548
  -554
  -555
  -555
  -552
  -546
  -531
  -502
  -486
  -493
  -493
  -493
  -490
  -485
  -486
  -498
  -510
  -502
  -501
  -501
  -502
  -512
  -511
  -524
  -532
  -543
  -544
  -553
  -551
  -550
  -557
  -569
  -579
  -577
  -576
  -575
  -561
  -558
  -550
  -551
  -552
  -555
  -558
  -558
  -562
  -556
  -558
  -561
  -561
  -560
  -560
  -558
  -557
  -554
  -554
  -553
  -545
  -548
  -549
  -549
  -556
  -549
  -517
  -493
  -482
  -476
  -474
  -472
  -475
  -479
  -483
  -473
  -486
  -486
  -481
  -474
  -478
  -485
  -497
  -494
  -501
  -504
  -517
  -521
  -521
  -521
  -518
  -527
  -534
  -533
  -534
  -534
  -535
  -546
  -552
  -549
  -561
  -570
  -573
  -574
  -566
  -558
  -561
  -553
  -546
  -525
  -530
  -542
  -545
  -551
  -560
  -576
  -582
  -589
  -582
  -566
  -566
  -565
  -567
  -567
  -566
  -565
  -555
  -553
  -564
  -567
  -575
  -576
  -583
  -589
  -592
  -611
  -609
  -606
  -615
  -620
  -630
  -638
  -638
  -644
  -640
  -633
  -626
  -620
  -607
  -599
  -600
  -601
  -606
  -617
  -633
  -639
  -642
  -650
  -652
  -651
  -648
  -634
  -606
  -589
  -577
  -575
  -565
  -577
  -578
  -578
  -584
  -587
  -588
  -583
  -578
  -575
  -575
  -565
  -558
  -551
  -546
  -551
  -554
  -548
  -548
  -558
  -573
  -577
  -594
  -598
  -605
  -598
  -594
  -596
  -585
  -581
  -577
  -563
  -565
  -550
  -562
  -551
  -550
  -550
  -541
  -531
  -533
  -518
  -522
  -517
  -505
  -501
  -489
  -495
  -490
  -496
  -502
  -511
  -524
  -529
  -534
  -533
  -542
  -549
  -563
  -563
  -570
  -569
  -565
  -572
  -577
  -584
  -589
  -596
  -600
  -609
  -619
  -622
  -624
  -625
  -624
  -623
  -627
  -639
  -638
  -648
  -650
  -643
  -652
  -654
  -647
  -643
  -638
  -624
  -625
  -611
  -605
  -598
  -586
  -588
  -579
  -572
  -571
  -572
  -574
  -585
  -603
  -615
  -625
  -634
  -641
  -636
  -626
  -616
  -610
  -619
  -607
  -608
  -607
  -607
  -606
  -612
  -618
  -621
  -629
  -633
  -634
  -635
  -635
  -643
  -646
  -648
  -645
  -647
  -645
  -651
  -660
  -668
  -670
  -672
  -680
  -682
  -683
  -684
  -691
  -703
  -711
  -723
  -729
  -730
  -732
  -731
  -729
  -704
  -699
  -687
  -678
  -677
  -681
  -676
  -667
  -659
  -650
  -636
  -640
  -633
  -633
  -634
  -631
  -633
  -631
  -640
  -643
  -649
  -656
  -656
  -658
  -648
  -652
  -654
  -657
  -661
  -665
  -664
  -657
  -642
  -638
  -633
  -636
  -629
  -627
  -629
  -636
  -648
  -646
  -650
  -655
  -662
  -664
  -661
  -663
  -646
  -641
  -637
  -622
  -613
  -615
  -623
  -630
  -635
  -646
  -661
  -657
  -658
  -656
  -659
  -657
  -660
  -660
  -627
  -620
  -617
  -617
  -617
  -617
  -602
  -593
  -580
  -578
  -561
  -562
  -562
  -560
  -562
  -545
  -544
  -548
  -542
  -541
  -540
  -547
  -553
  -561
  -580
  -590
  -595
  -595
  -599
  -606
  -609
  -619
  -634
  -642
  -646
  -646
  -643
  -649
  -643
  -639
  -636
  -627
  -628
  -627
  -629
  -629
  -642
  -641
  -629
  -634
  -636
  -637
  -640
  -643
  -648
  -654
  -661
  -674
  -681
  -680
  -681
  -688
  -698
  -693
  -691
  -698
  -695
  -696
  -694
  -689
  -678
  -673
  -661
  -654
  -656
  -655
  -653
  -653
  -643
  -635
  -619
  -616
  -609
  -609
  -596
  -587
  -582
  -576
  -573
  -564
  -563
  -560
  -561
  -564
  -576
  -574
  -581
  -583
  -587
  -586
  -586
  -584
  -593
  -602
  -618
  -625
  -626
  -628
  -636
  -642
  -646
  -659
  -665
  -678
  -670
  -677
  -679
  -681
  -690
  -691
  -697
  -691
  -698
  -700
  -697
  -705
  -715
  -719
  -724
  -724
  -732
  -728
  -725
  -717
  -698
  -691
  -690
  -680
  -686
  -693
  -693
  -683
  -662
  -654
  -639
  -624
  -621
  -621
  -622
  -621
  -611
  -598
  -586
  -576
  -567
  -568
  -570
  -574
  -579
  -578
  -593
  -597
  -600
  -600
  -600
  -603
  -611
  -617
  -629
  -634
  -641
  -641
  -637
  -640
  -628
  -624
  -622
  -605
  -595
  -593
  -594
  -574
  -563
  -567
  -571
  -582
  -584
  -583
  -581
  -573
  -576
  -570
  -570
  -569
  -560
  -560
  -561
  -566
  -576
  -587
  -598
  -604
  -613
  -620
  -621
  -618
  -624
  -636
  -641
  -656
  -660
  -659
  -665
  -663
  -661
  -665
  -662
  -672
  -682
  -690
  -693
  -700
  -685
  -667
  -659
  -644
  -638
  -640
  -643
  -645
  -638
  -647
  -649
  -660
  -661
  -662
  -657
  -660
  -656
  -642
  -630
  -636
  -625
  -623
  -617
  -610
  -616
  -606
  -588
  -578
  -583
  -582
  -581
  -569
  -567
  -555
  -549
  -547
  -544
  -543
  -539
  -535
  -535
  -536
  -537
  -523
  -524
  -520
  -530
  -526
  -514
  -504
  -499
  -483
  -479
  -481
  -487
  -495
  -508
  -519
  -532
  -534
  -536
  -537
  -537
  -538
  -522
  -520
  -512
  -506
  -509
  -509
  -513
  -517
  -509
  -508
  -491
  -484
  -487
  -484
  -489
  -472
  -462
  -470
  -468
  -478
  -481
  -477
  -484
  -488
  -494
  -506
  -513
  -528
  -536
  -537
  -541
  -546
  -541
  -560
  -576
  -573
  -585
  -583
  -581
  -571
  -554
  -548
  -536
  -536
  -531
  -535
  -534
  -529
  -527
  -511
  -487
  -483
  -479
  -481
  -483
  -482
  -474
  -485
  -475
  -476
  -474
  -481
  -480
  -488
  -498
  -511
  -511
  -518
  -516
  -517
  -516
  -518
  -524
  -538
  -552
  -567
  -575
  -577
  -573
  -560
  -570
  -567
  -560
  -562
  -571
  -568
  -561
  -561
  -564
  -555
  -541
  -542
  -546
  -544
  -547
  -544
  -540
  -536
  -527
  -526
  -519
  -513
  -521
  -531
  -539
  -552
  -559
  -559
  -558
  -570
  -573
  -573
  -583
  -591
  -601
  -620
  -624
  -625
  -626
  -631
  -631
  -635
  -646
  -650
  -651
  -651
  -652
  -651
  -656
  -666
  -675
  -690
  -695
  -698
  -698
  -694
  -683
  -663
  -676
  -672
  -665
  -663
  -666
  -653
  -645
  -651
  -648
  -634
  -634
  -635
  -637
  -640
  -633
  -623
  -622
  -616
  -614
  -616
  -611
  -607
  -589
  -590
  -588
  -580
  -572
  -582
  -585
  -586
  -572
  -560
  -552
  -545
  -541
  -529
  -529
  -534
  -523
  -529
  -522
  -512
  -516
  -516
  -517
  -520
  -528
  -536
  -546
  -556
  -556
  -557
  -558
  -553
  -546
  -548
  -548
  -553
  -559
  -554
  -559
  -555
  -565
  -569
  -559
  -558
  -556
  -554
  -554
  -555
  -559
  -556
  -559
  -566
  -564
  -571
  -564
  -568
  -575
  -584
  -588
  -595
  -600
  -598
  -593
  -583
  -573
  -565
  -578
  -573
  -579
  -569
  -570
  -569
  -581
  -598
  -605
  -609
  -614
  -618
  -625
  -631
  -636
  -645
  -661
  -670
  -675
  -677
  -675
  -667
  -655
  -643
  -642
  -648
  -645
  -641
  -642
  -640
  -640
  -631
  -629
  -627
  -621
  -620
  -623
  -629
  -635
  -648
  -654
  -657
  -658
  -657
  -657
  -659
  -678
  -690
  -700
  -701
  -711
  -714
  -713
  -708
  -701
  -697
  -696
  -689
  -692
  -693
  -695
  -697
  -697
  -707
  -722
  -716
  -720
  -723
  -725
  -730
  -734
  -737
  -735
  -740
  -745
  -747
  -748
  -750
  -763
  -761
  -767
  -771
  -769
  -770
  -765
  -773
  -763
  -752
  -740
  -734
  -741
  -742
  -742
  -729
  -712
  -708
  -699
  -690
  -683
  -666
  -674
  -674
  -664
  -657
  -654
  -638
  -637
  -637
  -635
  -633
  -626
  -609
  -609
  -605
  -604
  -594
  -586
  -588
  -587
  -579
  -571
  -566
  -568
  -558
  -552
  -542
  -531
  -538
  -535
  -526
  -523
  -522
  -522
  -519
  -504
  -489
  -494
  -491
  -487
  -485
  -479
  -480
  -474
  -473
  -495
  -494
  -495
  -499
  -498
  -500
  -489
  -486
  -475
  -477
  -484
  -485
  -487
  -486
  -483
  -485
  -473
  -468
  -461
  -459
  -462
  -464
  -470
  -474
  -484
  -502
  -512
  -526
  -531
  -534
  -542
  -539
  -542
  -543
  -545
  -549
  -552
  -555
  -555
  -555
  -559
  -558
  -556
  -551
  -553
  -555
  -573
  -574
  -587
  -603
  -600
  -600
  -602
  -586
  -577
  -575
  -573
  -575
  -581
  -578
  -579
  -579
  -583
  -592
  -589
  -601
  -614
  -620
  -631
  -633
  -646
  -640
  -650
  -661
  -663
  -674
  -680
  -679
  -688
  -696
  -700
  -698
  -698
  -702
  -706
  -695
  -695
  -694
  -697
  -694
  -691
  -686
  -680
  -675
  -676
  -662
  -657
  -659
  -654
  -650
  -664
  -667
  -667
  -667
  -676
  -686
  -695
  -708
  -719
  -729
  -747
  -751
  -758
  -767
  -769
  -763
  -780
  -768
  -752
  -739
  -734
  -722
  -723
  -722
  -726
  -721
  -713
  -725
  -701
  -690
  -687
  -682
  -684
  -688
  -699
  -710
  -722
  -726
  -715
  -717
  -715
  -706
  -697
  -678
  -656
  -649
  -638
  -636
  -638
  -642
  -656
  -669
  -684
  -698
  -700
  -715
  -727
  -740
  -737
  -754
  -767
  -777
  -781
  -783
  -783
  -778
  -761
  -762
  -756
  -748
  -753
  -762
  -767
  -766
  -769
  -771
  -775
  -787
  -802
  -803
  -800
  -795
  -781
  -752
  -730
  -732
  -724
  -723
  -721
  -725
  -730
  -738
  -736
  -742
  -740
  -740
  -740
  -737
  -744
  -736
  -723
  -709
  -708
  -701
  -703
  -711
  -724
  -722
  -736
  -745
  -748
  -749
  -749
  -744
  -751
  -763
  -767
  -772
  -773
  -773
  -775
  -779
  -789
  -797
  -806
  -812
  -812
  -820
  -832
  -833
  -826
  -807
  -804
  -782
  -776
  -772
  -767
  -768
  -774
  -779
  -781
  -788
  -797
  -797
  -797
  -785
  -768
  -753
  -747
  -727
  -725
  -725
  -724
  -721
  -729
  -721
  -716
  -707
  -701
  -696
  -696
  -692
  -689
  -665
  -660
  -661
  -661
  -671
  -665
  -675
  -693
  -700
  -705
  -714
  -716
  -726
  -730
  -737
  -742
  -743
  -750
  -758
  -765
  -781
  -787
  -791
  -795
  -797
  -800
  -811
  -815
  -815
  -816
  -821
  -826
  -828
  -834
  -844
  -845
  -847
  -851
  -852
  -853
  -851
  -860
  -863
  -868
  -866
  -868
  -868
  -876
  -869
  -882
  -894
  -896
  -895
  -895
  -899
  -895
  -899
  -900
  -913
  -910
  -913
  -907
  -900
  -887
  -869
  -862
  -848
  -849
  -848
  -850
  -855
  -855
  -855
  -859
  -856
  -854
  -835
  -829
  -825
  -814
  -814
  -807
  -793
  -787
  -787
  -783
  -787
  -795
  -795
  -798
  -805
  -809
  -809
  -811
  -810
  -807
  -807
  -820
  -823
  -831
  -833
  -832
  -833
  -823
  -810
  -795
  -775
  -779
  -780
  -781
  -763
  -757
  -757
  -749
  -734
  -732
  -738
  -734
  -740
  -733
  -744
  -762
  -766
  -781
  -785
  -785
  -783
  -777
  -766
  -761
  -754
  -749
  -748
  -745
  -743
  -747
  -742
  -731
  -731
  -729
  -728
  -733
  -738
  -749
  -755
  -764
  -775
  -784
  -786
  -782
  -780
  -777
  -758
  -753
  -751
  -750
  -748
  -749
  -758
  -752
  -747
  -738
  -734
  -732
  -741
  -745
  -744
  -755
  -768
  -770
  -779
  -787
  -787
  -794
  -798
  -800
  -806
  -812
  -820
  -823
  -825
  -824
  -822
  -810
  -802
  -790
  -781
  -780
  -773
  -773
  -758
  -736
  -732
  -727
  -709
  -704
  -706
  -709
  -715
  -724
  -730
  -727
  -735
  -747
  -750
  -755
  -752
  -750
  -760
  -771
  -778
  -785
  -788
  -794
  -800
  -794
  -800
  -798
  -805
  -813
  -814
  -815
  -817
  -825
  -831
  -849
  -850
  -851
  -861
  -861
  -846
  -834
  -831
  -820
  -819
  -816
  -813
  -807
  -811
  -816
  -828
  -833
  -843
  -845
  -846
  -846
  -844
  -847
  -853
  -869
  -880
  -886
  -887
  -888
  -875
  -876
  -857
  -840
  -833
  -822
  -816
  -813
  -817
  -796
  -788
  -768
  -758
  -757
  -761
  -765
  -769
  -771
  -779
  -787
  -794
  -805
  -815
  -817
  -824
  -819
  -812
  -814
  -821
  -828
  -835
  -844
  -850
  -860
  -865
  -861
  -862
  -866
  -867
  -866
  -872
  -883
  -897
  -902
  -913
  -911
  -911
  -912
  -919
  -922
  -926
  -921
  -922
  -921
  -919
  -920
  -921
  -923
  -925
  -931
  -933
  -932
  -922
  -918
  -900
  -887
  -879
  -872
  -863
  -858
  -858
  -861
  -862
  -843
  -832
  -812
  -801
  -799
  -803
  -803
  -798
  -788
  -790
  -787
  -773
  -770
  -771
  -777
  -779
  -784
  -795
  -809
  -815
  -817
  -816
  -817
  -815
  -818
  -817
  -822
  -826
  -826
  -834
  -833
  -839
  -849
  -853
  -854
  -853
  -855
  -857
  -853
  -846
  -834
  -816
  -805
  -799
  -799
  -801
  -803
  -805
  -819
  -830
  -842
  -841
  -839
  -838
  -840
  -845
  -845
  -855
  -859
  -868
  -868
  -874
  -886
  -881
  -890
  -897
  -894
  -896
  -896
  -897
  -898
  -887
  -889
  -883
  -868
  -861
  -867
  -860
  -860
  -857
  -856
  -862
  -867
  -872
  -872
  -882
  -872
  -873
  -861
  -861
  -850
  -853
  -856
  -857
  -858
  -859
  -856
  -854
  -854
  -855
  -864
  -862
  -864
  -875
  -877
  -880
  -901
  -907
  -907
  -907
  -915
  -903
  -894
  -899
  -885
  -871
  -872
  -873
  -874
  -870
  -872
  -863
  -845
  -825
  -828
  -827
  -829
  -834
  -837
  -848
  -852
  -850
  -854
  -855
  -855
  -849
  -844
  -831
  -814
  -806
  -796
  -794
  -792
  -788
  -779
  -778
  -768
  -761
  -756
  -746
  -746
  -728
  -727
  -720
  -717
  -712
  -714
  -713
  -714
  -720
  -722
  -731
  -746
  -750
  -755
  -758
  -759
  -764
  -768
  -776
  -780
  -781
  -790
  -791
  -792
  -783
  -753
  -738
  -728
  -723
  -726
  -727
  -726
  -725
  -723
  -711
  -697
  -704
  -702
  -703
  -702
  -705
  -695
  -688
  -692
  -689
  -685
  -684
  -682
  -678
  -671
  -661
  -664
  -655
  -648
  -644
  -647
  -655
  -667
  -668
  -673
  -677
  -692
  -696
  -702
  -709
  -711
  -713
  -716
  -723
  -729
  -733
  -738
  -748
  -739
  -735
  -725
  -716
  -724
  -727
  -729
  -731
  -741
  -751
  -758
  -764
  -762
  -764
  -763
  -766
  -767
  -780
  -791
  -797
  -799
  -803
  -806
  -810
  -801
  -797
  -786
  -781
  -777
  -779
  -778
  -771
  -773
  -760
  -735
  -733
  -735
  -732
  -731
  -728
  -725
  -718
  -708
  -708
  -715
  -719
  -725
  -730
  -738
  -751
  -755
  -763
  -769
  -772
  -772
  -771
  -758
  -757
  -747
  -737
  -737
  -734
  -725
  -723
  -716
  -717
  -707
  -696
  -688
  -686
  -686
  -688
  -681
  -680
  -667
  -661
  -666
  -668
  -670
  -669
  -662
  -658
  -659
  -653
  -653
  -652
  -655
  -668
  -678
  -687
  -687
  -690
  -695
  -697
  -698
  -710
  -714
  -735
  -753
  -750
  -745
  -744
  -746
  -743
  -748
  -753
  -765
  -761
  -770
  -766
  -766
  -766
  -762
  -760
  -747
  -729
  -730
  -742
  -747
  -755
  -746
  -752
  -759
  -774
  -776
  -775
  -775
  -777
  -789
  -794
  -794
  -805
  -810
  -811
  -813
  -810
  -809
  -804
  -793
  -784
  -779
  -779
  -780
  -782
  -783
  -784
  -781
  -764
  -761
  -754
  -743
  -744
  -751
  -745
  -742
  -741
  -737
  -725
  -716
  -699
  -693
  -689
  -694
  -689
  -679
  -671
  -673
  -665
  -668
  -670
  -669
  -664
  -660
  -665
  -670
  -669
  -689
  -701
  -708
  -718
  -730
  -730
  -727
  -732
  -739
  -726
  -728
  -719
  -722
  -722
  -723
  -718
  -727
  -717
  -718
  -718
  -723
  -723
  -729
  -734
  -744
  -749
  -756
  -766
  -771
  -774
  -773
  -766
  -756
  -761
  -753
  -751
  -751
  -747
  -748
  -753
  -766
  -766
  -788
  -800
  -814
  -817
  -817
  -817
  -831
  -843
  -844
  -851
  -863
  -864
  -863
  -863
  -858
  -857
  -839
  -834
  -838
  -841
  -842
  -843
  -827
  -823
  -811
  -815
  -806
  -801
  -804
  -803
  -807
  -822
  -838
  -845
  -849
  -856
  -861
  -867
  -872
  -881
  -892
  -899
  -908
  -908
  -907
  -900
  -893
  -873
  -851
  -844
  -841
  -841
  -844
  -837
  -821
  -816
  -811
  -819
  -826
  -821
  -814
  -815
  -812
  -809
  -805
  -796
  -789
  -787
  -788
  -796
  -796
  -801
  -821
  -831
  -834
  -835
  -832
  -829
  -808
  -774
  -761
  -760
  -751
  -750
  -755
  -749
  -737
  -737
  -720
  -715
  -725
  -722
  -727
  -734
  -740
  -752
  -767
  -778
  -781
  -780
  -779
  -779
  -770
  -768
  -755
  -754
  -747
  -745
  -741
  -743
  -729
  -724
  -703
  -700
  -700
  -701
  -702
  -705
  -710
  -726
  -744
  -750
  -759
  -761
  -767
  -763
  -749
  -752
  -747
  -747
  -741
  -740
  -740
  -745
  -745
  -758
  -776
  -787
  -798
  -807
  -815
  -818
  -826
  -832
  -840
  -844
  -848
  -850
  -851
  -851
  -863
  -867
  -883
  -895
  -901
  -901
  -904
  -903
  -905
  -910
  -911
  -917
  -913
  -917
  -921
  -920
  -920
  -913
  -926
  -924
  -928
  -930
  -930
  -931
  -928
  -907
  -889
  -888
  -889
  -889
  -885
  -880
  -882
  -873
  -864
  -853
  -840
  -844
  -835
  -837
  -832
  -827
  -817
  -809
  -803
  -799
  -799
  -797
  -806
  -813
  -819
  -832
  -836
  -837
  -835
  -831
  -806
  -791
  -791
  -785
  -778
  -779
  -778
  -778
  -774
  -750
  -761
  -756
  -750
  -747
  -747
  -740
  -736
  -732
  -725
  -718
  -716
  -715
  -716
  -721
  -736
  -751
  -769
  -784
  -790
  -793
  -795
  -802
  -821
  -838
  -849
  -849
  -856
  -869
  -874
  -872
  -874
  -873
  -880
  -889
  -895
  -897
  -896
  -885
  -878
  -869
  -859
  -847
  -847
  -853
  -851
  -852
  -857
  -871
  -886
  -890
  -894
  -894
  -894
  -908
  -916
  -929
  -937
  -946
  -947
  -947
  -949
  -943
  -932
  -919
  -905
  -890
  -886
  -886
  -884
  -884
  -867
  -846
  -845
  -837
  -832
  -833
  -834
  -838
  -843
  -855
  -879
  -889
  -892
  -898
  -900
  -900
  -886
  -876
  -864
  -854
  -849
  -848
  -850
  -857
  -867
  -875
  -881
  -889
  -895
  -902
  -908
  -914
  -914
  -922
  -931
  -941
  -940
  -941
  -941
  -942
  -948
  -955
  -958
  -963
  -973
  -974
  -969
  -967
  -955
  -941
  -933
  -907
  -893
  -894
  -893
  -890
  -892
  -874
  -867
  -861
  -849
  -847
  -843
  -848
  -852
  -865
  -881
  -895
  -897
  -897
  -896
  -890
  -885
  -882
  -863
  -846
  -846
  -832
  -835
  -830
  -820
  -809
  -795
  -799
  -799
  -798
  -802
  -808
  -816
  -817
  -828
  -843
  -847
  -846
  -848
  -856
  -862
  -867
  -873
  -877
  -876
  -878
  -878
  -889
  -905
  -919
  -925
  -927
  -928
  -932
  -932
  -918
  -906
  -895
  -891
  -879
  -872
  -873
  -880
  -884
  -894
  -899
  -906
  -915
  -917
  -924
  -927
  -934
  -931
  -932
  -938
  -948
  -950
  -955
  -958
  -967
  -972
  -967
  -975
  -973
  -978
  -982
  -969
  -972
  -971
  -957
  -966
  -966
  -959
  -953
  -952
  -958
  -967
  -974
  -978
  -983
  -990
  -988
  -999
 -1005
 -1013
 -1023
 -1022
 -1031
 -1033
 -1041
 -1045
 -1051
 -1057
 -1061
 -1056
 -1057
 -1065
 -1072
 -1073
 -1068
 -1069
 -1069
 -1067
 -1068
 -1069
 -1070
 -1069
 -1059
 -1052
 -1036
 -1035
 -1036
 -1037
 -1029
 -1008
  -996
  -987
  -987
  -980
  -969
  -961
  -961
  -958
  -954
  -949
  -931
  -918
  -906
  -895
  -895
  -894
  -894
  -883
  -868
  -865
  -861
  -849
  -843
  -846
  -847
  -849
  -849
  -849
  -849
  -858
  -866
  -867
  -874
  -881
  -892
  -900
  -906
  -913
  -913
  -914
  -914
  -922
  -928
  -932
  -943
  -945
  -945
  -942
  -938
  -932
  -924
  -893
  -886
  -881
  -881
  -887
  -889
  -890
  -897
  -904
  -913
  -915
  -916
  -917
  -912
  -902
  -892
  -880
  -863
  -859
  -860
  -861
  -865
  -858
  -872
  -887
  -902
  -904
  -911
  -912
  -909
  -902
  -899
  -899
  -883
  -886
  -881
  -883
  -886
  -893
  -898
  -905
  -914
  -918
  -917
  -917
  -907
  -899
  -879
  -866
  -865
  -859
  -854
  -860
  -860
  -866
  -885
  -889
  -891
  -903
  -904
  -902
  -897
  -904
  -878
  -870
  -865
  -859
  -859
  -861
  -858
  -856
  -840
  -829
  -823
  -811
  -813
  -805
  -809
  -814
  -816
  -811
  -808
  -802
  -802
  -803
  -807
  -814
  -829
  -839
  -843
  -846
  -852
  -846
  -854
  -861
  -864
  -881
  -889
  -890
  -891
  -893
  -895
  -898
  -897
  -902
  -902
  -903
  -904
  -907
  -907
  -900
  -883
  -876
  -863
  -856
  -852
  -848
  -849
  -859
  -871
  -884
  -898
  -897
  -895
  -890
  -875
  -860
  -843
  -835
  -834
  -830
  -828
  -830
  -827
  -819
  -808
  -802
  -793
  -789
  -791
  -792
  -803
  -810
  -828
  -841
  -848
  -850
  -859
  -860
  -872
  -884
  -884
  -892
  -902
  -906
  -912
  -918
  -902
  -890
  -875
  -873
  -858
  -853
  -854
  -859
  -872
  -874
  -881
  -890
  -893
  -899
  -900
  -900
  -901
  -913
  -916
  -924
  -934
  -935
  -938
  -938
  -934
  -927
  -917
  -913
  -907
  -902
  -901
  -902
  -895
  -884
  -875
  -861
  -849
  -839
  -839
  -841
  -840
  -857
  -877
  -885
  -889
  -890
  -900
  -905
  -912
  -918
  -933
  -943
  -950
  -950
  -952
  -952
  -952
  -956
  -965
  -972
  -977
  -980
  -981
  -976
  -983
  -973
  -957
  -940
  -934
  -941
  -941
  -951
  -963
  -971
  -976
  -985
  -992
  -993
  -994
  -994
 -1000
  -997
 -1000
 -1006
 -1008
 -1017
 -1015
 -1014
 -1012
 -1017
 -1021
 -1018
 -1025
 -1033
 -1033
 -1034
 -1033
 -1041
 -1051
 -1055
 -1056
 -1059
 -1059
 -1066
 -1060
 -1052
 -1046
 -1038
 -1020
 -1010
 -1000
 -1005
 -1005
 -1007
 -1014
 -1012
 -1012
 -1015
 -1017
 -1012
 -1004
  -995
  -990
  -981
  -970
  -963
  -963
  -968
  -976
  -980
  -993
 -1009
 -1012
 -1017
 -1014
 -1015
 -1007
 -1001
  -990
  -980
  -974
  -977
  -977
  -975
  -979
  -992
  -997
 -1006
 -1012
 -1021
 -1020
 -1011
  -998
  -993
  -974
  -971
  -966
  -956
  -955
  -947
  -926
  -915
  -907
  -907
  -898
  -902
  -888
  -877
  -859
  -854
  -844
  -836
  -835
  -825
  -824
  -829
  -830
  -837
  -853
  -860
  -864
  -870
  -884
  -895
  -902
  -908
  -917
  -923
  -933
  -935
  -938
  -938
  -932
  -919
  -909
  -914
  -911
  -905
  -910
  -903
  -901
  -891
  -889
  -889
  -883
  -885
  -882
  -885
  -890
  -899
  -902
  -914
  -917
  -921
  -922
  -917
  -917
  -906
  -894
  -886
  -880
  -877
  -877
  -890
  -897
  -901
  -905
  -918
  -930
  -934
  -936
  -936
  -939
  -953
  -972
  -980
  -982
  -987
  -987
  -987
  -986
  -993
 -1010
 -1011
 -1019
 -1022
 -1023
 -1024
 -1023
 -1029
 -1047
 -1054
 -1050
 -1049
 -1049
 -1044
 -1038
 -1023
 -1010
  -992
  -976
  -967
  -967
  -967
  -959
  -954
  -945
  -938
  -933
  -924
  -916
  -915
  -906
  -897
  -889
  -892
  -885
  -885
  -887
  -889
  -894
  -908
  -918
  -924
  -938
  -943
  -948
  -949
  -944
  -924
  -924
  -909
  -885
  -872
  -854
  -851
  -849
  -842
  -846
  -842
  -828
  -820
  -820
  -820
  -818
  -809
  -796
  -784
  -784
  -774
  -773
  -778
  -785
  -793
  -806
  -805
  -820
  -825
  -833
  -843
  -852
  -855
  -861
  -875
  -887
  -889
  -889
  -895
  -896
  -904
  -909
  -920
  -931
  -931
  -932
  -932
  -935
  -946
  -951
  -958
  -962
  -962
  -963
  -966
  -970
  -976
  -979
  -988
  -998
 -1001
 -1003
 -1003
  -997
 -1007
 -1021
 -1023
 -1035
 -1039
 -1039
 -1037
 -1041
 -1045
 -1042
 -1061
 -1067
 -1078
 -1085
 -1089
 -1087
 -1087
 -1098
 -1099
 -1107
 -1111
 -1112
 -1114
 -1111
 -1112
 -1115
 -1113
 -1120
 -1132
 -1126
 -1121
 -1121
 -1122
 -1117
 -1121
 -1129
 -1129
 -1136
 -1140
 -1143
 -1136
 -1135
 -1138
 -1138
 -1138
 -1134
 -1134
 -1132
 -1138
 -1146
 -1148
 -1146
 -1148
 -1154
 -1154
 -1158
 -1158
 -1158
 -1152
 -1153
 -1154
 -1160
 -1161
 -1160
 -1153
 -1157
 -1156
 -1161
 -1163
 -1159
 -1148
 -1139
 -1123
 -1112
 -1104
 -1089
 -1078
 -1070
 -1069
 -1074
 -1084
 -1090
 -1092
 -1099
 -1103
 -1102
 -1085
 -1072
 -1049
 -1045
 -1037
 -1022
 -1021
 -1018
 -1025
 -1024
 -1030
 -1039
 -1043
 -1041
 -1037
 -1036
 -1031
 -1027
 -1026
 -1021
 -1027
 -1019
 -1023
 -1027
 -1028
 -1027
 -1017
 -1013
 -1004
 -1004
 -1002
 -1004
 -1005
 -1010
 -1019
 -1020
 -1028
 -1029
 -1035
 -1036
 -1031
 -1020
 -1012
  -993
  -979
  -974
  -966
  -948
  -937
  -934
  -927
  -917
  -903
  -889
  -882
  -888
  -886
  -877
  -878
  -864
  -862
  -859
  -868
  -860
  -860
  -869
  -876
  -879
  -888
  -893
  -901
  -909
  -920
  -925
  -934
  -944
  -957
  -963
  -967
  -961
  -963
  -967
  -956
  -949
  -941
  -929
  -919
  -923
  -917
  -917
  -906
  -898
  -890
  -883
  -878
  -885
  -887
  -889
  -900
  -907
  -921
  -933
  -938
  -942
  -942
  -943
  -936
  -924
  -916
  -911
  -905
  -913
  -914
  -918
  -921
  -930
  -935
  -943
  -954
  -957
  -957
  -962
  -972
  -975
  -986
  -998
 -1006
 -1007
 -1007
 -1011
 -1016
 -1029
 -1034
 -1039
 -1042
 -1044
 -1044
 -1034
 -1029
 -1028
 -1018
 -1009
 -1008
 -1007
 -1006
 -1004
  -990
  -985
  -967
  -953
  -948
  -948
  -951
  -950
  -957
  -963
  -965
  -977
  -981
  -984
  -987
  -985
  -968
  -964
  -956
  -952
  -946
  -944
  -947
  -950
  -956
  -965
  -972
  -987
  -992
  -994
 -1003
 -1012
 -1020
 -1031
 -1042
 -1044
 -1044
 -1045
 -1044
 -1045
 -1050
 -1058
 -1066
 -1076
 -1078
 -1074
 -1074
 -1074
 -1049
 -1047
 -1038
 -1027
 -1018
 -1017
 -1020
 -1022
 -1026
 -1033
 -1038
 -1046
 -1051
 -1051
 -1054
 -1051
 -1050
 -1026
 -1020
 -1011
  -998
  -998
  -999
 -1005
 -1008
 -1020
 -1032
 -1038
 -1041
 -1041
 -1039
 -1035
 -1028
 -1027
 -1009
 -1007
 -1001
  -984
  -971
  -976
  -966
  -947
  -939
  -931
  -936
  -934
  -932
  -938
  -943
  -953
  -959
  -965
  -970
  -973
  -974
  -963
  -963
  -950
  -933
  -922
  -917
  -905
  -894
  -887
  -879
  -869
  -872
  -867
  -864
  -863
  -864
  -860
  -850
  -842
  -848
  -841
  -840
  -838
  -832
  -832
  -836
  -834
  -828
  -823
  -830
  -831
  -837
  -843
  -860
  -872
  -885
  -887
  -894
  -895
  -894
  -888
  -888
  -883
  -879
  -872
  -861
  -857
  -851
  -847
  -842
  -842
  -843
  -840
  -837
  -835
  -830
  -825
  -837
  -839
  -837
  -827
  -817
  -819
  -819
  -818
  -810
  -804
  -794
  -787
  -778
  -772
  -773
  -782
  -792
  -810
  -819
  -834
  -839
  -840
  -841
  -844
  -850
  -860
  -871
  -874
  -878
  -880
  -877
  -870
  -865
  -857
  -847
  -843
  -845
  -838
  -834
  -823
  -823
  -816
  -803
  -791
  -787
  -788
  -788
  -785
  -786
  -790
  -778
  -775
  -767
  -765
  -765
  -759
  -759
  -753
  -755
  -757
  -760
  -757
  -754
  -759
  -759
  -763
  -762
  -761
  -770
  -764
  -755
  -754
  -753
  -753
  -739
  -735
  -734
  -734
  -734
  -741
  -741
  -744
  -736
  -739
  -737
  -737
  -737
  -732
  -730
  -725
  -724
  -725
  -721
  -720
  -722
  -715
  -716
  -714
  -709
  -701
  -694
  -696
  -702
  -707
  -717
  -718
  -722
  -730
  -727
  -727
  -726
  -730
  -735
  -735
  -743
  -739
  -735
  -729
  -733
  -739
  -756
  -776
  -794
  -809
  -819
  -822
  -830
  -840
  -848
  -857
  -872
  -881
  -885
  -898
  -899
  -907
  -919
  -929
  -955
  -961
  -960
  -965
  -968
  -964
  -960
  -937
  -933
  -927
  -927
  -927
  -927
  -926
  -918
  -910
  -905
  -903
  -902
  -910
  -917
  -927
  -933
  -944
  -952
  -951
  -957
  -960
  -953
  -946
  -941
  -920
  -912
  -914
  -917
  -917
  -919
  -926
  -936
  -936
  -936
  -943
  -950
  -951
  -947
  -951
  -938
  -926
  -924
  -920
  -919
  -919
  -921
  -924
  -918
  -910
  -912
  -917
  -913
  -911
  -911
  -912
  -908
  -901
  -902
  -899
  -899
  -891
  -895
  -902
  -915
  -926
  -940
  -943
  -943
  -944
  -940
  -927
  -923
  -927
  -913
  -905
  -909
  -902
  -901
  -914
  -926
  -936
  -938
  -953
  -959
  -959
  -960
  -962
  -970
  -986
  -997
 -1003
 -1002
 -1002
 -1003
 -1006
 -1012
 -1027
 -1041
 -1049
 -1058
 -1059
 -1057
 -1057
 -1055
 -1046
 -1029
 -1016
 -1009
 -1009
 -1015
 -1018
 -1020
 -1030
 -1043
 -1053
 -1058
 -1061
 -1061
 -1058
 -1050
 -1038
 -1021
 -1002
  -994
  -988
  -977
  -975
  -975
  -959
  -953
  -941
  -941
  -938
  -943
  -939
  -924
  -918
  -909
  -906
  -909
  -911
  -910
  -910
  -914
  -904
  -893
  -891
  -894
  -894
  -895
  -897
  -888
  -884
  -879
  -876
  -873
  -873
  -872
  -869
  -867
  -860
  -850
  -839
  -838
  -843
  -848
  -853
  -861
  -870
  -878
  -890
  -893
  -895
  -896
  -900
  -910
  -924
  -944
  -952
  -955
  -956
  -957
  -958
  -970
  -982
  -990
 -1000
 -1008
 -1011
 -1009
 -1008
  -997
 -1010
 -1004
  -994
  -993
  -991
  -989
  -989
  -979
  -969
  -962
  -952
  -939
  -942
  -950
  -954
  -971
  -982
  -995
 -1002
 -1007
 -1007
 -1009
 -1015
 -1025
 -1028
 -1037
 -1047
 -1048
 -1060
 -1059
 -1065
 -1071
 -1072
 -1077
 -1086
 -1095
 -1099
 -1100
 -1095
 -1098
 -1110
 -1117
 -1120
 -1122
 -1123
 -1124
 -1124
 -1130
 -1132
 -1140
 -1142
 -1141
 -1145
 -1149
 -1150
 -1152
 -1155
 -1156
 -1159
 -1159
 -1161
 -1163
 -1160
 -1163
 -1171
 -1165
 -1171
 -1169
 -1173
 -1172
 -1177
 -1182
 -1192
 -1200
 -1196
 -1198
 -1196
 -1196
 -1196
 -1211
 -1218
 -1218
 -1222
 -1226
 -1228
 -1224
 -1216
 -1202
 -1188
 -1168
 -1154
 -1137
 -1127
 -1129
 -1132
 -1134
 -1139
 -1146
 -1152
 -1155
 -1144
 -1144
 -1132
 -1124
 -1119
 -1093
 -1071
 -1062
 -1066
 -1060
 -1064
 -1048
 -1046
 -1042
 -1036
 -1031
 -1027
 -1028
 -1028
 -1022
 -1001
  -989
  -988
  -993
  -993
  -993
  -991
  -986
  -975
  -967
  -966
  -958
  -955
  -951
  -953
  -955
  -940
  -926
  -923
  -919
  -920
  -923
  -927
  -941
  -946
  -959
  -970
  -972
  -973
  -976
  -983
  -999
 -1009
 -1019
 -1021
 -1022
 -1019
 -1029
 -1028
 -1023
 -1014
 -1009
 -1003
  -990
  -986
  -981
  -974
  -966
  -959
  -951
  -950
  -948
  -948
  -949
  -946
  -944
  -923
  -911
  -895
  -889
  -889
  -889
  -894
  -906
  -916
  -932
  -949
  -947
  -951
  -958
  -968
  -975
  -986
  -997
 -1007
 -1018
 -1009
 -1006
  -999
  -996
  -978
  -980
  -969
  -960
  -956
  -965
  -970
  -977
  -989
 -1001
 -1012
 -1017
 -1018
 -1018
 -1018
 -1012
 -1010
 -1015
 -1008
 -1005
 -1010
 -1016
 -1015
 -1023
 -1036
 -1041
 -1054
 -1065
 -1071
 -1078
 -1087
 -1094
 -1095
 -1104
 -1106
 -1111
 -1111
 -1112
 -1116
 -1124
 -1128
 -1136
 -1149
 -1152
 -1148
 -1141
 -1145
 -1147
 -1153
 -1152
 -1167
 -1168
 -1169
 -1162
 -1156
 -1159
 -1147
 -1137
 -1134
 -1129
 -1125
 -1124
 -1128
 -1137
 -1142
 -1152
 -1152
 -1152
 -1153
 -1150
 -1142
 -1138
 -1121
 -1111
 -1100
 -1089
 -1090
 -1087
 -1081
 -1071
 -1060
 -1056
 -1055
 -1044
 -1038
 -1034
 -1025
 -1013
 -1007
  -994
  -990
  -976
  -975
  -968
  -967
  -964
  -961
  -960
  -950
  -942
  -940
  -948
  -947
  -957
  -960
  -980
  -987
  -992
  -994
  -994
  -990
  -980
  -964
  -953
  -942
  -941
  -937
  -939
  -943
  -957
  -973
 -1000
 -1018
 -1022
 -1023
 -1019
 -1013
 -1002
  -992
  -975
  -963
  -963
  -961
  -964
  -971
  -983
  -988
  -993
 -1004
 -1006
 -1006
 -1001
  -998
  -990
  -995
  -993
  -995
  -983
  -974
  -975
  -963
  -955
  -957
  -939
  -933
  -933
  -933
  -931
  -927
  -923
  -908
  -914
  -907
  -897
  -894
  -887
  -884
  -869
  -860
  -857
  -858
  -856
  -855
  -857
  -862
  -874
  -888
  -907
  -917
  -922
  -923
  -924
  -929
  -933
  -945
  -961
  -975
  -984
  -987
  -995
  -997
  -999
 -1009
 -1015
 -1030
 -1028
 -1037
 -1035
 -1020
 -1014
 -1005
  -998
  -991
  -986
  -985
  -965
  -959
  -948
  -943
  -932
  -916
  -909
  -908
  -908
  -910
  -911
  -908
  -902
  -895
  -896
  -897
  -896
  -895
  -895
  -897
  -878
  -875
  -871
  -878
  -874
  -865
  -858
  -863
  -867
  -864
  -865
  -858
  -853
  -849
  -840
  -845
  -844
  -839
  -833
  -837
  -847
  -857
  -866
  -881
  -896
  -897
  -903
  -906
  -904
  -900
  -897
  -900
  -894
  -887
  -888
  -888
  -887
  -885
  -887
  -886
  -885
  -877
  -877
  -877
  -878
  -871
  -877
  -873
  -870
  -866
  -870
  -867
  -867
  -862
  -859
  -852
  -850
  -842
  -840
  -838
  -840
  -847
  -859
  -873
  -876
  -887
  -904
  -906
  -916
  -922
  -931
  -944
  -952
  -969
  -974
  -980
  -984
  -977
  -978
  -968
  -958
  -954
  -951
  -953
  -955
  -966
  -970
  -976
  -981
  -989
  -999
 -1000
 -1007
 -1019
 -1023
 -1027
 -1033
 -1038
 -1045
 -1048
 -1046
 -1041
 -1030
 -1016
 -1009
  -989
  -982
  -983
  -969
  -960
  -939
  -936
  -930
  -921
  -922
  -922
  -925
  -934
  -944
  -960
  -973
  -980
  -985
  -985
  -981
  -983
  -983
  -978
  -971
  -957
  -959
  -947
  -949
  -953
  -963
  -972
  -982
  -985
  -990
  -994
  -996
  -988
  -984
  -970
  -962
  -963
  -960
  -956
  -957
  -963
  -979
  -989
 -1002
 -1011
 -1017
 -1021
 -1021
 -1017
 -1009
 -1007
  -995
  -972
  -975
  -974
  -973
  -967
  -963
  -967
  -956
  -947
  -946
  -945
  -941
  -934
  -931
  -923
  -924
  -916
  -918
  -916
  -906
  -916
  -925
  -932
  -935
  -944
  -959
  -964
  -967
  -978
  -985
  -997
 -1012
 -1015
 -1020
 -1022
 -1029
 -1039
 -1047
 -1054
 -1061
 -1066
 -1070
 -1071
 -1073
 -1079
 -1086
 -1099
 -1110
 -1122
 -1126
 -1135
 -1129
 -1130
 -1130
 -1103
 -1088
 -1078
 -1080
 -1079
 -1078
 -1077
 -1072
 -1058
 -1054
 -1041
 -1036
 -1034
 -1035
 -1033
 -1031
 -1025
 -1013
 -1007
 -1006
 -1006
 -1002
 -1002
  -989
  -977
  -969
  -966
  -967
  -966
  -969
  -976
  -979
  -993
  -999
 -1003
 -1013
 -1016
 -1021
 -1031
 -1041
 -1058
 -1066
 -1072
 -1070
 -1073
 -1073
 -1074
 -1059
 -1051
 -1052
 -1047
 -1042
 -1036
 -1026
 -1025
 -1030
 -1025
 -1029
 -1031
 -1021
 -1017
 -1019
 -1024
 -1030
 -1037
 -1046
 -1059
 -1058
 -1061
 -1059
 -1058
 -1056
 -1044
 -1041
 -1025
 -1013
 -1014
 -1016
 -1021
 -1028
 -1040
 -1056
 -1062
 -1069
 -1070
 -1070
 -1075
 -1080
 -1093
 -1103
 -1106
 -1111
 -1121
 -1120
 -1122
 -1122
 -1126
 -1136
 -1138
 -1139
 -1142
 -1147
 -1145
 -1133
 -1115
 -1110
 -1109
 -1087
 -1082
 -1077
 -1066
 -1064
 -1063
 -1053
 -1048
 -1043
 -1043
 -1044
 -1039
 -1026
 -1004
  -989
  -980
  -977
  -978
  -979
  -976
  -961
  -948
  -944
  -943
  -943
  -947
  -949
  -956
  -964
  -978
  -991
 -1001
 -1003
 -1009
 -1017
 -1024
 -1038
 -1048
 -1052
 -1055
 -1066
 -1068
 -1061
 -1059
 -1044
 -1046
 -1029
 -1036
 -1028
 -1027
 -1023
 -1013
 -1016
 -1010
 -1010
  -998
  -989
  -988
  -991
  -990
  -990
  -976
  -975
  -978
  -981
  -984
  -985
  -988
  -991
 -1000
 -1007
 -1018
 -1020
 -1021
 -1022
 -1027
 -1031
 -1042
 -1048
 -1058
 -1060
 -1060
 -1064
 -1059
 -1060
 -1048
 -1048
 -1045
 -1043
 -1042
 -1034
 -1031
 -1021
 -1001
  -999
  -990
  -983
  -977
  -981
  -984
  -989
  -998
 -1014
 -1022
 -1027
 -1030
 -1034
 -1040
 -1052
 -1058
 -1067
 -1072
 -1078
 -1080
 -1076
 -1065
 -1063
 -1043
 -1026
 -1019
 -1009
 -1009
 -1015
 -1009
 -1022
 -1032
 -1043
 -1052
 -1057
 -1059
 -1061
 -1048
 -1040
 -1029
 -1017
 -1002
  -998
 -1001
 -1007
 -1012
 -1019
 -1021
 -1029
 -1045
 -1053
 -1058
 -1062
 -1070
 -1074
 -1077
 -1081
 -1077
 -1084
 -1087
 -1087
 -1084
 -1076
 -1065
 -1050
 -1046
 -1048
 -1047
 -1047
 -1048
 -1044
 -1042
 -1037
 -1035
 -1020
 -1018
 -1020
 -1025
 -1035
 -1045
 -1056
 -1060
 -1065
 -1066
 -1067
 -1070
 -1075
 -1088
 -1097
 -1101
 -1117
 -1121
 -1124
 -1128
 -1128
 -1139
 -1143
 -1154
 -1161
 -1169
 -1167
 -1168
 -1167
 -1171
 -1183
 -1183
 -1183
 -1185
 -1194
 -1208
 -1212
 -1218
 -1225
 -1232
 -1234
 -1235
 -1233
 -1229
 -1216
 -1202
 -1188
 -1182
 -1179
 -1172
 -1159
 -1153
 -1145
 -1135
 -1130
 -1124
 -1112
 -1107
 -1100
 -1091
 -1086
 -1081
 -1078
 -1063
 -1058
 -1049
 -1053
 -1045
 -1038
 -1033
 -1024
 -1022
 -1014
 -1013
 -1012
 -1016
 -1017
  -989
  -987
  -976
  -973
  -970
  -965
  -960
  -941
  -927
  -917
  -915
  -914
  -911
  -920
  -927
  -945
  -963
  -975
  -977
  -983
  -986
  -983
  -973
  -969
  -966
  -955
  -943
  -946
  -943
  -945
  -956
  -962
  -974
  -990
  -997
 -1002
 -1009
 -1010
  -999
 -1000
  -991
  -991
  -992
  -990
  -989
  -992
  -991
 -1005
 -1010
 -1030
 -1038
 -1045
 -1045
 -1043
 -1036
 -1031
 -1026
 -1013
 -1002
  -996
  -996
  -989
  -980
  -975
  -970
  -964
  -962
  -951
  -946
  -950
  -958
  -966
  -975
  -986
  -992
  -999
 -1000
  -998
 -1003
 -1019
 -1035
 -1050
 -1063
 -1070
 -1070
 -1071
 -1066
 -1055
 -1046
 -1038
 -1030
 -1028
 -1024
 -1027
 -1040
 -1048
 -1051
 -1059
 -1069
 -1074
 -1077
 -1073
 -1066
 -1056
 -1041
 -1038
 -1032
 -1028
 -1030
 -1032
 -1037
 -1046
 -1056
 -1065
 -1070
 -1074
 -1077
 -1074
 -1070
 -1048
 -1050
 -1053
 -1048
 -1038
 -1040
 -1040
 -1044
 -1054
 -1063
 -1067
 -1080
 -1086
 -1092
 -1097
 -1107
 -1111
 -1117
 -1124
 -1133
 -1135
 -1131
 -1127
 -1124
 -1113
 -1104
 -1092
 -1083
 -1072
 -1072
 -1072
 -1074
 -1063
 -1057
 -1047
 -1029
 -1030
 -1028
 -1030
 -1027
 -1024
 -1022
 -1017
 -1018
 -1016
 -1012
 -1013
 -1015
 -1023
 -1031
 -1035
 -1050
 -1056
 -1055
 -1055
 -1056
 -1068
 -1080
 -1095
 -1104
 -1110
 -1111
 -1111
 -1101
 -1093
 -1081
 -1080
 -1066
 -1058
 -1058
 -1061
 -1069
 -1072
 -1082
 -1103
 -1114
 -1120
 -1119
 -1121
 -1126
 -1130
 -1127
 -1145
 -1156
 -1158
 -1159
 -1158
 -1159
 -1160
 -1168
 -1167
 -1173
 -1173
 -1173
 -1174
 -1177
 -1184
 -1201
 -1207
 -1217
 -1220
 -1223
 -1228
 -1233
 -1238
 -1241
 -1237
 -1240
 -1240
 -1241
 -1241
 -1243
 -1248
 -1249
 -1263
 -1266
 -1264
 -1262
 -1252
 -1231
 -1214
 -1188
 -1171
 -1157
 -1154
 -1152
 -1150
 -1149
 -1130
 -1110
 -1104
 -1101
 -1102
 -1102
 -1100
 -1113
 -1117
 -1123
 -1131
 -1137
 -1141
 -1141
 -1145
 -1129
 -1122
 -1093
 -1084
 -1074
 -1069
 -1053
 -1049
 -1045
 -1036
 -1027
 -1014
 -1012
 -1012
 -1005
 -1004
 -1003
  -991
  -988
  -986
  -983
  -980
  -989
  -994
 -1001
 -1009
 -1027
 -1035
 -1045
 -1051
 -1050
 -1049
 -1052
 -1059
 -1072
 -1079
 -1090
 -1094
 -1095
 -1089
 -1079
 -1066
 -1060
 -1051
 -1043
 -1031
 -1031
 -1032
 -1024
 -1022
 -1023
 -1016
 -1009
 -1004
 -1003
 -1004
 -1009
 -1016
 -1022
 -1031
 -1041
 -1050
 -1044
 -1039
 -1028
 -1025
 -1011
 -1002
  -992
  -997
  -994
  -991
 -1000
 -1003
 -1010
 -1017
 -1023
 -1028
 -1029
 -1028
 -1019
 -1015
  -996
  -988
  -985
  -986
  -987
  -986
  -983
  -978
  -978
  -977
  -978
  -974
  -972
  -972
  -967
  -962
  -959
  -960
  -958
  -951
  -951
  -952
  -962
  -977
  -989
  -996
 -1007
 -1015
 -1015
 -1026
 -1032
 -1038
 -1048
 -1061
 -1072
 -1076
 -1077
 -1079
 -1085
 -1095
 -1100
 -1105
 -1113
 -1116
 -1118
 -1121
 -1121
 -1130
 -1141
 -1153
 -1162
 -1165
 -1172
 -1181
 -1185
 -1193
 -1201
 -1206
 -1211
 -1212
 -1212
 -1214
 -1215
 -1223
 -1230
 -1231
 -1235
 -1238
 -1244
 -1246
 -1246
 -1248
 -1260
 -1255
 -1258
 -1262
 -1264
 -1263
 -1258
 -1244
 -1224
 -1205
 -1198
 -1194
 -1196
 -1197
 -1193
 -1181
 -1168
 -1157
 -1154
 -1148
 -1143
 -1145
 -1146
 -1149
 -1158
 -1156
 -1164
 -1169
 -1175
 -1175
 -1180
 -1190
 -1197
 -1200
 -1200
 -1198
 -1199
 -1199
 -1201
 -1208
 -1223
 -1225
 -1227
 -1228
 -1229
 -1226
 -1217
 -1210
 -1181
 -1165
 -1155
 -1151
 -1151
 -1152
 -1139
 -1127
 -1121
 -1111
 -1099
 -1094
 -1095
 -1105
 -1108
 -1112
 -1124
 -1136
 -1156
 -1156
 -1154
 -1146
 -1138
 -1135
 -1129
 -1114
 -1107
 -1100
 -1100
 -1102
 -1105
 -1117
 -1127
 -1138
 -1140
 -1142
 -1144
 -1143
 -1139
 -1146
 -1160
 -1169
 -1174
 -1184
 -1190
 -1184
 -1191
 -1202
 -1210
 -1220
 -1221
 -1222
 -1225
 -1224
 -1217
 -1200
 -1177
 -1159
 -1157
 -1153
 -1154
 -1155
 -1152
 -1151
 -1149
 -1140
 -1140
 -1140
 -1132
 -1119
 -1103
 -1098
 -1088
 -1086
 -1080
 -1078
 -1067
 -1063
 -1048
 -1047
 -1048
 -1042
 -1037
 -1031
 -1025
 -1025
 -1028
 -1038
 -1058
 -1071
 -1075
 -1073
 -1074
 -1076
 -1077
 -1084
 -1096
 -1099
 -1108
 -1118
 -1122
 -1124
 -1126
 -1127
 -1135
 -1147
 -1148
 -1149
 -1150
 -1151
 -1152
 -1163
 -1176
 -1187
 -1186
 -1188
 -1190
 -1192
 -1197
 -1201
 -1202
 -1200
 -1213
 -1217
 -1218
 -1210
 -1208
 -1201
 -1180
 -1163
 -1161
 -1159
 -1157
 -1160
 -1160
 -1164
 -1174
 -1178
 -1182
 -1186
 -1187
 -1192
 -1198
 -1205
 -1210
 -1216
 -1222
 -1227
 -1234
 -1236
 -1244
 -1253
 -1251
 -1256
 -1266
 -1264
 -1265
 -1261
 -1252
 -1235
 -1221
 -1201
 -1195
 -1179
 -1178
 -1156
 -1135
 -1131
 -1130
 -1114
 -1100
 -1098
 -1095
 -1080
 -1071
 -1057
 -1047
 -1025
 -1028
 -1023
 -1021
 -1024
 -1030
 -1035
 -1043
 -1049
 -1055
 -1063
 -1075
 -1071
 -1074
 -1055
 -1053
 -1049
 -1044
 -1047
 -1044
 -1049
 -1053
 -1062
 -1072
 -1081
 -1086
 -1092
 -1098
 -1098
 -1091
 -1082
 -1076
 -1058
 -1043
 -1035
 -1031
 -1032
 -1038
 -1048
 -1059
 -1076
 -1082
 -1086
 -1086
 -1086
 -1096
 -1102
 -1109
 -1120
 -1123
 -1125
 -1127
 -1127
 -1113
 -1104
 -1091
 -1084
 -1075
 -1073
 -1073
 -1073
 -1064
 -1051
 -1033
 -1017
 -1002
  -997
  -997
 -1000
  -994
  -987
  -978
  -970
  -971
  -967
  -956
  -956
  -950
  -944
  -930
  -918
  -915
  -911
  -908
  -911
  -908
  -910
  -908
  -902
  -899
  -894
  -886
  -889
  -881
  -871
  -867
  -863
  -865
  -851
  -842
  -839
  -839
  -837
  -841
  -841
  -830
  -834
  -835
  -835
  -834
  -825
  -826
  -830
  -824
  -819
  -817
  -819
  -826
  -833
  -848
  -863
  -874
  -881
  -891
  -897
  -903
  -917
  -931
  -943
  -952
  -955
  -956
  -954
  -952
  -945
  -937
  -942
  -940
  -941
  -945
  -951
  -960
  -973
  -980
  -985
  -986
  -989
  -993
  -993
 -1004
 -1017
 -1017
 -1027
 -1029
 -1034
 -1034
 -1034
 -1031
 -1039
 -1031
 -1029
 -1021
 -1005
 -1009
 -1013
 -1021
 -1033
 -1044
 -1056
 -1056
 -1060
 -1062
 -1061
 -1064
 -1072
 -1083
 -1091
 -1091
 -1100
 -1105
 -1107
 -1098
 -1087
 -1068
 -1064
 -1055
 -1056
 -1055
 -1056
 -1065
 -1070
 -1081
 -1094
 -1098
 -1106
 -1112
 -1108
 -1099
 -1100
 -1084
 -1068
 -1058
 -1055
 -1051
 -1051
 -1057
 -1064
 -1075
 -1080
 -1085
 -1093
 -1094
 -1094
 -1101
 -1108
 -1122
 -1143
 -1144
 -1150
 -1151
 -1148
 -1153
 -1137
 -1119
 -1104
 -1097
 -1083
 -1084
 -1087
 -1094
 -1102
 -1113
 -1121
 -1123
 -1126
 -1120
 -1111
 -1110
 -1103
 -1096
 -1090
 -1084
 -1082
 -1072
 -1064
 -1062
 -1050
 -1056
 -1048
 -1047
 -1043
 -1041
 -1042
 -1048
 -1040
 -1027
 -1017
 -1018
 -1014
 -1010
 -1016
 -1025
 -1034
 -1038
 -1051
 -1056
 -1063
 -1067
 -1066
 -1069
 -1073
 -1082
 -1095
 -1102
 -1111
 -1120
 -1127
 -1137
 -1144
 -1153
 -1158
 -1157
 -1159
 -1155
 -1160
 -1155
 -1143
 -1126
 -1109
 -1107
 -1102
 -1102
 -1103
 -1101
 -1085
 -1082
 -1077
 -1072
 -1061
 -1052
 -1040
 -1030
 -1022
 -1027
 -1022
 -1016
 -1014
 -1013
 -1016
 -1013
 -1021
 -1032
 -1047
 -1059
 -1058
 -1058
 -1059
 -1065
 -1070
 -1084
 -1091
 -1100
 -1101
 -1096
 -1089
 -1083
 -1079
 -1071
 -1071
 -1073
 -1078
 -1076
 -1070
 -1064
 -1067
 -1063
 -1051
 -1038
 -1043
 -1036
 -1038
 -1044
 -1056
 -1072
 -1083
 -1094
 -1100
 -1101
 -1103
 -1105
 -1111
 -1124
 -1126
 -1129
 -1140
 -1147
 -1142
 -1136
 -1136
 -1142
 -1152
 -1160
 -1171
 -1180
 -1183
 -1191
 -1203
 -1207
 -1222
 -1232
 -1238
 -1239
 -1240
 -1243
 -1247
 -1251
 -1256
 -1262
 -1265
 -1265
 -1264
 -1264
 -1267
 -1274
 -1279
 -1294
 -1300
 -1298
 -1283
 -1278
 -1262
 -1253
 -1233
 -1226
 -1220
 -1204
 -1196
 -1191
 -1170
 -1153
 -1143
 -1129
 -1114
 -1112
 -1110
 -1108
