 16384
 16384
 16384
 16376
 16371
 16371
 16367
 16367
 16366
 16366
 16364
 16366
 16365
 16358
 16360
 16358
 16356
 16353
 16351
 16348
 16345
 16336
 16336
 16330
 16330
 16331
 16329
 16322
 16323
 16322
 16319
 16317
 16315
 16315
 16314
 16316
 16315
 16314
 16309
 16322
 16345
 16375
 16412
 16460
 16475
 16497
 16516
 16548
 16547
 16518
 16513
 16479
 16479
 16493
 16458
 16462
 16465
 16408
 16412
 16399
 16374
 16363
 16364
 16370
 16389
 16437
 16457
 16464
 16497
 16528
 16557
 16568
 16560
 16550
 16542
 16516
 16503
 16519
 16527
 16486
 16448
 16423
 16398
 16394
 16340
 16350
 16367
 16370
 16363
 16385
 16396
 16414
 16444
 16447
 16451
 16452
 16453
 16474
 16422
 16418
 16393
 16356
 16357
 16356
 16367
 16367
 16387
 16373
 16391
 16404
 16403
 16422
 16411
 16442
 16444
 16460
 16445
 16468
 16489
 16510
 16501
 16510
 16536
 16563
 16567
 16570
 16570
 16564
 16574
 16597
 16615
 16617
 16596
 16608
 16611
 16611
 16616
 16641
 16629
 16627
 16622
 16626
 16626
 16609
 16600
 16580
 16599
 16571
 16576
 16539
 16527
 16501
 16488
 16487
 16464
 16462
 16433
 16429
 16453
 16462
 16477
 16501
 16509
 16514
 16520
 16516
 16517
 16515
 16536
 16556
 16532
 16547
 16560
 16552
 16554
 16549
 16550
 16526
 16477
 16465
 16446
 16438
 16409
 16414
 16415
 16449
 16440
 16441
 16446
 16454
 16456
 16455
 16440
 16399
 16391
 16351
 16365
 16364
 16353
 16363
 16329
 16314
 16300
 16316
 16320
 16298
 16298
 16298
 16292
 16290
 16298
 16294
 16312
 16329
 16315
 16316
 16310
 16317
 16278
 16275
 16262
 16253
 16228
 16230
 16234
 16247
 16250
 16253
 16248
 16252
 16251
 16239
 16227
 16210
 16179
 16158
 16169
 16155
 16151
 16147
 16122
 16135
 16119
 16111
 16118
 16135
 16127
 16144
 16129
 16126
 16161
 16157
 16184
 16204
 16193
 16193
 16189
 16188
 16215
 16245
 16257
 16265
 16262
 16262
 16273
 16255
 16294
 16303
 16328
 16328
 16321
 16321
 16303
 16281
 16221
 16168
 16159
 16128
 16127
 16098
 16086
 16074
 16016
 15989
 15981
 15963
 15960
 15975
 15981
 15982
 16011
 16017
 16029
 16022
 16022
 16016
 16029
 16031
 16031
 16029
 16030
 16048
 16033
 16037
 16068
 16093
 16098
 16120
 16119
 16117
 16101
 16076
 16081
 16034
 15979
 16013
 16005
 15999
 15990
 15986
 15983
 15980
 15980
 15951
 15937
 15932
 15919
 15906
 15910
 15911
 15936
 15913
 15915
 15895
 15877
 15868
 15875
 15896
 15935
 15952
 15973
 15993
 15996
 15991
 15992
 15992
 16003
 16022
 16033
 16039
 16035
 16025
 15998
 16017
 15970
 15960
 15964
 15953
 15941
 15914
 15883
 15865
 15830
 15805
 15804
 15810
 15802
 15789
 15756
 15710
 15685
 15681
 15650
 15636
 15642
 15659
 15673
 15690
 15722
 15719
 15738
 15715
 15697
 15708
 15726
 15740
 15752
 15767
 15740
 15763
 15747
 15711
 15719
 15715
 15712
 15691
 15702
 15681
 15647
 15621
 15602
 15598
 15579
 15551
 15567
 15555
 15567
 15559
 15575
 15588
 15617
 15625
 15621
 15630
 15625
 15648
 15660
 15663
 15680
 15692
 15687
 15694
 15683
 15677
 15669
 15645
 15667
 15630
 15629
 15578
 15595
 15559
 15538
 15527
 15521
 15490
 15480
 15451
 15440
 15439
 15443
 15463
 15495
 15479
 15487
 15480
 15481
 15470
 15461
 15462
 15475
 15474
 15485
 15504
 15504
 15536
 15531
 15542
 15565
 15552
 15554
 15560
 15566
 15576
 15590
 15577
 15565
 15571
 15579
 15572
 15573
 15564
 15568
 15558
 15567
 15576
 15597
 15586
 15588
 15580
 15588
 15582
 15604
 15612
 15618
 15624
 15608
 15611
 15551
 15507
 15484
 15458
 15440
 15430
 15433
 15410
 15405
 15374
 15358
 15341
 15338
 15333
 15334
 15335
 15333
 15347
 15377
 15391
 15412
 15420
 15427
 15443
 15464
 15452
 15426
 15449
 15433
 15424
 15417
 15416
 15412
 15418
 15419
 15400
 15418
 15426
 15426
 15414
 15400
 15365
 15363
 15353
 15341
 15316
 15299
 15300
 15306
 15286
 15284
 15303
 15311
 15307
 15307
 15290
 15307
 15272
 15252
 15242
 15223
 15192
 15166
 15172
 15156
 15133
 15115
 15092
 15082
 15040
 15053
 15057
 15063
 15063
 15051
 15067
 15066
 15068
 15073
 15083
 15092
 15094
 15100
 15111
 15103
 15108
 15108
 15095
 15084
 15058
 15018
 14982
 14977
 14982
 14983
 14981
 14954
 14933
 14892
 14870
 14865
 14850
 14855
 14854
 14838
 14796
 14814
 14790
 14792
 14782
 14777
 14771
 14789
 14808
 14806
 14823
 14817
 14810
 14800
 14791
 14814
 14832
 14823
 14839
 14841
 14831
 14820
 14822
 14825
 14774
 14754
 14747
 14724
 14705
 14713
 14711
 14704
 14715
 14686
 14621
 14621
 14620
 14620
 14612
 14620
 14636
 14651
 14659
 14686
 14689
 14702
 14717
 14730
 14744
 14746
 14720
 14721
 14707
 14708
 14704
 14708
 14688
 14655
 14661
 14618
 14601
 14580
 14559
 14555
 14590
 14598
 14626
 14651
 14660
 14646
 14642
 14655
 14661
 14650
 14657
 14655
 14648
 14647
 14649
 14655
 14651
 14635
 14647
 14639
 14654
 14676
 14679
 14682
 14677
 14692
 14710
 14689
 14686
 14687
 14678
 14676
 14700
 14687
 14724
 14738
 14733
 14738
 14751
 14739
 14749
 14764
 14788
 14794
 14777
 14802
 14800
 14778
 14736
 14702
 14668
 14647
 14624
 14604
 14601
 14609
 14620
 14608
 14616
 14594
 14604
 14598
 14600
 14612
 14592
 14567
 14535
 14506
 14483
 14478
 14477
 14477
 14449
 14430
 14414
 14399
 14384
 14374
 14378
 14373
 14370
 14389
 14389
 14409
 14418
 14422
 14412
 14396
 14383
 14361
 14317
 14318
 14293
 14287
 14287
 14286
 14296
 14307
 14313
 14317
 14313
 14311
 14304
 14316
 14328
 14328
 14312
 14317
 14325
 14323
 14325
 14291
 14292
 14294
 14314
 14311
 14322
 14323
 14317
 14331
 14342
 14315
 14313
 14344
 14335
 14330
 14328
 14309
 14280
 14261
 14260
 14267
 14266
 14266
 14268
 14280
 14302
 14333
 14329
 14343
 14354
 14350
 14330
 14335
 14322
 14359
 14387
 14360
 14372
 14365
 14360
 14363
 14380
 14372
 14373
 14368
 14372
 14349
 14327
 14296
 14307
 14292
 14257
 14229
 14232
 14221
 14219
 14221
 14233
 14251
 14251
 14266
 14286
 14294
 14278
 14272
 14229
 14210
 14187
 14184
 14174
 14172
 14167
 14152
 14168
 14181
 14186
 14175
 14183
 14184
 14181
 14180
 14188
 14140
 14137
 14114
 14112
 14111
 14110
 14111
 14068
 14017
 14009
 14021
 14005
 14001
 13991
 13988
 13991
 13985
 13932
 13905
 13892
 13889
 13887
 13893
 13899
 13868
 13828
 13814
 13814
 13813
 13793
 13772
 13768
 13785
 13786
 13795
 13805
 13785
 13793
 13798
 13753
 13748
 13723
 13704
 13706
 13690
 13714
 13694
 13699
 13678
 13676
 13667
 13659
 13657
 13655
 13655
 13638
 13631
 13613
 13614
 13603
 13595
 13593
 13590
 13580
 13569
 13594
 13607
 13608
 13604
 13604
 13596
 13624
 13669
 13655
 13638
 13647
 13646
 13645
 13656
 13640
 13631
 13622
 13613
 13626
 13632
 13624
 13631
 13608
 13593
 13552
 13537
 13529
 13528
 13524
 13512
 13514
 13503
 13499
 13506
 13494
 13512
 13539
 13538
 13533
 13540
 13542
 13528
 13504
 13493
 13513
 13549
 13583
 13633
 13635
 13641
 13658
 13670
 13664
 13667
 13649
 13689
 13687
 13690
 13689
 13686
 13664
 13681
 13680
 13676
 13686
 13694
 13692
 13689
 13686
 13685
 13710
 13711
 13713
 13712
 13721
 13740
 13726
 13740
 13692
 13708
 13681
 13640
 13641
 13638
 13637
 13637
 13655
 13664
 13695
 13719
 13732
 13717
 13721
 13715
 13684
 13643
 13659
 13660
 13621
 13608
 13595
 13564
 13571
 13537
 13525
 13534
 13513
 13520
 13519
 13531
 13531
 13556
 13579
 13589
 13596
 13595
 13593
 13593
 13616
 13615
 13622
 13635
 13646
 13636
 13639
 13643
 13645
 13653
 13660
 13658
 13670
 13670
 13671
 13677
 13665
 13675
 13672
 13655
 13645
 13650
 13649
 13658
 13632
 13623
 13603
 13563
 13563
 13564
 13563
 13543
 13554
 13535
 13546
 13530
 13533
 13525
 13533
 13541
 13543
 13568
 13574
 13586
 13602
 13604
 13586
 13572
 13567
 13544
 13502
 13492
 13457
 13459
 13458
 13451
 13427
 13409
 13415
 13433
 13433
 13426
 13417
 13415
 13436
 13458
 13442
 13446
 13456
 13453
 13435
 13435
 13434
 13426
 13426
 13429
 13419
 13430
 13424
 13446
 13431
 13429
 13435
 13440
 13440
 13440
 13443
 13446
 13408
 13395
 13385
 13375
 13377
 13379
 13376
 13362
 13339
 13307
 13292
 13270
 13271
 13268
 13269
 13268
 13272
 13249
 13224
 13197
 13179
 13179
 13179
 13170
 13180
 13167
 13171
 13145
 13146
 13142
 13142
 13121
 13104
 13105
 13078
 13030
 13040
 13055
 13044
 13016
 13024
 13024
 13044
 13019
 13006
 13014
 13030
 13029
 13021
 13022
 13034
 13048
 13042
 13027
 13026
 13013
 13010
 13012
 13011
 12995
 12997
 12995
 12987
 12963
 12976
 12998
 12996
 12995
 12994
 12979
 12984
 12980
 12970
 12992
 13032
 13040
 13038
 13041
 13041
 13039
 13048
 13064
 13085
 13081
 13086
 13089
 13086
 13082
 13055
 13069
 13051
 13063
 13063
 13064
 13052
 13043
 13017
 13019
 12981
 12976
 12971
 12972
 12965
 12953
 12951
 12971
 12957
 12931
 12932
 12935
 12932
 12935
 12938
 12944
 12962
 12978
 12994
 12991
 12992
 12977
 12956
 12949
 12916
 12931
 12913
 12909
 12906
 12915
 12919
 12934
 12911
 12899
 12900
 12907
 12925
 12928
 12924
 12920
 12933
 12926
 12949
 12946
 12949
 12959
 12976
 12979
 12975
 12981
 12978
 12976
 12971
 12966
 12948
 12964
 12926
 12920
 12911
 12905
 12906
 12905
 12903
 12922
 12918
 12924
 12893
 12890
 12883
 12890
 12924
 12926
 12922
 12925
 12920
 12920
 12921
 12922
 12929
 12943
 12956
 12966
 12964
 12963
 12956
 12952
 12944
 12913
 12927
 12894
 12890
 12890
 12873
 12863
 12824
 12817
 12816
 12802
 12800
 12761
 12760
 12749
 12741
 12753
 12747
 12734
 12743
 12729
 12721
 12715
 12698
 12684
 12661
 12687
 12685
 12687
 12691
 12674
 12679
 12659
 12656
 12667
 12673
 12673
 12676
 12679
 12668
 12676
 12671
 12653
 12657
 12654
 12653
 12653
 12650
 12617
 12592
 12580
 12567
 12566
 12567
 12567
 12570
 12586
 12594
 12616
 12609
 12586
 12599
 12612
 12615
 12604
 12629
 12624
 12629
 12628
 12629
 12626
 12618
 12590
 12587
 12593
 12583
 12578
 12575
 12558
 12551
 12551
 12556
 12554
 12552
 12549
 12547
 12526
 12517
 12532
 12526
 12538
 12571
 12546
 12554
 12576
 12555
 12514
 12538
 12527
 12524
 12528
 12528
 12515
 12506
 12496
 12475
 12479
 12473
 12467
 12461
 12459
 12471
 12458
 12491
 12494
 12490
 12510
 12517
 12521
 12547
 12545
 12577
 12573
 12579
 12577
 12577
 12556
 12541
 12527
 12554
 12540
 12534
 12534
 12546
 12541
 12528
 12523
 12515
 12497
 12499
 12494
 12497
 12489
 12520
 12524
 12554
 12551
 12545
 12560
 12540
 12538
 12520
 12505
 12491
 12490
 12469
 12459
 12471
 12467
 12458
 12443
 12438
 12431
 12429
 12420
 12418
 12415
 12412
 12416
 12408
 12410
 12410
 12405
 12405
 12411
 12425
 12432
 12449
 12465
 12471
 12471
 12468
 12473
 12469
 12475
 12452
 12464
 12474
 12457
 12440
 12392
 12404
 12387
 12362
 12351
 12343
 12341
 12349
 12326
 12335
 12331
 12336
 12334
 12335
 12332
 12341
 12339
 12346
 12359
 12357
 12376
 12379
 12379
 12373
 12369
 12370
 12380
 12374
 12353
 12352
 12355
 12356
 12354
 12359
 12383
 12378
 12374
 12369
 12363
 12362
 12364
 12350
 12335
 12329
 12332
 12318
 12322
 12331
 12294
 12298
 12283
 12284
 12297
 12280
 12272
 12261
 12261
 12267
 12262
 12264
 12262
 12273
 12269
 12276
 12269
 12275
 12288
 12276
 12276
 12291
 12298
 12295
 12286
 12247
 12239
 12247
 12223
 12210
 12197
 12159
 12160
 12144
 12137
 12134
 12113
 12102
 12101
 12098
 12088
 12100
 12106
 12098
 12122
 12134
 12127
 12119
 12102
 12096
 12082
 12063
 12053
 12058
 12052
 12053
 12053
 12062
 12070
 12076
 12093
 12100
 12103
 12097
 12080
 12058
 12067
 12067
 12059
 12051
 12049
 12050
 12065
 12070
 12061
 12059
 12069
 12060
 12065
 12061
 12070
 12084
 12075
 12070
 12064
 12064
 12055
 12050
 12052
 12063
 12052
 12037
 12055
 12061
 12061
 12062
 12062
 12053
 12059
 12050
 12058
 12046
 12045
 12026
 12029
 11980
 11949
 11932
 11923
 11912
 11914
 11900
 11905
 11873
 11843
 11855
 11863
 11866
 11860
 11863
 11855
 11860
 11850
 11843
 11842
 11835
 11841
 11861
 11870
 11846
 11847
 11843
 11836
 11825
 11834
 11820
 11800
 11815
 11826
 11809
 11813
 11811
 11801
 11811
 11806
 11814
 11842
 11813
 11803
 11802
 11799
 11799
 11797
 11811
 11815
 11807
 11821
 11827
 11825
 11824
 11800
 11792
 11762
 11754
 11752
 11764
 11761
 11759
 11750
 11742
 11731
 11726
 11699
 11703
 11702
 11698
 11699
 11695
 11672
 11628
 11605
 11610
 11602
 11595
 11594
 11582
 11569
 11557
 11550
 11552
 11548
 11547
 11543
 11531
 11525
 11520
 11498
 11502
 11521
 11519
 11509
 11532
 11488
 11480
 11474
 11475
 11471
 11470
 11468
 11474
 11470
 11467
 11461
 11461
 11462
 11468
 11449
 11465
 11448
 11427
 11420
 11432
 11434
 11431
 11439
 11453
 11466
 11491
 11473
 11468
 11467
 11468
 11471
 11478
 11491
 11493
 11509
 11532
 11532
 11520
 11523
 11519
 11510
 11526
 11484
 11471
 11468
 11461
 11474
 11490
 11495
 11501
 11507
 11499
 11517
 11505
 11523
 11509
 11496
 11508
 11519
 11507
 11510
 11502
 11516
 11525
 11532
 11517
 11518
 11521
 11523
 11524
 11530
 11529
 11515
 11540
 11524
 11529
 11530
 11535
 11530
 11516
 11478
 11466
 11447
 11422
 11416
 11406
 11406
 11392
 11391
 11424
 11426
 11425
 11424
 11429
 11432
 11408
 11405
 11370
 11373
 11376
 11366
 11366
 11376
 11408
 11415
 11416
 11433
 11428
 11428
 11427
 11436
 11449
 11430
 11436
 11443
 11429
 11430
 11396
 11408
 11400
 11405
 11384
 11364
 11327
 11321
 11311
 11317
 11323
 11329
 11324
 11317
 11321
 11308
 11304
 11302
 11295
 11285
 11276
 11268
 11266
 11263
 11262
 11268
 11257
 11263
 11259
 11245
 11241
 11240
 11238
 11249
 11263
 11261
 11282
 11261
 11278
 11275
 11288
 11287
 11253
 11277
 11266
 11265
 11262
 11263
 11264
 11259
 11265
 11272
 11249
 11226
 11228
 11225
 11215
 11219
 11235
 11252
 11239
 11258
 11260
 11257
 11255
 11273
 11260
 11247
 11265
 11236
 11241
 11241
 11245
 11239
 11235
 11221
 11207
 11186
 11180
 11172
 11179
 11191
 11181
 11163
 11183
 11184
 11184
 11174
 11161
 11153
 11156
 11165
 11197
 11186
 11168
 11169
 11161
 11150
 11151
 11148
 11125
 11119
 11114
 11102
 11104
 11105
 11107
 11120
 11123
 11122
 11117
 11121
 11112
 11107
 11110
 11089
 11079
 11077
 11070
 11070
 11060
 11061
 11059
 11066
 11094
 11108
 11106
 11103
 11100
 11111
 11113
 11106
 11120
 11121
 11117
 11118
 11108
 11113
 11124
 11099
 11089
 11066
 11063
 11060
 11042
 10992
 10995
 10974
 10947
 10908
 10906
 10911
 10929
 10927
 10937
 10941
 10952
 10948
 10941
 10942
 10944
 10929
 10923
 10908
 10894
 10905
 10889
 10890
 10890
 10882
 10868
 10852
 10850
 10856
 10861
 10855
 10821
 10824
 10832
 10841
 10839
 10853
 10838
 10838
 10836
 10841
 10861
 10866
 10872
 10881
 10877
 10862
 10866
 10875
 10878
 10889
 10912
 10930
 10929
 10934
 10945
 10937
 10944
 10963
 10957
 10958
 10969
 10964
 10964
 10971
 10970
 10973
 10970
 10954
 10956
 10963
 10962
 10965
 10955
 10950
 10949
 10949
 10943
 10938
 10936
 10926
 10940
 10951
 10928
 10935
 10942
 10939
 10939
 10939
 10949
 10966
 10956
 10954
 10946
 10932
 10933
 10935
 10940
 10948
 10952
 10949
 10953
 10954
 10953
 10924
 10932
 10933
 10939
 10944
 10943
 10943
 10944
 10951
 10967
 10964
 10975
 10983
 10984
 10967
 10963
 10954
 10956
 10962
 10972
 10976
 10984
 10980
 10995
 11003
 10998
 10982
 10988
 10995
 10988
 10973
 10982
 10981
 10954
 10961
 10958
 10955
 10949
 10944
 10942
 10931
 10941
 10956
 10942
 10941
 10927
 10929
 10931
 10917
 10914
 10898
 10895
 10880
 10864
 10861
 10856
 10849
 10824
 10816
 10795
 10798
 10795
 10789
 10787
 10787
 10780
 10775
 10774
 10770
 10778
 10770
 10775
 10748
 10748
 10746
 10739
 10753
 10736
 10731
 10712
 10722
 10700
 10691
 10713
 10689
 10687
 10696
 10697
 10676
 10650
 10656
 10658
 10655
 10656
 10658
 10650
 10665
 10661
 10644
 10629
 10643
 10643
 10634
 10626
 10598
 10604
 10608
 10605
 10608
 10615
 10611
 10608
 10574
 10572
 10573
 10574
 10563
 10553
 10551
 10543
 10547
 10556
 10570
 10574
 10582
 10582
 10577
 10574
 10578
 10581
 10560
 10556
 10561
 10558
 10558
 10556
 10554
 10553
 10549
 10535
 10549
 10538
 10513
 10492
 10500
 10498
 10521
 10524
 10506
 10518
 10523
 10515
 10525
 10537
 10537
 10571
 10574
 10579
 10581
 10581
 10586
 10595
 10621
 10625
 10641
 10652
 10650
 10649
 10643
 10620
 10621
 10620
 10610
 10598
 10595
 10609
 10596
 10583
 10590
 10606
 10610
 10607
 10610
 10603
 10592
 10574
 10555
 10522
 10508
 10508
 10507
 10499
 10485
 10486
 10476
 10467
 10472
 10471
 10468
 10462
 10462
 10455
 10426
 10449
 10441
 10424
 10423
 10425
 10420
 10418
 10418
 10381
 10368
 10359
 10356
 10354
 10347
 10343
 10340
 10342
 10357
 10360
 10356
 10355
 10343
 10332
 10334
 10324
 10342
 10355
 10351
 10351
 10347
 10337
 10350
 10368
 10370
 10357
 10367
 10350
 10339
 10334
 10335
 10336
 10352
 10348
 10358
 10345
 10350
 10351
 10345
 10362
 10358
 10355
 10350
 10347
 10343
 10324
 10319
 10320
 10288
 10287
 10286
 10277
 10280
 10306
 10315
 10337
 10336
 10340
 10337
 10336
 10340
 10339
 10320
 10337
 10354
 10342
 10339
 10338
 10345
 10345
 10351
 10358
 10372
 10367
 10348
 10346
 10314
 10293
 10304
 10304
 10291
 10278
 10278
 10251
 10231
 10222
 10213
 10195
 10193
 10173
 10171
 10169
 10197
 10186
 10174
 10155
 10165
 10165
 10165
 10163
 10172
 10157
 10140
 10140
 10120
 10109
 10122
 10111
 10105
 10111
 10123
 10136
 10148
 10150
 10166
 10158
 10151
 10157
 10163
 10181
 10179
 10193
 10197
 10197
 10185
 10178
 10174
 10171
 10154
 10153
 10146
 10140
 10129
 10124
 10143
 10139
 10130
 10119
 10114
 10113
 10099
 10100
 10061
 10024
 10013
 10003
 10001
 10001
  9997
  9992
  9985
  9992
  9989
  9990
  9984
  9976
  9971
  9987
  9997
  9995
 10002
 10008
 10004
 10005
 10016
 10016
 10032
 10047
 10035
 10044
 10056
 10046
 10041
 10041
 10048
 10055
 10056
 10066
 10060
 10060
 10051
 10059
 10071
 10076
 10081
 10108
 10100
 10106
 10113
 10119
 10121
 10117
 10106
 10109
 10109
 10109
 10103
 10112
 10115
 10107
 10110
 10097
 10101
 10097
 10103
 10093
 10083
 10072
 10075
 10067
 10058
 10059
 10051
 10053
 10055
 10066
 10069
 10049
 10044
 10039
 10033
 10032
 10033
 10022
 10007
 10002
 10005
  9981
  9958
  9942
  9943
  9937
  9951
  9947
  9952
  9950
  9953
  9956
  9955
  9955
  9949
  9932
  9929
  9926
  9920
  9911
  9895
  9879
  9870
  9872
  9867
  9869
  9864
  9878
  9882
  9877
  9870
  9863
  9859
  9860
  9851
  9838
  9819
  9839
  9833
  9832
  9815
  9812
  9825
  9813
  9819
  9836
  9826
  9811
  9804
  9801
  9803
  9798
  9787
  9776
  9783
  9786
  9782
  9783
  9795
  9799
  9788
  9804
  9797
  9796
  9805
  9817
  9803
  9775
  9757
  9752
  9763
  9755
  9748
  9744
  9745
  9755
  9746
  9750
  9743
  9722
  9721
  9723
  9727
  9710
  9720
  9718
  9715
  9714
  9713
  9710
  9705
  9706
  9688
  9687
  9670
  9661
  9665
  9666
  9674
  9674
  9678
  9682
  9687
  9685
  9682
  9677
  9661
  9668
  9669
  9669
  9653
  9650
  9668
  9657
  9666
  9682
  9688
  9679
  9690
  9695
  9686
  9687
  9667
  9668
  9676
  9680
  9681
  9668
  9662
  9661
  9662
  9668
  9700
  9702
  9712
  9720
  9731
  9737
  9723
  9705
  9684
  9672
  9691
  9694
  9693
  9691
  9695
  9693
  9695
  9680
  9673
  9678
  9674
  9679
  9680
  9683
  9694
  9689
  9682
  9680
  9680
  9678
  9674
  9669
  9673
  9671
  9661
  9655
  9652
  9652
  9640
  9653
  9659
  9674
  9681
  9680
  9681
  9683
  9670
  9676
  9674
  9701
  9706
  9705
  9705
  9700
  9697
  9666
  9660
  9638
  9639
  9627
  9628
  9623
  9626
  9618
  9639
  9642
  9653
  9652
  9652
  9657
  9642
  9643
  9636
  9645
  9633
  9624
  9634
  9647
  9652
  9650
  9651
  9659
  9660
  9657
  9659
  9658
  9659
  9646
  9627
  9591
  9590
  9595
  9600
  9600
  9596
  9596
  9571
  9584
  9550
  9537
  9532
  9533
  9530
  9541
  9505
  9502
  9501
  9496
  9490
  9484
  9490
  9493
  9490
  9469
  9470
  9471
  9481
  9478
  9478
  9475
  9467
  9448
  9447
  9444
  9441
  9440
  9438
  9427
  9417
  9413
  9411
  9401
  9398
  9402
  9401
  9401
  9395
  9398
  9390
  9396
  9399
  9384
  9397
  9407
  9435
  9422
  9411
  9414
  9417
  9416
  9420
  9412
  9424
  9430
  9438
  9444
  9444
  9444
  9445
  9452
  9455
  9465
  9471
  9474
  9477
  9475
  9457
  9451
  9435
  9425
  9424
  9436
  9423
  9419
  9413
  9414
  9411
  9419
  9402
  9410
  9411
  9410
  9415
  9410
  9394
  9400
  9404
  9411
  9419
  9417
  9412
  9410
  9426
  9445
  9444
  9450
  9449
  9447
  9458
  9456
  9463
  9455
  9416
  9407
  9395
  9395
  9399
  9385
  9392
  9361
  9362
  9353
  9343
  9340
  9341
  9335
  9348
  9348
  9345
  9352
  9341
  9349
  9350
  9337
  9354
  9344
  9329
  9325
  9323
  9323
  9317
  9314
  9299
  9310
  9325
  9330
  9317
  9321
  9322
  9316
  9322
  9343
  9328
  9324
  9326
  9326
  9316
  9329
  9332
  9323
  9315
  9306
  9313
  9304
  9312
  9299
  9306
  9308
  9295
  9275
  9268
  9267
  9271
  9279
  9283
  9253
  9239
  9245
  9246
  9246
  9241
  9216
  9210
  9212
  9217
  9202
  9197
  9198
  9181
  9181
  9177
  9182
  9180
  9169
  9171
  9173
  9175
  9179
  9183
  9177
  9163
  9166
  9166
  9172
  9171
  9155
  9157
  9169
  9173
  9175
  9173
  9155
  9159
  9156
  9143
  9135
  9122
  9121
  9117
  9115
  9118
  9105
  9090
  9100
  9099
  9102
  9089
  9091
  9082
  9088
  9077
  9084
  9081
  9087
  9080
  9083
  9086
  9096
  9085
  9063
  9065
  9066
  9067
  9066
  9063
  9077
  9069
  9061
  9057
  9061
  9061
  9060
  9053
  9025
  9012
  9010
  9004
  8992
  8999
  9004
  8992
  8992
  8988
  8995
  9000
  9004
  9002
  9016
  9016
  9018
  9032
  9028
  9017
  9021
  9024
  9022
  9029
  9038
  9047
  9065
  9063
  9068
  9065
  9057
  9060
  9062
  9055
  9039
  9038
  9043
  9046
  9040
  9037
  9025
  8994
  9010
  9018
  9021
  9022
  9021
  9022
  9014
  9026
  9028
  9026
  9037
  9038
  9045
  9043
  9043
  9048
  9064
  9052
  9061
  9061
  9060
  9057
  9069
  9070
  9071
  9049
  9033
  9019
  9013
  9010
  9010
  9001
  9022
  9020
  9018
  9020
  9017
  9023
  9010
  8979
  8970
  8983
  8977
  8972
  8972
  8980
  8973
  8980
  8972
  8967
  8961
  8958
  8959
  8957
  8957
  8953
  8957
  8956
  8957
  8960
  8954
  8960
  8954
  8973
  8959
  8949
  8944
  8943
  8938
  8933
  8927
  8928
  8932
  8928
  8916
  8922
  8920
  8909
  8923
  8907
  8905
  8905
  8910
  8903
  8902
  8899
  8910
  8920
  8926
  8912
  8902
  8898
  8901
  8907
  8914
  8917
  8932
  8928
  8924
  8911
  8913
  8901
  8904
  8904
  8904
  8922
  8920
  8922
  8924
  8936
  8925
  8924
  8919
  8926
  8928
  8934
  8910
  8895
  8884
  8866
  8874
  8871
  8848
  8838
  8844
  8861
  8860
  8870
  8871
  8884
  8885
  8884
  8880
  8872
  8871
  8872
  8871
  8872
  8860
  8865
  8870
  8869
  8872
  8864
  8867
  8856
  8848
  8846
  8844
  8843
  8837
  8831
  8839
  8827
  8816
  8816
  8814
  8807
  8814
  8819
  8838
  8810
  8797
  8792
  8787
  8776
  8781
  8777
  8774
  8775
  8772
  8759
  8753
  8756
  8755
  8761
  8749
  8755
  8757
  8751
  8749
  8751
  8735
  8740
  8746
  8726
  8728
  8726
  8726
  8726
  8741
  8745
  8741
  8723
  8700
  8706
  8714
  8718
  8709
  8719
  8734
  8743
  8746
  8741
  8739
  8741
  8740
  8747
  8763
  8755
  8748
  8747
  8738
  8743
  8749
  8738
  8748
  8745
  8749
  8754
  8762
  8770
  8756
  8746
  8740
  8721
  8729
  8712
  8707
  8704
  8701
  8703
  8699
  8706
  8714
  8715
  8717
  8705
  8723
  8729
  8728
  8740
  8746
  8745
  8734
  8735
  8734
  8739
  8728
  8731
  8731
  8725
  8723
  8713
  8721
  8697
  8695
  8681
  8678
  8674
  8675
  8688
  8698
  8711
  8713
  8707
  8698
  8698
  8697
  8693
  8691
  8692
  8699
  8718
  8709
  8714
  8732
  8726
  8729
  8714
  8698
  8696
  8706
  8700
  8708
  8698
  8692
  8678
  8683
  8680
  8685
  8685
  8683
  8671
  8682
  8663
  8650
  8644
  8637
  8633
  8632
  8640
  8639
  8635
  8609
  8595
  8597
  8597
  8602
  8586
  8565
  8550
  8551
  8568
  8563
  8563
  8560
  8549
  8524
  8514
  8509
  8505
  8510
  8507
  8502
  8497
  8510
  8522
  8527
  8533
  8540
  8535
  8541
  8528
  8525
  8522
  8519
  8513
  8495
  8494
  8497
  8502
  8498
  8480
  8481
  8488
  8493
  8487
  8501
  8498
  8490
  8489
  8495
  8516
  8508
  8503
  8507
  8508
  8498
  8495
  8508
  8503
  8501
  8505
  8485
  8491
  8486
  8486
  8482
  8470
  8473
  8475
  8469
  8468
  8473
  8476
  8462
  8474
  8481
  8480
  8478
  8473
  8468
  8469
  8476
  8467
  8470
  8452
  8444
  8438
  8425
  8415
  8406
  8406
  8405
  8416
  8429
  8435
  8430
  8410
  8412
  8415
  8400
  8399
  8398
  8406
  8411
  8408
  8384
  8402
  8407
  8393
  8371
  8366
  8381
  8402
  8398
  8393
  8393
  8394
  8392
  8398
  8395
  8390
  8398
  8398
  8396
  8396
  8392
  8391
  8384
  8378
  8374
  8369
  8367
  8369
  8366
  8367
  8378
  8379
  8353
  8349
  8344
  8340
  8337
  8337
  8338
  8336
  8358
  8346
  8350
  8350
  8348
  8338
  8336
  8340
  8352
  8367
  8359
  8360
  8362
  8368
  8374
  8385
  8383
  8385
  8385
  8381
  8380
  8372
  8360
  8333
  8347
  8357
  8345
  8336
  8346
  8343
  8346
  8341
  8323
  8339
  8344
  8347
  8345
  8343
  8332
  8328
  8307
  8296
  8301
  8301
  8293
  8292
  8293
  8305
  8304
  8282
  8290
  8288
  8283
  8285
  8264
  8265
  8269
  8273
  8271
  8273
  8272
  8272
  8261
  8279
  8294
  8302
  8300
  8299
  8294
  8295
  8300
  8288
  8290
  8282
  8277
  8285
  8279
  8279
  8282
  8281
  8273
  8283
  8283
  8284
  8287
  8284
  8294
  8290
  8297
  8291
  8295
  8290
  8282
  8295
  8287
  8291
  8275
  8270
  8264
  8263
  8263
  8251
  8247
  8250
  8229
  8184
  8175
  8177
  8172
  8169
  8165
  8179
  8178
  8183
  8191
  8192
  8193
  8189
  8199
  8182
  8163
  8163
  8155
  8159
  8162
  8159
  8155
  8159
  8147
  8157
  8154
  8147
  8146
  8144
  8149
  8159
  8174
  8181
  8188
  8182
  8181
  8180
  8159
  8149
  8157
  8155
  8156
  8152
  8150
  8157
  8156
  8136
  8156
  8152
  8162
  8163
  8161
  8164
  8160
  8161
  8145
  8137
  8125
  8127
  8120
  8119
  8132
  8104
  8108
  8128
  8131
  8142
  8143
  8120
  8136
  8138
  8157
  8167
  8166
  8169
  8170
  8175
  8187
  8198
  8196
  8171
  8174
  8172
  8174
  8180
  8198
  8202
  8180
  8176
  8170
  8171
  8170
  8165
  8156
  8154
  8159
  8155
  8163
  8163
  8156
  8150
  8144
  8131
  8103
  8107
  8093
  8087
  8086
  8079
  8082
  8102
  8110
  8081
  8082
  8083
  8081
  8086
  8091
  8086
  8079
  8073
  8080
  8080
  8080
  8092
  8091
  8092
  8085
  8081
  8066
  8071
  8064
  8053
  8050
  8048
  8050
  8036
  8023
  8016
  8015
  8012
  8014
  8016
  8006
  8003
  7999
  7998
  7996
  7987
  7994
  7993
  7991
  7999
  7986
  7985
  7974
  7978
  7972
  7974
  7980
  7986
  7988
  7986
  7985
  7982
  7987
  7982
  7962
  7945
  7942
  7942
  7939
  7937
  7942
  7943
  7942
  7939
  7928
  7935
  7930
  7929
  7927
  7934
  7932
  7930
  7923
  7923
  7920
  7920
  7897
  7905
  7913
  7932
  7939
  7937
  7930
  7940
  7935
  7934
  7919
  7916
  7920
  7917
  7913
  7906
  7914
  7913
  7926
  7934
  7936
  7935
  7934
  7927
  7924
  7929
  7924
  7911
  7923
  7906
  7905
  7919
  7911
  7905
  7913
  7907
  7913
  7901
  7897
  7895
  7896
  7894
  7898
  7915
  7915
  7922
  7923
  7919
  7919
  7922
  7914
  7905
  7910
  7913
  7919
  7916
  7918
  7908
  7895
  7899
  7904
  7907
  7905
  7910
  7880
  7885
  7873
  7872
  7873
  7871
  7866
  7853
  7859
  7861
  7867
  7858
  7857
  7848
  7856
  7865
  7864
  7871
  7883
  7874
  7870
  7867
  7875
  7870
  7868
  7871
  7856
  7854
  7849
  7845
  7838
  7829
  7831
  7835
  7838
  7845
  7840
  7857
  7858
  7865
  7869
  7869
  7858
  7825
  7797
  7783
  7775
  7766
  7757
  7763
  7761
  7760
  7765
  7759
  7763
  7766
  7759
  7766
  7780
  7777
  7757
  7759
  7752
  7730
  7730
  7717
  7722
  7716
  7728
  7721
  7713
  7723
  7729
  7723
  7734
  7736
  7730
  7722
  7717
  7725
  7734
  7738
  7740
  7736
  7749
  7745
  7751
  7761
  7752
  7747
  7737
  7730
  7728
  7728
  7729
  7722
  7736
  7714
  7728
  7728
  7731
  7726
  7727
  7724
  7732
  7735
  7735
  7728
  7732
  7731
  7733
  7739
  7743
  7754
  7758
  7752
  7765
  7764
  7756
  7761
  7773
  7752
  7758
  7744
  7735
  7725
  7713
  7708
  7702
  7692
  7702
  7685
  7686
  7686
  7687
  7690
  7686
  7672
  7656
  7643
  7631
  7630
  7626
  7627
  7619
  7613
  7604
  7613
  7601
  7605
  7598
  7609
  7614
  7613
  7600
  7593
  7583
  7590
  7598
  7606
  7596
  7601
  7623
  7611
  7606
  7603
  7596
  7608
  7617
  7610
  7617
  7627
  7628
  7629
  7628
  7630
  7643
  7639
  7652
  7646
  7649
  7647
  7653
  7655
  7648
  7638
  7646
  7651
  7658
  7666
  7660
  7655
  7619
  7625
  7635
  7632
  7634
  7625
  7628
  7620
  7599
  7594
  7575
  7549
  7536
  7535
  7532
  7522
  7531
  7553
  7564
  7547
  7552
  7550
  7544
  7542
  7547
  7527
  7543
  7543
  7539
  7538
  7535
  7526
  7517
  7518
  7512
  7513
  7512
  7510
  7513
  7522
  7534
  7529
  7528
  7537
  7521
  7526
  7521
  7532
  7537
  7544
  7544
  7549
  7547
  7544
  7543
  7537
  7539
  7539
  7553
  7551
  7540
  7535
  7549
  7545
  7546
  7538
  7542
  7555
  7549
  7549
  7549
  7546
  7544
  7540
  7529
  7531
  7531
  7531
  7529
  7519
  7530
  7522
  7521
  7520
  7517
  7511
  7507
  7518
  7517
  7533
  7525
  7527
  7525
  7526
  7524
  7522
  7516
  7527
  7515
  7530
  7526
  7527
  7526
  7530
  7514
  7523
  7537
  7532
  7519
  7513
  7508
  7519
  7518
  7511
  7494
  7501
  7500
  7499
  7497
  7498
  7485
  7469
  7475
  7468
  7472
  7473
  7468
  7463
  7455
  7460
  7455
  7436
  7412
  7409
  7420
  7429
  7435
  7427
  7442
  7455
  7460
  7460
  7458
  7459
  7466
  7433
  7451
  7442
  7443
  7442
  7441
  7449
  7438
  7447
  7436
  7438
  7439
  7431
  7431
  7432
  7429
  7424
  7431
  7425
  7424
  7421
  7420
  7419
  7425
  7415
  7418
  7400
  7405
  7406
  7405
  7403
  7405
  7412
  7414
  7418
  7424
  7423
  7417
  7411
  7420
  7418
  7416
  7413
  7410
  7418
  7408
  7409
  7418
  7416
  7410
  7410
  7407
  7407
  7407
  7411
  7403
  7395
  7419
  7416
  7417
  7417
  7420
  7417
  7411
  7391
  7399
  7402
  7402
  7397
  7399
  7395
  7399
  7399
  7391
  7399
  7402
  7402
  7395
  7398
  7380
  7383
  7388
  7388
  7384
  7377
  7377
  7378
  7375
  7364
  7378
  7392
  7391
  7386
  7383
  7378
  7392
  7380
  7371
  7379
  7376
  7373
  7373
  7370
  7344
  7363
  7359
  7358
  7361
  7358
  7355
  7356
  7356
  7367
  7373
  7359
  7367
  7367
  7368
  7379
  7383
  7367
  7378
  7364
  7368
  7369
  7369
  7362
  7359
  7356
  7363
  7354
  7340
  7343
  7330
  7342
  7339
  7352
  7363
  7360
  7352
  7354
  7353
  7351
  7346
  7340
  7356
  7352
  7350
  7347
  7344
  7345
  7344
  7351
  7355
  7353
  7341
  7350
  7340
  7330
  7329
  7320
  7318
  7321
  7320
  7318
  7315
  7314
  7297
  7293
  7296
  7298
  7311
  7316
  7315
  7310
  7305
  7297
  7302
  7295
  7286
  7286
  7289
  7301
  7313
  7299
  7301
  7297
  7304
  7297
  7296
  7289
  7290
  7296
  7289
  7293
  7288
  7287
  7287
  7281
  7285
  7294
  7282
  7285
  7286
  7283
  7282
  7282
  7263
  7278
  7265
  7269
  7272
  7273
  7278
  7278
  7273
  7263
  7271
  7263
  7268
  7276
  7285
  7276
  7277
  7275
  7267
  7249
  7242
  7230
  7228
  7234
  7228
  7227
  7205
  7203
  7208
  7202
  7214
  7209
  7210
  7213
  7214
  7219
  7212
  7211
  7209
  7211
  7198
  7193
  7196
  7190
  7187
  7190
  7182
  7187
  7181
  7182
  7191
  7190
  7188
  7182
  7180
  7185
  7176
  7176
  7173
  7176
  7177
  7177
  7176
  7169
  7165
  7164
  7157
  7149
  7147
  7145
  7155
  7154
  7150
  7150
  7150
  7159
  7155
  7154
  7155
  7151
  7152
  7165
  7173
  7165
  7164
  7170
  7172
  7161
  7149
  7146
  7159
  7150
  7144
  7136
  7126
  7126
  7135
  7135
  7133
  7148
  7154
  7148
  7147
  7135
  7134
  7127
  7110
  7107
  7109
  7107
  7104
  7100
  7103
  7106
  7109
  7098
  7109
  7104
  7107
  7116
  7103
  7105
  7094
  7084
  7073
  7064
  7063
  7072
  7064
  7071
  7085
  7073
  7062
  7061
  7045
  7049
  7042
  7039
  7039
  7038
  7038
  7037
  7037
  7043
  7042
  7038
  7034
  7030
  7034
  7035
  7040
  7051
  7047
  7047
  7045
  7050
  7052
  7046
  7047
  7051
  7053
  7057
  7053
  7054
  7059
  7059
  7057
  7061
  7058
  7049
  7051
  7051
  7046
  7040
  7046
  7063
  7063
  7066
  7074
  7075
  7078
  7082
  7094
  7085
  7083
  7073
  7076
  7075
  7067
  7073
  7074
  7050
  7030
  7022
  7027
  7024
  7032
  7026
  7023
  7014
  7015
  7015
  7016
  7012
  7027
  7027
  7027
  7018
  7021
  7021
  7012
  7012
  7011
  7014
  7012
  7010
  7026
  7031
  7044
  7045
  7052
  7051
  7048
  7048
  7052
  7046
  7042
  7044
  7042
  7044
  7044
  7027
  7037
  7019
  7019
  7004
  7008
  7005
  7006
  7006
  7000
  6987
  6984
  6991
  6984
  6974
  6977
  6979
  6979
  6976
  6982
  6984
  6975
  6966
  6979
  6970
  6964
  6967
  6974
  6980
  6978
  6978
  6974
  6967
  6963
  6973
  6973
  6971
  6971
  6966
  6965
  6972
  6981
  6985
  6982
  6983
  6979
  6979
  6984
  6981
  6976
  6982
  6975
  6972
  6968
  6971
  6967
  6968
  6972
  6970
  6984
  6984
  6987
  6984
  6982
  6980
  6973
  6978
  6966
  6976
  6979
  6983
  6981
  6975
  6976
  6970
  6974
  6973
  6977
  6976
  6972
  6969
  6965
  6963
  6954
  6946
  6945
  6951
  6943
  6947
  6950
  6963
  6970
  6970
  6966
  6967
  6963
  6966
  6967
  6977
  6973
  6986
  6979
  6975
  6969
  6976
  6978
  6963
  6961
  6957
  6945
  6944
  6943
  6946
  6930
  6936
  6923
  6916
  6919
  6913
  6908
  6907
  6910
  6916
  6918
  6913
  6926
  6925
  6923
  6934
  6933
  6934
  6922
  6909
  6903
  6901
  6901
  6905
  6894
  6893
  6872
  6863
  6872
  6880
  6886
  6881
  6873
  6880
  6873
  6879
  6882
  6884
  6882
  6881
  6877
  6888
  6888
  6883
  6880
  6883
  6884
  6885
  6886
  6879
  6864
  6867
  6872
  6867
  6875
  6861
  6843
  6846
  6850
  6854
  6861
  6854
  6853
  6844
  6843
  6848
  6835
  6837
  6835
  6833
  6830
  6833
  6846
  6839
  6846
  6843
  6851
  6835
  6836
  6828
  6828
  6836
  6836
  6839
  6828
  6826
  6829
  6826
  6818
  6822
  6809
  6813
  6806
  6807
  6810
  6804
  6791
  6789
  6783
  6780
  6781
  6780
  6780
  6768
  6765
  6750
  6758
  6743
  6749
  6751
  6749
  6742
  6745
  6735
  6741
  6739
  6739
  6744
  6752
  6759
  6759
  6748
  6734
  6730
  6732
  6731
  6728
  6729
  6731
  6724
  6730
  6731
  6716
  6706
  6708
  6715
  6711
  6727
  6735
  6734
  6737
  6728
  6731
  6726
  6725
  6709
  6729
  6738
  6735
  6732
  6730
  6728
  6727
  6720
  6715
  6704
  6701
  6698
  6699
  6692
  6698
  6692
  6693
  6672
  6674
  6673
  6670
  6668
  6669
  6667
  6664
  6658
  6661
  6659
  6656
  6652
  6666
  6678
  6685
  6678
  6671
  6669
  6670
  6655
  6651
  6650
  6653
  6650
  6654
  6648
  6647
  6636
  6636
  6637
  6622
  6630
  6636
  6637
  6635
  6637
  6627
  6625
  6618
  6617
  6617
  6617
  6616
  6620
  6620
  6607
  6613
  6615
  6614
  6615
  6615
  6615
  6606
  6605
  6600
  6620
  6624
  6620
  6618
  6620
  6615
  6634
  6632
  6643
  6642
  6645
  6646
  6655
  6665
  6666
  6673
  6671
  6667
  6666
  6650
  6640
  6640
  6637
  6629
  6631
  6626
  6626
  6625
  6621
  6626
  6629
  6630
  6639
  6635
  6635
  6635
  6628
  6626
  6638
  6639
  6630
  6635
  6636
  6636
  6634
  6643
  6644
  6648
  6642
  6645
  6640
  6634
  6638
  6638
  6631
  6641
  6636
  6636
  6637
  6631
  6620
  6624
  6632
  6623
  6625
  6636
  6636
  6635
  6637
  6634
  6631
  6635
  6639
  6635
  6632
  6631
  6626
  6637
  6627
  6631
  6634
  6636
  6645
  6648
  6658
  6658
  6644
  6639
  6632
  6630
  6623
  6632
  6638
  6640
  6629
  6629
  6628
  6623
  6620
  6620
  6621
  6620
  6605
  6609
  6605
  6598
  6594
  6589
  6595
  6590
  6581
  6584
  6582
  6576
  6580
  6579
  6555
  6548
  6543
  6537
  6544
  6546
  6546
  6545
  6549
  6565
  6557
  6552
  6546
  6566
  6566
  6562
  6564
  6562
  6558
  6545
  6546
  6545
  6530
  6531
  6527
  6522
  6516
  6517
  6507
  6514
  6515
  6507
  6514
  6517
  6513
  6517
  6519
  6520
  6513
  6505
  6508
  6507
  6515
  6522
  6525
  6531
  6540
  6544
  6544
  6550
  6537
  6535
  6525
  6527
  6524
  6528
  6518
  6515
  6496
  6495
  6505
  6500
  6500
  6499
  6491
  6489
  6493
  6491
  6491
  6495
  6496
  6496
  6491
  6484
  6479
  6489
  6478
  6468
  6466
  6466
  6467
  6470
  6472
  6455
  6442
  6446
  6442
  6441
  6438
  6433
  6413
  6420
  6431
  6430
  6429
  6428
  6437
  6438
  6431
  6427
  6429
  6428
  6425
  6420
  6429
  6434
  6433
  6429
  6420
  6426
  6422
  6417
  6417
  6416
  6424
  6433
  6435
  6439
  6432
  6446
  6445
  6447
  6433
  6435
  6433
  6435
  6436
  6435
  6438
  6445
  6447
  6441
  6438
  6437
  6440
  6443
  6436
  6435
  6436
  6442
  6442
  6441
  6440
  6438
  6436
  6441
  6442
  6432
  6425
  6422
  6429
  6429
  6424
  6433
  6431
  6426
  6426
  6428
  6422
  6425
  6426
  6433
  6428
  6411
  6405
  6389
  6385
  6387
  6383
  6381
  6391
  6387
  6374
  6366
  6365
  6364
  6364
  6359
  6372
  6380
  6377
  6373
  6373
  6375
  6378
  6375
  6388
  6402
  6393
  6397
  6398
  6393
  6395
  6388
  6400
  6398
  6380
  6383
  6370
  6371
  6373
  6367
  6372
  6375
  6366
  6369
  6373
  6367
  6376
  6367
  6350
  6349
  6343
  6343
  6337
  6335
  6338
  6342
  6331
  6336
  6337
  6338
  6327
  6325
  6321
  6340
  6327
  6334
  6345
  6352
  6346
  6346
  6349
  6356
  6359
  6368
  6366
  6369
  6369
  6370
  6367
  6358
  6348
  6343
  6340
  6336
  6344
  6346
  6346
  6351
  6352
  6359
  6350
  6353
  6355
  6353
  6349
  6351
  6341
  6351
  6346
  6345
  6342
  6337
  6340
  6333
  6337
  6322
  6315
  6317
  6315
  6315
  6325
  6335
  6341
  6341
  6351
  6345
  6343
  6344
  6350
  6346
  6336
  6335
  6328
  6324
  6328
  6321
  6326
  6320
  6314
  6325
  6321
  6320
  6320
  6310
  6305
  6296
  6298
  6300
  6295
  6298
  6297
  6299
  6289
  6292
  6303
  6305
  6300
  6302
  6295
  6300
  6301
  6311
  6315
  6307
  6303
  6306
  6300
  6302
  6304
  6284
  6276
  6273
  6261
  6263
  6260
  6258
  6248
  6248
  6248
  6247
  6242
  6243
  6239
  6240
  6246
  6249
  6247
  6253
  6253
  6256
  6254
  6252
  6253
  6244
  6246
  6245
  6248
  6249
  6247
  6244
  6244
  6234
  6232
  6247
  6252
  6244
  6242
  6252
  6262
  6276
  6289
  6295
  6295
  6288
  6288
  6288
  6288
  6285
  6276
  6267
  6281
  6273
  6277
  6282
  6288
  6300
  6289
  6284
  6291
  6298
  6295
  6295
  6295
  6285
  6301
  6292
  6292
  6291
  6290
  6291
  6285
  6286
  6284
  6287
  6281
  6280
  6278
  6275
  6279
  6279
  6276
  6272
  6259
  6260
  6254
  6236
  6233
  6233
  6236
  6229
  6241
  6243
  6235
  6236
  6236
  6234
  6239
  6240
  6250
  6245
  6241
  6245
  6238
  6228
  6223
  6227
  6224
  6227
  6223
  6218
  6211
  6216
  6218
  6233
  6231
  6232
  6228
  6226
  6224
  6218
  6224
  6231
  6236
  6237
  6236
  6236
  6235
  6234
  6238
  6257
  6247
  6230
  6218
  6217
  6213
  6216
  6219
  6232
  6226
  6218
  6214
  6211
  6208
  6215
  6220
  6212
  6219
  6200
  6203
  6196
  6195
  6193
  6192
  6188
  6180
  6179
  6177
  6176
  6181
  6180
  6178
  6179
  6174
  6164
  6162
  6161
  6159
  6164
  6165
  6163
  6171
  6173
  6159
  6154
  6147
  6144
  6145
  6146
  6148
  6151
  6148
  6145
  6154
  6144
  6138
  6143
  6144
  6138
  6135
  6134
  6132
  6128
  6133
  6137
  6139
  6139
  6142
  6141
  6152
  6131
  6123
  6121
  6131
  6126
  6126
  6124
  6125
  6116
  6108
  6112
  6122
  6123
  6128
  6131
  6135
  6136
  6127
  6130
  6119
  6119
  6116
  6115
  6114
  6118
  6110
  6107
  6100
  6103
  6099
  6097
  6093
  6078
  6083
  6083
  6074
  6072
  6069
  6069
  6070
  6074
  6078
  6082
  6082
  6094
  6097
  6096
  6099
  6110
  6118
  6116
  6106
  6108
  6104
  6094
  6097
  6102
  6106
  6102
  6106
  6113
  6113
  6113
  6117
  6120
  6100
  6094
  6085
  6086
  6083
  6083
  6082
  6072
  6060
  6068
  6073
  6070
  6080
  6086
  6081
  6086
  6081
  6080
  6085
  6089
  6076
  6077
  6079
  6081
  6076
  6068
  6069
  6062
  6060
  6060
  6060
  6056
  6047
  6039
  6044
  6047
  6047
  6048
  6040
  6035
  6031
  6037
  6039
  6041
  6049
  6048
  6040
  6043
  6034
  6041
  6034
  6046
  6052
  6049
  6044
  6042
  6045
  6038
  6042
  6047
  6045
  6046
  6051
  6051
  6051
  6049
  6052
  6050
  6044
  6040
  6041
  6052
  6056
  6053
  6060
  6057
  6060
  6060
  6053
  6054
  6061
  6051
  6045
  6044
  6043
  6045
  6045
  6042
  6033
  6040
  6030
  6026
  6025
  6027
  6022
  6022
  6025
  6006
  5996
  5992
  5994
  5994
  5988
  5991
  5996
  5988
  5982
  5983
  5983
  5981
  5976
  5979
  5984
  5980
  5990
  5982
  5980
  5981
  5981
  5985
  5975
  5978
  5980
  5977
  5975
  5974
  5975
  5970
  5969
  5986
  5990
  5999
  5995
  5994
  5995
  5990
  5996
  5984
  5975
  5967
  5967
  5967
  5973
  5980
  5977
  5980
  5954
  5961
  5963
  5958
  5957
  5966
  5971
  5971
  5969
  5976
  5976
  5981
  5983
  5996
  6007
  6000
  6007
  6007
  6000
  6007
  5997
  5993
  5999
  6000
  6002
  6004
  6009
  6015
  6009
  6006
  6002
  5996
  5990
  5987
  5975
  5975
  5978
  5980
  5973
  5972
  5971
  5974
  5971
  5971
  5975
  5963
  5950
  5950
  5941
  5947
  5955
  5973
  5968
  5970
  5965
  5946
  5950
  5940
  5940
  5945
  5944
  5930
  5920
  5913
  5911
  5911
  5915
  5904
  5907
  5902
  5906
  5911
  5911
  5911
  5912
  5912
  5903
  5902
  5906
  5907
  5887
  5886
  5885
  5886
  5885
  5881
  5878
  5878
  5879
  5879
  5875
  5875
  5881
  5881
  5880
  5884
  5881
  5870
  5869
  5859
  5873
  5866
  5868
  5857
  5858
  5859
  5859
  5859
  5861
  5864
  5879
  5890
  5895
  5905
  5896
  5894
  5898
  5893
  5886
  5879
  5877
  5869
  5858
  5846
  5844
  5847
  5845
  5828
  5826
  5830
  5826
  5821
  5817
  5817
  5823
  5814
  5804
  5814
  5813
  5825
  5819
  5828
  5830
  5830
  5836
  5836
  5832
  5832
  5834
  5834
  5832
  5832
  5838
  5850
  5851
  5846
  5850
  5845
  5847
  5856
  5849
  5854
  5853
  5854
  5842
  5839
  5836
  5852
  5826
  5828
  5834
  5836
  5843
  5841
  5844
  5838
  5833
  5833
  5832
  5835
  5832
  5833
  5834
  5820
  5821
  5821
  5825
  5825
  5821
  5825
  5827
  5833
  5828
  5819
  5819
  5820
  5813
  5817
  5813
  5813
  5811
  5815
  5815
  5812
  5817
  5821
  5826
  5841
  5841
  5842
  5836
  5838
  5842
  5840
  5841
  5842
  5835
  5824
  5827
  5831
  5831
  5819
  5816
  5811
  5813
  5807
  5803
  5805
  5809
  5823
  5831
  5827
  5837
  5839
  5836
  5833
  5840
  5842
  5836
  5851
  5854
  5848
  5854
  5851
  5850
  5855
  5848
  5842
  5848
  5846
  5846
  5834
  5835
  5837
  5849
  5852
  5848
  5846
  5848
  5848
  5846
  5854
  5846
  5851
  5857
  5860
  5855
  5853
  5853
  5844
  5836
  5823
  5820
  5819
  5817
  5818
  5820
  5810
  5804
  5808
  5808
  5808
  5803
  5805
  5788
  5788
  5776
  5771
  5765
  5760
  5756
  5753
  5743
  5748
  5745
  5755
  5758
  5755
  5756
  5756
  5759
  5771
  5777
  5763
  5765
  5763
  5764
  5763
  5763
  5768
  5762
  5759
  5751
  5744
  5742
  5740
  5738
  5740
  5730
  5729
  5719
  5723
  5722
  5721
  5727
  5730
  5737
  5730
  5737
  5738
  5734
  5731
  5729
  5727
  5726
  5729
  5725
  5725
  5729
  5733
  5729
  5727
  5727
  5721
  5718
  5713
  5710
  5710
  5710
  5706
  5714
  5724
  5734
  5745
  5744
  5743
  5740
  5737
  5730
  5723
  5722
  5715
  5715
  5712
  5706
  5699
  5714
  5723
  5723
  5725
  5725
  5729
  5727
  5715
  5711
  5707
  5697
  5691
  5693
  5683
  5678
  5680
  5682
  5682
  5690
  5695
  5693
  5702
  5704
  5708
  5711
  5713
  5712
  5718
  5720
  5719
  5710
  5720
  5719
  5723
  5732
  5730
  5731
  5728
  5734
  5734
  5724
  5722
  5722
  5723
  5722
  5715
  5717
  5716
  5715
  5713
  5723
  5722
  5717
  5723
  5725
  5722
  5705
  5704
  5705
  5705
  5707
  5713
  5717
  5709
  5714
  5708
  5701
  5703
  5702
  5687
  5685
  5676
  5668
  5674
  5671
  5665
  5660
  5657
  5657
  5660
  5649
  5637
  5637
  5641
  5637
  5639
  5641
  5641
  5635
  5629
  5624
  5628
  5628
  5628
  5621
  5624
  5620
  5633
  5635
  5631
  5634
  5629
  5625
  5626
  5639
  5636
  5625
  5623
  5616
  5616
  5615
  5612
  5616
  5617
  5614
  5615
  5611
  5608
  5626
  5632
  5631
  5625
  5620
  5617
  5615
  5623
  5627
  5625
  5623
  5626
  5625
  5634
  5624
  5619
  5608
  5607
  5610
  5612
  5606
  5608
  5595
  5605
  5604
  5605
  5606
  5600
  5601
  5608
  5608
  5609
  5610
  5611
  5603
  5611
  5616
  5627
  5618
  5619
  5626
  5622
  5629
  5632
  5635
  5637
  5632
  5634
  5636
  5637
  5636
  5633
  5643
  5649
  5651
  5650
  5660
  5658
  5661
  5660
  5651
  5644
  5647
  5647
  5642
  5629
  5628
  5618
  5613
  5605
  5608
  5606
  5601
  5606
  5605
  5607
  5601
  5601
  5601
  5603
  5606
  5607
  5602
  5608
  5615
  5615
  5611
  5603
  5600
  5603
  5603
  5597
  5599
  5596
  5597
  5599
  5606
  5613
  5620
  5625
  5626
  5617
  5618
  5613
  5618
  5620
  5621
  5619
  5621
  5615
  5614
  5602
  5595
  5599
  5603
  5592
  5589
  5592
  5589
  5587
  5585
  5586
  5585
  5597
  5592
  5589
  5588
  5587
  5585
  5584
  5583
  5592
  5593
  5580
  5575
  5574
  5573
  5574
  5571
  5560
  5552
  5551
  5551
  5550
  5548
  5547
  5561
  5566
  5571
  5576
  5577
  5577
  5579
  5580
  5576
  5589
  5599
  5598
  5596
  5597
  5594
  5598
  5576
  5570
  5572
  5563
  5563
  5563
  5555
  5549
  5535
  5532
  5530
  5522
  5522
  5524
  5518
  5526
  5516
  5502
  5507
  5502
  5504
  5499
  5504
  5518
  5517
  5522
  5523
  5524
  5533
  5531
  5533
  5535
  5524
  5523
  5518
  5504
  5499
  5496
  5498
  5492
  5490
  5498
  5485
  5487
  5491
  5489
  5484
  5482
  5485
  5477
  5470
  5469
  5469
  5469
  5466
  5470
  5478
  5481
  5489
  5496
  5501
  5501
  5505
  5518
  5507
  5503
  5506
  5509
  5509
  5508
  5504
  5491
  5490
  5488
  5482
  5481
  5482
  5482
  5483
  5483
  5485
  5495
  5497
  5499
  5498
  5496
  5491
  5492
  5496
  5485
  5481
  5484
  5479
  5480
  5485
  5485
  5497
  5489
  5487
  5494
  5494
  5494
  5498
  5506
  5498
  5502
  5497
  5492
  5491
  5490
  5490
  5495
  5497
  5498
  5493
  5497
  5493
  5492
  5489
  5481
  5489
  5488
  5489
  5487
  5489
  5487
  5492
  5490
  5500
  5495
  5494
  5498
  5497
  5497
  5505
  5507
  5497
  5485
  5489
  5494
  5496
  5487
  5485
  5483
  5484
  5485
  5484
  5488
  5489
  5488
  5488
  5492
  5489
  5488
  5494
  5500
  5496
  5493
  5493
  5503
  5497
  5499
  5486
  5478
  5481
  5480
  5480
  5484
  5477
  5475
  5476
  5464
  5455
  5452
  5463
  5466
  5467
  5470
  5458
  5454
  5454
  5454
  5449
  5437
  5435
  5429
  5440
  5449
  5447
  5446
  5446
  5454
  5456
  5446
  5451
  5451
  5451
  5451
  5450
  5447
  5454
  5435
  5436
  5439
  5439
  5439
  5436
  5436
  5428
  5420
  5416
  5409
  5406
  5408
  5419
  5435
  5416
  5408
  5407
  5409
  5412
  5412
  5412
  5406
  5412
  5414
  5401
  5406
  5404
  5404
  5402
  5399
  5397
  5403
  5405
  5403
  5414
  5422
  5414
  5408
  5396
  5401
  5411
  5420
  5421
  5421
  5419
  5430
  5435
  5441
  5440
  5439
  5424
  5418
  5422
  5415
  5412
  5399
  5402
  5400
  5395
  5395
  5390
  5390
  5402
  5389
  5395
  5397
  5397
  5394
  5393
  5388
  5379
  5374
  5367
  5376
  5381
  5385
  5385
  5378
  5375
  5384
  5389
  5382
  5378
  5377
  5376
  5372
  5362
  5359
  5350
  5355
  5355
  5358
  5354
  5344
  5339
  5343
  5335
  5340
  5334
  5318
  5319
  5320
  5319
  5320
  5322
  5327
  5330
  5322
  5320
  5321
  5314
  5310
  5316
  5327
  5326
  5325
  5316
  5325
  5333
  5328
  5329
  5321
  5321
  5319
  5316
  5328
  5329
  5325
  5327
  5327
  5325
  5310
  5310
  5310
  5291
  5298
  5288
  5290
  5298
  5303
  5308
  5312
  5317
  5316
  5312
  5317
  5325
  5334
  5338
  5346
  5346
  5344
  5343
  5337
  5342
  5344
  5326
  5329
  5319
  5306
  5309
  5312
  5310
  5309
  5309
  5299
  5300
  5295
  5299
  5302
  5300
  5297
  5296
  5302
  5295
  5297
  5293
  5287
  5282
  5291
  5292
  5300
  5310
  5318
  5318
  5321
  5321
  5320
  5331
  5330
  5331
  5336
  5337
  5335
  5329
  5330
  5340
  5330
  5325
  5319
  5318
  5314
  5313
  5317
  5308
  5311
  5311
  5303
  5298
  5294
  5295
  5290
  5289
  5296
  5299
  5302
  5299
  5292
  5293
  5293
  5292
  5302
  5303
  5294
  5303
  5311
  5311
  5312
  5322
  5317
  5327
  5337
  5327
  5326
  5324
  5323
  5317
  5324
  5325
  5311
  5320
  5322
  5320
  5320
  5324
  5337
  5345
  5362
  5361
  5361
  5362
  5362
  5359
  5357
  5349
  5331
  5322
  5321
  5323
  5322
  5313
  5319
  5306
  5310
  5289
  5289
  5290
  5288
  5284
  5291
  5284
  5288
  5287
  5288
  5285
  5283
  5279
  5279
  5274
  5269
  5272
  5272
  5260
  5251
  5240
  5242
  5243
  5243
  5234
  5232
  5236
  5237
  5217
  5218
  5215
  5207
  5215
  5212
  5211
  5210
  5214
  5224
  5232
  5222
  5216
  5219
  5219
  5216
  5215
  5221
  5225
  5224
  5223
  5219
  5217
  5212
  5208
  5208
  5201
  5207
  5203
  5200
  5200
  5198
  5198
  5198
  5196
  5186
  5190
  5189
  5185
  5190
  5196
  5198
  5184
  5186
  5185
  5181
  5186
  5192
  5196
  5195
  5196
  5187
  5189
  5189
  5199
  5209
  5211
  5209
  5212
  5218
  5209
  5207
  5209
  5204
  5212
  5221
  5229
  5226
  5216
  5209
  5204
  5205
  5206
  5216
  5214
  5213
  5195
  5190
  5192
  5184
  5183
  5174
  5172
  5174
  5167
  5167
  5164
  5161
  5165
  5178
  5179
  5194
  5199
  5199
  5192
  5191
  5186
  5179
  5184
  5189
  5197
  5195
  5196
  5193
  5188
  5194
  5177
  5175
  5186
  5181
  5180
  5178
  5177
  5173
  5180
  5185
  5187
  5184
  5182
  5182
  5182
  5188
  5201
  5202
  5198
  5202
  5199
  5196
  5197
  5207
  5217
  5218
  5221
  5223
  5221
  5217
  5203
  5186
  5191
  5182
  5176
  5169
  5166
  5163
  5163
  5163
  5151
  5157
  5157
  5157
  5164
  5158
  5154
  5161
  5151
  5138
  5142
  5134
  5132
  5133
  5134
  5133
  5125
  5123
  5121
  5106
  5106
  5108
  5105
  5107
  5101
  5092
  5086
  5082
  5088
  5082
  5076
  5082
  5084
  5077
  5076
  5082
  5081
  5081
  5084
  5090
  5086
  5084
  5085
  5084
  5080
  5074
  5079
  5085
  5077
  5061
  5064
  5071
  5068
  5066
  5062
  5048
  5044
  5046
  5041
  5041
  5041
  5040
  5043
  5042
  5038
  5046
  5047
  5045
  5044
  5044
  5049
  5059
  5072
  5093
  5098
  5094
  5090
  5095
  5093
  5086
  5084
  5081
  5071
  5068
  5066
  5062
  5060
  5045
  5047
  5037
  5030
  5026
  5028
  5030
  5031
  5035
  5040
  5039
  5030
  5034
  5037
  5036
  5039
  5040
  5039
  5028
  5020
  5005
  5004
  5003
  5002
  5003
  5011
  5018
  5028
  5034
  5040
  5030
  5035
  5033
  5036
  5030
  5029
  5024
  5029
  5042
  5035
  5042
  5053
  5064
  5072
  5075
  5073
  5073
  5075
  5069
  5063
  5056
  5059
  5064
  5066
  5060
  5051
  5037
  5029
  5036
  5027
  5027
  5020
  5015
  5017
  5027
  5030
  5034
  5045
  5044
  5038
  5040
  5032
  5033
  5033
  5021
  5020
  5023
  5027
  5009
  5007
  5008
  4998
  4994
  4991
  4991
  4988
  4985
  4981
  4968
  4952
  4953
  4955
  4956
  4954
  4957
  4959
  4962
  4971
  4976
  4976
  4978
  4982
  4983
  4989
  4986
  4984
  4988
  4986
  4989
  4990
  4992
  4995
  5001
  5007
  5011
  5009
  5022
  5021
  5020
  5020
  5017
  5016
  5012
  5016
  5015
  5013
  5010
  5012
  4996
  4981
  4982
  4987
  4980
  4972
  4965
  4969
  4975
  4970
  4973
  4973
  4975
  4975
  4977
  4979
  4977
  4992
  4991
  4988
  4988
  4989
  4982
  4985
  4983
  4994
  4981
  4983
  4993
  4994
  4992
  4991
  4983
  4981
  4975
  4965
  4969
  4966
  4970
  4968
  4977
  4983
  4988
  4989
  4992
  4994
  4994
  4993
  4999
  5016
  5017
  5014
  5012
  5012
  5010
  5016
  5022
  5033
  5027
  5029
  5028
  5019
  5015
  5012
  5011
  5016
  5013
  5023
  5015
  5020
  5022
  5014
  5015
  5020
  5023
  5023
  5027
  5026
  5026
  5031
  5031
  5018
  5019
  5018
  5012
  5012
  5011
  5007
  5000
  5004
  4994
  4992
  4993
  4992
  4979
  4981
  4980
  4986
  4990
  4988
  4980
  4980
  4987
  4984
  4976
  4981
  4984
  4979
  4993
  4993
  4992
  4989
  4990
  4995
  5000
  5001
  4998
  4994
  4985
  4987
  4998
  5006
  5004
  5007
  5015
  5014
  5013
  5009
  5025
  5024
  5027
  5019
  5019
  5018
  5017
  5017
  5017
  5014
  5007
  5007
  5005
  5005
  5004
  5003
  5006
  5006
  5005
  5005
  5004
  5004
  5000
  4997
  5000
  4989
  5003
  5006
  5002
  4997
  5007
  5004
  4986
  4990
  4986
  4989
  4991
  4991
  4991
  4993
  4998
  5004
  5006
  5013
  5016
  5024
  5030
  5028
  5026
  5019
  5015
  5015
  5019
  5018
  5023
  5028
  5028
  5022
  5022
  5017
  5020
  5020
  5016
  5010
  5009
  5012
  5020
  5028
  5030
  5028
  5029
  5026
  5023
  5020
  5014
  5017
  5008
  5007
  5008
  5007
  5006
  4992
  4987
  4989
  4991
  4983
  4991
  4989
  4989
  4988
  4989
  4991
  4986
  4989
  4989
  4984
  4984
  4981
  4980
  4980
  4979
  4980
  4977
  4978
  4975
  4974
  4970
  4963
  4963
  4959
  4962
  4962
  4962
  4965
  4963
  4954
  4946
  4939
  4943
  4939
  4937
  4929
  4922
  4916
  4913
  4910
  4911
  4905
  4899
  4893
  4884
  4884
  4888
  4872
  4874
  4875
  4877
  4867
  4875
  4884
  4894
  4891
  4892
  4899
  4900
  4905
  4902
  4905
  4905
  4907
  4908
  4902
  4901
  4897
  4898
  4898
  4890
  4889
  4886
  4890
  4899
  4899
  4896
  4897
  4894
  4891
  4893
  4898
  4889
  4878
  4889
  4897
  4895
  4898
  4903
  4904
  4908
  4909
  4914
  4909
  4912
  4914
  4912
  4917
  4921
  4930
  4936
  4938
  4941
  4938
  4937
  4940
  4946
  4946
  4934
  4933
  4928
  4924
  4922
  4923
  4922
  4914
  4918
  4913
  4913
  4916
  4918
  4910
  4917
  4924
  4915
  4919
  4920
  4920
  4920
  4923
  4924
  4913
  4908
  4903
  4904
  4905
  4903
  4905
  4903
  4908
  4912
  4897
  4894
  4893
  4890
  4885
  4882
  4878
  4879
  4874
  4872
  4872
  4865
  4869
  4877
  4881
  4884
  4879
  4880
  4873
  4873
  4883
  4889
  4894
  4907
  4906
  4903
  4908
  4907
  4901
  4904
  4908
  4908
  4906
  4902
  4902
  4901
  4892
  4886
  4896
  4898
  4894
  4892
  4893
  4892
  4890
  4893
  4889
  4891
  4891
  4891
  4888
  4889
  4890
  4889
  4895
  4905
  4912
  4915
  4921
  4919
  4923
  4931
  4914
  4907
  4908
  4901
  4901
  4897
  4893
  4897
  4895
  4893
  4889
  4876
  4860
  4857
  4858
  4850
  4837
  4832
  4830
  4823
  4825
  4826
  4830
  4838
  4843
  4854
  4850
  4852
  4852
  4850
  4855
  4866
  4864
  4862
  4868
  4874
  4877
  4882
  4874
  4872
  4871
  4871
  4878
  4873
  4868
  4865
  4869
  4853
  4853
  4845
  4840
  4833
  4831
  4832
  4837
  4834
  4840
  4831
  4835
  4839
  4839
  4840
  4841
  4843
  4843
  4858
  4853
  4848
  4841
  4828
  4838
  4842
  4840
  4846
  4855
  4862
  4862
  4861
  4859
  4856
  4853
  4850
  4848
  4836
  4833
  4835
  4834
  4840
  4847
  4841
  4839
  4846
  4843
  4843
  4838
  4839
  4830
  4833
  4829
  4823
  4822
  4824
  4827
  4834
  4824
  4838
  4844
  4844
  4848
  4854
  4856
  4844
  4841
  4831
  4845
  4850
  4848
  4844
  4843
  4832
  4822
  4830
  4829
  4824
  4820
  4819
  4819
  4809
  4796
  4793
  4801
  4795
  4795
  4792
  4791
  4792
  4799
  4791
  4790
  4792
  4793
  4792
  4790
  4787
  4782
  4781
  4781
  4772
  4770
  4769
  4765
  4762
  4754
  4748
  4744
  4741
  4745
  4747
  4749
  4748
  4749
  4750
  4739
  4724
  4724
  4725
  4728
  4734
  4749
  4750
  4759
  4766
  4765
  4766
  4763
  4769
  4771
  4775
  4794
  4794
  4794
  4791
  4787
  4790
  4790
  4785
  4783
  4780
  4782
  4781
  4783
  4773
  4772
  4763
  4763
  4758
  4757
  4757
  4749
  4744
  4737
  4720
  4715
  4712
  4713
  4712
  4712
  4716
  4714
  4708
  4714
  4715
  4716
  4717
  4714
  4713
  4715
  4726
  4740
  4738
  4744
  4754
  4761
  4762
  4772
  4774
  4776
  4785
  4789
  4785
  4774
  4774
  4766
  4758
  4757
  4752
  4746
  4743
  4745
  4749
  4757
  4762
  4768
  4768
  4768
  4767
  4767
  4779
  4790
  4787
  4787
  4788
  4789
  4790
  4783
  4789
  4786
  4787
  4780
  4777
  4773
  4773
  4768
  4759
  4758
  4748
  4743
  4737
  4735
  4732
  4729
  4722
  4725
  4721
  4719
  4712
  4713
  4708
  4702
  4700
  4703
  4708
  4719
  4725
  4724
  4723
  4722
  4724
  4707
  4710
  4709
  4703
  4705
  4708
  4703
  4699
  4696
  4698
  4702
  4706
  4706
  4706
  4702
  4693
  4700
  4711
  4711
  4704
  4702
  4699
  4702
  4699
  4691
  4693
  4691
  4683
  4683
  4685
  4686
  4695
  4704
  4722
  4732
  4737
  4736
  4735
  4725
  4724
  4720
  4722
  4720
  4723
  4716
  4716
  4719
  4725
  4714
  4712
  4721
  4722
  4722
  4721
  4714
  4712
  4714
  4714
  4715
  4713
  4707
  4707
  4707
  4720
  4722
  4725
  4723
  4727
  4723
  4724
  4725
  4735
  4739
  4739
  4741
  4741
  4736
  4733
  4731
  4714
  4694
  4691
  4695
  4695
  4695
  4694
  4689
  4687
  4671
  4671
  4678
  4679
  4676
  4679
  4677
  4671
  4674
  4668
  4676
  4673
  4678
  4665
  4653
  4644
  4640
  4628
  4618
  4621
  4623
  4616
  4617
  4622
  4622
  4623
  4625
  4627
  4622
  4633
  4639
  4638
  4648
  4657
  4666
  4672
  4663
  4666
  4660
  4656
  4663
  4656
  4654
  4645
  4647
  4647
  4645
  4642
  4639
  4639
  4641
  4629
  4624
  4619
  4624
  4628
  4631
  4634
  4640
  4641
  4647
  4649
  4650
  4658
  4649
  4653
  4648
  4644
  4643
  4645
  4652
  4649
  4652
  4658
  4656
  4658
  4659
  4672
  4678
  4677
  4684
  4692
  4693
  4691
  4692
  4690
  4687
  4683
  4683
  4684
  4679
  4673
  4670
  4671
  4668
  4667
  4666
  4657
  4651
  4648
  4648
  4649
  4652
  4664
  4671
  4666
  4674
  4682
  4686
  4691
  4694
  4688
  4695
  4688
  4691
  4687
  4685
  4686
  4678
  4669
  4672
  4672
  4669
  4668
  4667
  4661
  4663
  4659
  4654
  4646
  4634
  4622
  4622
  4617
  4601
  4600
  4594
  4591
  4582
  4581
  4580
  4581
  4590
  4586
  4590
  4594
  4592
  4597
  4599
  4599
  4598
  4608
  4615
  4621
  4616
  4619
  4619
  4615
  4608
  4607
  4602
  4597
  4599
  4593
  4594
  4595
  4599
  4608
  4620
  4625
  4634
  4641
  4641
  4635
  4625
  4617
  4609
  4611
  4612
  4613
  4612
  4610
  4608
  4614
  4608
  4613
  4604
  4602
  4601
  4601
  4605
  4601
  4607
  4613
  4619
  4618
  4616
  4607
  4607
  4604
  4598
  4594
  4591
  4592
  4592
  4592
  4596
  4603
  4598
  4611
  4623
  4629
  4636
  4632
  4639
  4644
  4649
  4654
  4651
  4654
  4653
  4652
  4654
  4651
  4649
  4648
  4653
  4650
  4650
  4650
  4655
  4655
  4653
  4650
  4654
  4657
  4662
  4666
  4670
  4684
  4675
  4676
  4682
  4682
  4683
  4682
  4680
  4675
  4672
  4665
  4667
  4664
  4664
  4664
  4658
  4649
  4638
  4630
  4631
  4630
  4619
  4623
  4615
  4599
  4599
  4601
  4598
  4597
  4595
  4594
  4601
  4601
  4607
  4616
  4616
  4621
  4623
  4624
  4621
  4623
  4626
  4617
  4619
  4619
  4619
  4618
  4617
  4609
  4603
  4593
  4582
  4579
  4576
  4576
  4563
  4557
  4559
  4544
  4537
  4534
  4534
  4534
  4535
  4538
  4550
  4552
  4556
  4556
  4558
  4558
  4553
  4553
  4554
  4557
  4566
  4569
  4569
  4561
  4571
  4576
  4575
  4583
  4593
  4586
  4587
  4585
  4587
  4578
  4578
  4574
  4574
  4565
  4558
  4560
  4561
  4566
  4563
  4562
  4575
  4576
  4577
  4577
  4575
  4576
  4584
  4591
  4594
  4587
  4588
  4585
  4585
  4587
  4581
  4580
  4575
  4577
  4577
  4573
  4567
  4566
  4578
  4572
  4569
  4566
  4565
  4564
  4570
  4578
  4581
  4571
  4572
  4575
  4575
  4573
  4572
  4573
  4574
  4568
  4571
  4576
  4576
  4576
  4575
  4577
  4576
  4574
  4577
  4577
  4578
  4569
  4565
  4565
  4573
  4576
  4572
  4570
  4570
  4570
  4565
  4571
  4574
  4570
  4560
  4563
  4564
  4564
  4563
  4560
  4556
  4561
  4562
  4564
  4562
  4562
  4553
  4547
  4538
  4534
  4531
  4536
  4537
  4532
  4537
  4542
  4553
  4559
  4563
  4565
  4569
  4567
  4565
  4558
  4561
  4564
  4568
  4562
  4556
  4557
  4560
  4558
  4555
  4553
  4547
  4541
  4541
  4541
  4541
  4540
  4543
  4555
  4559
  4558
  4556
  4554
  4559
  4557
  4546
  4550
  4548
  4552
  4551
  4554
  4555
  4564
  4554
  4564
  4564
  4571
  4571
  4569
  4567
  4562
  4565
  4556
  4551
  4548
  4546
  4538
  4537
  4531
  4530
  4544
  4543
  4549
  4549
  4545
  4553
  4552
  4555
  4557
  4563
  4570
  4577
  4577
  4584
  4587
  4589
  4595
  4587
  4580
  4572
  4575
  4561
  4557
  4559
  4546
  4529
  4520
  4525
  4531
  4529
  4532
  4542
  4551
  4562
  4558
  4565
  4558
  4549
  4547
  4538
  4533
  4535
  4535
  4535
  4540
  4543
  4544
  4561
  4563
  4567
  4562
  4561
  4561
  4563
  4568
  4554
  4562
  4563
  4569
  4569
  4569
  4562
  4562
  4557
  4552
  4543
  4530
  4528
  4534
  4533
  4536
  4524
  4530
  4535
  4525
  4523
  4522
  4515
  4515
  4508
  4498
  4496
  4497
  4496
  4495
  4493
  4492
  4492
  4480
  4472
  4473
  4478
  4482
  4487
  4496
  4510
  4516
  4519
  4529
  4533
  4535
  4540
  4551
  4541
  4544
  4549
  4546
  4546
  4546
  4548
  4550
  4555
  4566
  4569
  4567
  4566
  4566
  4561
  4558
  4550
  4547
  4528
  4528
  4527
  4524
  4523
  4532
  4532
  4539
  4548
  4548
  4548
  4547
  4546
  4548
  4536
  4531
  4533
  4536
  4535
  4533
  4536
  4541
  4552
  4545
  4551
  4550
  4544
  4548
  4527
  4525
  4513
  4509
  4505
  4497
  4498
  4500
  4502
  4510
  4515
  4522
  4522
  4524
  4523
  4523
  4523
  4513
  4512
  4502
  4493
  4493
  4491
  4490
  4496
  4503
  4502
  4506
  4514
  4511
  4507
  4507
  4506
  4496
  4503
  4488
  4491
  4496
  4496
  4493
  4486
  4479
  4475
  4474
  4475
  4478
  4470
  4468
  4461
  4460
  4450
  4450
  4447
  4446
  4446
  4446
  4448
  4454
  4461
  4460
  4471
  4471
  4468
  4475
  4482
  4486
  4491
  4489
  4498
  4505
  4500
  4501
  4502
  4497
  4510
  4517
  4526
  4527
  4528
  4526
  4518
  4508
  4503
  4502
  4506
  4506
  4507
  4508
  4512
  4517
  4512
  4515
  4522
  4521
  4527
  4519
  4518
  4514
  4502
  4499
  4500
  4497
  4498
  4496
  4495
  4491
  4489
  4489
  4481
  4480
  4479
  4479
  4478
  4486
  4480
  4479
  4479
  4476
  4479
  4481
  4477
  4475
  4474
  4476
  4469
  4475
  4473
  4464
  4469
  4475
  4473
  4466
  4461
  4449
  4447
  4438
  4446
  4464
  4469
  4472
  4473
  4475
  4474
  4474
  4476
  4477
  4472
  4474
  4474
  4479
  4482
  4480
  4478
  4473
  4464
  4452
  4449
  4453
  4453
  4453
  4458
  4461
  4455
  4457
  4462
  4456
  4455
  4457
  4459
  4459
  4462
  4452
  4455
  4461
  4460
  4469
  4475
  4473
  4479
  4489
  4489
  4487
  4488
  4487
  4483
  4488
  4473
  4466
  4454
  4453
  4454
  4455
  4446
  4439
  4442
  4443
  4444
  4442
  4440
  4437
  4434
  4434
  4429
  4428
  4427
  4427
  4426
  4425
  4423
  4432
  4443
  4441
  4447
  4449
  4460
  4458
  4456
  4458
  4465
  4478
  4492
  4497
  4497
  4496
  4500
  4503
  4499
  4492
  4494
  4486
  4486
  4478
  4478
  4474
  4461
  4460
  4462
  4461
  4463
  4456
  4463
  4457
  4458
  4464
  4471
  4475
  4476
  4478
  4478
  4474
  4467
  4471
  4467
  4468
  4453
  4452
  4450
  4451
  4466
  4471
  4477
  4477
  4470
  4464
  4452
  4439
  4443
  4448
  4436
  4425
  4426
  4422
  4410
  4414
  4415
  4420
  4420
  4424
  4425
  4423
  4425
  4423
  4430
  4427
  4429
  4426
  4420
  4421
  4417
  4423
  4418
  4410
  4416
  4393
  4399
  4394
  4387
  4387
  4378
  4377
  4372
  4373
  4374
  4371
  4375
  4381
  4381
  4391
  4397
  4403
  4395
  4392
  4396
  4399
  4407
  4413
  4415
  4422
  4424
  4417
  4415
  4422
  4422
  4415
  4417
  4416
  4408
  4404
  4405
  4409
  4402
  4397
  4399
  4395
  4395
  4398
  4401
  4402
  4401
  4400
  4401
  4403
  4402
  4399
  4388
  4385
  4382
  4376
  4371
  4369
  4363
  4364
  4376
  4388
  4403
  4414
  4416
  4419
  4420
  4420
  4421
  4424
  4431
  4442
  4443
  4438
  4437
  4437
  4442
  4457
  4457
  4460
  4463
  4457
  4457
  4455
  4459
  4466
  4468
  4479
  4496
  4496
  4495
  4498
  4490
  4470
  4466
  4460
  4467
  4470
  4470
  4470
  4468
  4463
  4459
  4441
  4437
  4430
  4423
  4416
  4415
  4406
  4394
  4381
  4368
  4366
  4366
  4369
  4370
  4374
  4385
  4386
  4385
  4393
  4400
  4399
  4391
  4388
  4379
  4372
  4350
  4349
  4344
  4343
  4327
  4329
  4318
  4318
  4322
  4321
  4321
  4321
  4321
  4321
  4313
  4302
  4303
  4305
  4304
  4304
  4300
  4303
  4303
  4321
  4324
  4328
  4325
  4335
  4336
  4338
  4341
  4340
  4333
  4340
  4333
  4335
  4337
  4340
  4341
  4351
  4350
  4351
  4349
  4349
  4354
  4348
  4356
  4363
  4369
  4370
  4376
  4385
  4394
  4399
  4400
  4400
  4397
  4397
  4398
  4398
  4394
  4398
  4406
  4416
  4421
  4420
  4419
  4419
  4422
  4413
  4420
  4417
  4418
  4413
  4415
  4405
  4405
  4406
  4405
  4413
  4408
  4412
  4412
  4410
  4412
  4410
  4413
  4416
  4412
  4403
  4407
  4403
  4408
  4408
  4415
  4407
  4402
  4399
  4399
  4394
  4399
  4397
  4400
  4406
  4413
  4409
  4416
  4422
  4421
  4426
  4431
  4425
  4431
  4434
  4424
  4421
  4413
  4421
  4423
  4419
  4417
  4418
  4412
  4417
  4421
  4425
  4424
  4425
  4421
  4420
  4419
  4418
  4423
  4423
  4417
  4409
  4401
  4397
  4392
  4376
  4376
  4382
  4377
  4380
  4382
  4387
  4381
  4376
  4380
  4384
  4378
  4373
  4373
  4369
  4356
  4353
  4356
  4354
  4362
  4362
  4365
  4372
  4376
  4376
  4372
  4359
  4362
  4346
  4345
  4338
  4335
  4334
  4330
  4330
  4325
  4330
  4322
  4318
  4315
  4317
  4320
  4320
  4329
  4335
  4338
  4340
  4341
  4342
  4339
  4337
  4340
  4340
  4336
  4330
  4325
  4329
  4323
  4317
  4319
  4317
  4310
  4304
  4302
  4297
  4279
  4272
  4276
  4260
  4249
  4238
  4241
  4243
  4251
  4250
  4254
  4269
  4275
  4282
  4286
  4284
  4297
  4304
  4306
  4313
  4320
  4331
  4332
  4323
  4322
  4323
  4315
  4316
  4313
  4316
  4313
  4311
  4307
  4301
  4303
  4290
  4279
  4284
  4280
  4274
  4277
  4275
  4286
  4284
  4285
  4288
  4289
  4289
  4286
  4281
  4280
  4281
  4274
  4275
  4269
  4271
  4275
  4277
  4284
  4295
  4298
  4304
  4304
  4305
  4308
  4312
  4309
  4319
  4327
  4328
  4330
  4335
  4339
  4344
  4350
  4351
  4355
  4355
  4356
  4355
  4353
  4340
  4313
  4313
  4307
  4305
  4304
  4303
  4302
  4305
  4305
  4303
  4301
  4299
  4299
  4301
  4306
  4308
  4308
  4309
  4306
  4308
  4308
  4305
  4300
  4302
  4298
  4308
  4307
  4305
  4303
  4305
  4311
  4323
  4323
  4322
  4322
  4322
  4316
  4312
  4312
  4324
  4318
  4323
  4331
  4332
  4331
  4331
  4323
  4324
  4336
  4342
  4340
  4344
  4347
  4344
  4341
  4335
  4325
  4326
  4324
  4321
  4320
  4325
  4328
  4330
  4334
  4341
  4346
  4340
  4343
  4342
  4338
  4338
  4338
  4332
  4329
  4333
  4329
  4330
  4329
  4334
  4329
  4328
  4321
  4323
  4322
  4321
  4321
  4314
  4312
  4313
  4309
  4311
  4308
  4320
  4309
  4309
  4314
  4317
  4316
  4305
  4305
  4307
  4304
  4308
  4308
  4317
  4320
  4313
  4311
  4302
  4304
  4294
  4299
  4293
  4292
  4289
  4284
  4283
  4283
  4283
  4273
  4266
  4274
  4275
  4272
  4270
  4270
  4266
  4263
  4256
  4253
  4246
  4233
  4235
  4233
  4225
  4227
  4225
  4217
  4210
  4210
  4214
  4207
  4201
  4200
  4203
  4204
  4208
  4209
  4209
  4204
  4192
  4192
  4183
  4179
  4177
  4177
  4184
  4183
  4182
  4177
  4179
  4178
  4183
  4178
  4178
  4176
  4164
  4166
  4159
  4163
  4156
  4154
  4153
  4151
  4158
  4158
  4155
  4154
  4157
  4158
  4157
  4153
  4152
  4170
  4181
  4179
  4184
  4183
  4182
  4186
  4190
  4207
  4225
  4236
  4234
  4235
  4234
  4234
  4216
  4216
  4222
  4222
  4222
  4217
  4215
  4219
  4215
  4217
  4223
  4219
  4209
  4207
  4205
  4202
  4199
  4198
  4191
  4183
  4189
  4187
  4186
  4174
  4166
  4158
  4148
  4139
  4137
  4140
  4142
  4137
  4134
  4130
  4125
  4120
  4108
  4105
  4106
  4107
  4107
  4103
  4097
  4100
  4098
  4097
  4093
  4086
  4079
  4077
  4065
  4066
  4067
  4067
  4066
  4070
  4066
  4069
  4067
  4069
  4071
  4071
  4068
  4068
  4067
  4071
  4073
  4071
  4064
  4065
  4056
  4049
  4047
  4052
  4048
  4038
  4038
  4037
  4036
  4030
  4032
  4037
  4030
  4035
  4030
  4031
  4030
  4036
  4042
  4044
  4059
  4068
  4069
  4082
  4092
  4098
  4108
  4112
  4117
  4128
  4132
  4138
  4140
  4153
  4156
  4160
  4159
  4162
  4162
  4163
  4154
  4152
  4150
  4144
  4135
  4135
  4130
  4130
  4130
  4129
  4120
  4109
  4107
  4103
  4092
  4084
  4080
  4084
  4084
  4095
  4107
  4116
  4121
  4121
  4132
  4127
  4118
  4117
  4111
  4111
  4107
  4104
  4103
  4110
  4119
  4127
  4143
  4153
  4159
  4160
  4158
  4150
  4153
  4145
  4135
  4131
  4126
  4124
  4122
  4119
  4126
  4120
  4110
  4109
  4113
  4109
  4108
  4098
  4093
  4089
  4067
  4070
  4064
  4061
  4060
  4068
  4061
  4078
  4084
  4095
  4100
  4097
  4094
  4093
  4090
  4082
  4082
  4073
  4071
  4073
  4068
  4079
  4091
  4101
  4116
  4120
  4121
  4121
  4118
  4125
  4131
  4135
  4131
  4130
  4135
  4136
  4136
  4139
  4147
  4152
  4161
  4158
  4156
  4156
  4154
  4153
  4149
  4145
  4138
  4145
  4143
  4135
  4131
  4128
  4140
  4138
  4138
  4143
  4150
  4151
  4148
  4147
  4138
  4137
  4138
  4137
  4137
  4138
  4141
  4140
  4129
  4124
  4120
  4120
  4118
  4110
  4104
  4102
  4099
  4098
  4102
  4101
  4097
  4095
  4096
  4093
  4079
  4074
  4072
  4071
  4064
  4064
  4063
  4053
  4055
  4051
  4037
  4036
  4033
  4031
  4031
  4034
  4034
  4027
  4029
  4033
  4020
  4010
  4013
  4020
  4031
  4041
  4044
  4048
  4052
  4052
  4052
  4057
  4066
  4079
  4081
  4093
  4091
  4091
  4089
  4096
  4098
  4100
  4107
  4114
  4111
  4110
  4110
  4099
  4092
  4075
  4072
  4072
  4073
  4073
  4074
  4075
  4082
  4081
  4075
  4074
  4073
  4065
  4067
  4069
  4084
  4091
  4094
  4100
  4101
  4101
  4098
  4101
  4102
  4113
  4119
  4115
  4111
  4103
  4106
  4113
  4121
  4130
  4131
  4132
  4125
  4122
  4127
  4122
  4125
  4129
  4126
  4127
  4131
  4131
  4132
  4130
  4131
  4128
  4133
  4134
  4139
  4140
  4137
  4133
  4129
  4131
  4125
  4123
  4125
  4124
  4123
  4130
  4125
  4124
  4133
  4126
  4125
  4132
  4137
  4132
  4136
  4138
  4136
  4141
  4141
  4141
  4140
  4139
  4135
  4146
  4162
  4160
  4164
  4164
  4162
  4148
  4145
  4147
  4142
  4136
  4135
  4133
  4135
  4133
  4140
  4149
  4145
  4147
  4147
  4149
  4146
  4142
  4139
  4126
  4126
  4119
  4127
  4111
  4113
  4103
  4103
  4087
  4089
  4087
  4090
  4090
  4090
  4083
  4081
  4081
  4081
  4072
  4069
  4069
  4069
  4070
  4063
  4064
  4067
  4068
  4067
  4070
  4066
  4066
  4054
  4058
  4056
  4059
  4058
  4057
  4058
  4062
  4067
  4084
  4088
  4090
  4093
  4092
  4090
  4090
  4089
  4101
  4106
  4115
  4118
  4122
  4117
  4116
  4112
  4106
  4102
  4099
  4106
  4105
  4098
  4099
  4088
  4100
  4101
  4098
  4097
  4097
  4096
  4098
  4092
  4082
  4082
  4080
  4081
  4082
  4081
  4085
  4093
  4093
  4094
  4091
  4085
  4090
  4095
  4094
  4098
  4105
  4108
  4109
  4107
  4109
  4111
  4108
  4109
  4096
  4092
  4091
  4090
  4086
  4082
  4081
  4086
  4096
  4088
  4093
  4088
  4089
  4088
  4087
  4075
  4069
  4060
  4061
  4060
  4054
  4042
  4046
  4048
  4046
  4055
  4060
  4064
  4060
  4060
  4064
  4060
  4067
  4071
  4073
  4065
  4072
  4078
  4082
  4080
  4086
  4091
  4090
  4090
  4094
  4099
  4100
  4100
  4102
  4111
  4114
  4117
  4113
  4106
  4107
  4093
  4090
  4077
  4073
  4071
  4072
  4070
  4075
  4077
  4096
  4099
  4089
  4095
  4093
  4094
  4091
  4089
  4091
  4099
  4097
  4094
  4093
  4094
  4093
  4092
  4088
  4081
  4076
  4071
  4071
  4060
  4058
  4055
  4045
  4043
  4038
  4035
  4033
  4032
  4038
  4034
  4015
  4017
  4018
  4018
  4023
  4022
  4027
  4031
  4032
  4043
  4048
  4050
  4050
  4050
  4047
  4045
  4047
  4033
  4035
  4026
  4027
  4028
  4038
  4044
  4041
  4042
  4040
  4049
  4050
  4049
  4048
  4043
  4036
  4032
  4034
  4033
  4033
  4029
  4030
  4040
  4051
  4059
  4059
  4066
  4065
  4066
  4064
  4063
  4043
  4044
  4037
  4042
  4045
  4039
  4034
  4030
  4020
  4019
  4016
  4012
  4012
  4012
  4005
  4004
  4007
  3996
  3996
  3997
  3999
  3998
  3996
  3994
  3998
  3993
  3984
  3983
  3980
  3982
  3987
  3991
  3992
  3996
  4002
  4007
  4004
  4005
  4004
  4004
  4012
  4010
  4032
  4029
  4031
  4030
  4039
  4043
  4048
  4053
  4066
  4067
  4061
  4060
  4052
  4048
  4041
  4042
  4040
  4033
  4028
  4030
  4024
  4011
  4007
  3997
  3996
  3999
  3998
  3997
  3993
  3983
  3975
  3975
  3967
  3967
  3967
  3969
  3965
  3962
  3954
  3947
  3941
  3943
  3933
  3929
  3933
  3932
  3927
  3929
  3921
  3911
  3907
  3906
  3903
  3902
  3893
  3895
  3890
  3891
  3893
  3891
  3899
  3905
  3905
  3908
  3914
  3921
  3922
  3923
  3925
  3923
  3916
  3910
  3910
  3905
  3903
  3902
  3897
  3889
  3877
  3870
  3862
  3856
  3856
  3855
  3855
  3852
  3854
  3852
  3841
  3838
  3831
  3827
  3822
  3824
  3837
  3830
  3833
  3831
  3829
  3829
  3833
  3842
  3850
  3862
  3870
  3874
  3882
  3886
  3887
  3887
  3897
  3906
  3904
  3904
  3908
  3905
  3910
  3904
  3906
  3910
  3914
  3902
  3901
  3907
  3915
  3921
  3926
  3932
  3939
  3942
  3950
  3954
  3955
  3962
  3968
  3977
  3980
  3978
  3978
  3979
  3978
  3982
  3983
  3979
  3985
  3986
  3981
  3978
  3978
  3974
  3969
  3962
  3956
  3952
  3952
  3955
  3958
  3959
  3965
  3976
  3981
  3983
  3982
  3980
  3977
  3967
  3958
  3959
  3954
  3949
  3955
  3956
  3960
  3963
  3969
  3978
  3974
  3974
  3976
  3971
  3966
  3956
  3965
  3968
  3962
  3963
  3963
  3963
  3960
  3969
  3982
  3992
  3998
  3996
  4000
  3998
  3995
  3990
  3969
  3973
  3977
  3972
  3973
  3974
  3975
  3965
  3961
  3950
  3948
  3941
  3929
  3930
  3930
  3925
  3925
  3916
  3911
  3906
  3907
  3904
  3902
  3909
  3922
  3925
  3936
  3940
  3943
  3950
  3959
  3957
  3958
  3970
  3977
  3982
  3985
  3982
  3980
  3984
  3985
  3993
  4003
  4000
  3999
  3999
  4001
  4004
  4012
  4024
  4024
  4027
  4019
  4012
  4011
  4002
  4000
  3994
  3981
  3977
  3978
  3976
  3974
  3963
  3960
  3951
  3948
  3949
  3948
  3947
  3949
  3937
  3930
  3918
  3915
  3916
  3911
  3910
  3914
  3919
  3916
  3913
  3915
  3909
  3910
  3913
  3915
  3924
  3917
  3919
  3929
  3927
  3929
  3935
  3943
  3949
  3948
  3957
  3963
  3965
  3961
  3951
  3943
  3951
  3947
  3938
  3923
  3918
  3916
  3922
  3919
  3907
  3904
  3895
  3881
  3883
  3882
  3883
  3888
  3899
  3913
  3921
  3927
  3929
  3931
  3927
  3926
  3913
  3908
  3907
  3915
  3921
  3921
  3923
  3924
  3937
  3953
  3961
  3968
  3971
  3967
  3965
  3963
  3962
  3969
  3961
  3958
  3956
  3951
  3955
  3960
  3959
  3958
  3954
  3956
  3961
  3956
  3953
  3950
  3949
  3945
  3938
  3938
  3947
  3946
  3943
  3942
  3937
  3929
  3927
  3923
  3915
  3912
  3911
  3913
  3915
  3918
  3932
  3935
  3935
  3933
  3932
  3933
  3935
  3930
  3932
  3929
  3921
  3919
  3922
  3932
  3930
  3936
  3946
  3951
  3958
  3952
  3948
  3953
  3953
  3954
  3959
  3968
  3967
  3967
  3963
  3955
  3952
  3942
  3944
  3928
  3925
  3922
  3911
  3911
  3902
  3889
  3882
  3882
  3882
  3882
  3881
  3879
  3872
  3874
  3867
  3861
  3859
  3858
  3863
  3861
  3868
  3878
  3890
  3895
  3893
  3896
  3896
  3899
  3904
  3909
  3927
  3939
  3938
  3945
  3943
  3942
  3925
  3926
  3917
  3916
  3911
  3903
  3906
  3899
  3897
  3894
  3886
  3888
  3892
  3893
  3895
  3905
  3903
  3907
  3921
  3928
  3930
  3937
  3946
  3950
  3957
  3959
  3959
  3970
  3978
  3979
  3981
  3985
  3981
  3961
  3960
  3957
  3961
  3959
  3954
  3956
  3951
  3951
  3954
  3958
  3955
  3951
  3949
  3951
  3952
  3948
  3944
  3947
  3949
  3947
  3945
  3947
  3950
  3955
  3962
  3965
  3971
  3971
  3971
  3971
  3972
  3979
  3976
  3987
  3990
  3991
  3990
  3988
  3979
  3977
  3968
  3962
  3957
  3955
  3955
  3950
  3944
  3927
  3921
  3918
  3917
  3916
  3915
  3918
  3923
  3929
  3942
  3946
  3947
  3946
  3945
  3946
  3944
  3950
  3959
  3963
  3965
  3968
  3982
  3990
  3989
  3988
  3986
  3983
  3990
  3987
  3991
  3997
  3995
  3998
  3996
  4000
  4005
  4007
  4007
  4009
  4005
  4002
  4003
  4001
  4002
  4003
  4002
  4000
  3993
  3991
  3991
  3985
  3976
  3977
  3974
  3970
  3967
  3960
  3955
  3951
  3954
  3956
  3948
  3947
  3952
  3943
  3944
  3946
  3950
  3950
  3936
  3931
  3926
  3921
  3920
  3920
  3925
  3923
  3923
  3919
  3916
  3918
  3916
  3912
  3912
  3907
  3904
  3898
  3903
  3905
  3894
  3885
  3884
  3886
  3891
  3894
  3901
  3904
  3907
  3914
  3912
  3912
  3913
  3906
  3906
  3899
  3899
  3900
  3893
  3898
  3897
  3899
  3904
  3912
  3915
  3929
  3927
  3919
  3922
  3925
  3917
  3916
  3908
  3902
  3901
  3900
  3901
  3902
  3908
  3914
  3914
  3920
  3922
  3923
  3919
  3917
  3914
  3908
  3903
  3897
  3898
  3894
  3899
  3902
  3901
  3894
  3899
  3893
  3900
  3908
  3909
  3913
  3917
  3926
  3936
  3948
  3943
  3939
  3939
  3940
  3938
  3940
  3947
  3949
  3945
  3941
  3941
  3933
  3930
  3923
  3920
  3916
  3912
  3912
  3919
  3926
  3934
  3944
  3949
  3954
  3957
  3958
  3961
  3956
  3958
  3948
  3943
  3938
  3937
  3935
  3935
  3937
  3934
  3938
  3942
  3945
  3942
  3943
  3942
  3942
  3945
  3944
  3925
  3923
  3923
  3920
  3921
  3921
  3921
  3922
  3931
  3935
  3939
  3943
  3940
  3943
  3958
  3967
  3976
  3985
  3980
  3982
  3974
  3969
  3963
  3947
  3931
  3924
  3928
  3927
  3926
  3926
  3927
  3917
  3918
  3929
  3927
  3925
  3923
  3916
  3906
  3912
  3902
  3899
  3894
  3894
  3894
  3898
  3911
  3911
  3923
  3923
  3922
  3921
  3920
  3916
  3911
  3910
  3915
  3918
  3921
  3920
  3919
  3923
  3915
  3917
  3909
  3914
  3912
  3913
  3913
  3912
  3920
  3920
  3931
  3933
  3928
  3928
  3926
  3926
  3934
  3941
  3943
  3939
  3938
  3937
  3938
  3940
  3949
  3949
  3945
  3944
  3949
  3947
  3940
  3941
  3938
  3932
  3932
  3934
  3937
  3938
  3941
  3937
  3937
  3943
  3945
  3950
  3952
  3954
  3954
  3955
  3954
  3955
  3959
  3966
  3968
  3965
  3963
  3964
  3964
  3968
  3962
  3959
  3956
  3956
  3958
  3957
  3963
  3956
  3945
  3936
  3930
  3928
  3927
  3919
  3929
  3939
  3946
  3940
  3951
  3953
  3946
  3946
  3945
  3938
  3931
  3917
  3918
  3913
  3913
  3913
  3914
  3911
  3914
  3906
  3896
  3898
  3898
  3897
  3892
  3887
  3884
  3880
  3873
  3867
  3870
  3874
  3881
  3881
  3898
  3893
  3892
  3894
  3893
  3892
  3899
  3899
  3916
  3925
  3927
  3927
  3927
  3924
  3925
  3923
  3915
  3911
  3913
  3913
  3908
  3905
  3902
  3901
  3905
  3907
  3902
  3902
  3899
  3905
  3908
  3909
  3916
  3922
  3916
  3918
  3917
  3920
  3919
  3920
  3914
  3913
  3902
  3908
  3911
  3906
  3908
  3916
  3922
  3927
  3928
  3928
  3926
  3923
  3912
  3905
  3899
  3896
  3892
  3892
  3892
  3892
  3888
  3875
  3871
  3862
  3862
  3862
  3860
  3857
  3856
  3857
  3860
  3848
  3849
  3848
  3848
  3854
  3861
  3872
  3881
  3880
  3883
  3892
  3893
  3895
  3900
  3913
  3918
  3924
  3931
  3928
  3926
  3923
  3912
  3920
  3932
  3936
  3934
  3931
  3932
  3936
  3929
  3938
  3932
  3936
  3933
  3938
  3940
  3945
  3953
  3952
  3952
  3950
  3953
  3955
  3955
  3960
  3959
  3965
  3969
  3969
  3965
  3964
  3960
  3961
  3967
  3974
  3969
  3979
  3982
  3983
  3983
  3979
  3975
  3962
  3958
  3957
  3955
  3953
  3952
  3943
  3934
  3928
  3926
  3906
  3910
  3911
  3912
  3917
  3927
  3930
  3934
  3933
  3931
  3937
  3941
  3951
  3948
  3948
  3950
  3950
  3952
  3951
  3951
  3952
  3962
  3953
  3960
  3968
  3974
  3970
  3966
  3956
  3945
  3935
  3926
  3916
  3913
  3912
  3912
  3914
  3901
  3899
  3902
  3898
  3899
  3902
  3895
  3897
  3905
  3911
  3907
  3902
  3903
  3903
  3908
  3903
  3901
  3897
  3895
  3896
  3893
  3892
  3893
  3891
  3898
  3903
  3911
  3915
  3916
  3915
  3913
  3915
  3925
  3914
  3908
  3911
  3914
  3918
  3923
  3915
  3915
  3917
  3919
  3922
  3925
  3925
  3924
  3924
  3927
  3926
  3923
  3913
  3915
  3913
  3913
  3912
  3905
  3898
  3893
  3883
  3876
  3876
  3876
  3887
  3887
  3880
  3878
  3872
  3870
  3869
  3865
  3860
  3856
  3846
  3842
  3843
  3843
  3842
  3842
  3849
  3860
  3866
  3871
  3873
  3881
  3881
  3877
  3880
  3886
  3890
  3905
  3911
  3910
  3914
  3910
  3906
  3912
  3922
  3926
  3930
  3927
  3926
  3924
  3922
  3923
  3922
  3923
  3919
  3926
  3928
  3935
  3929
  3934
  3930
  3936
  3922
  3923
  3922
  3921
  3917
  3913
  3902
  3907
  3904
  3904
  3902
  3904
  3908
  3911
  3903
  3910
  3909
  3905
  3912
  3917
  3917
  3918
  3924
  3933
  3940
  3938
  3937
  3947
  3945
  3946
  3938
  3941
  3932
  3935
  3936
  3935
  3935
  3936
  3930
  3928
  3928
  3923
  3918
  3926
  3921
  3911
  3896
  3894
  3896
  3891
  3888
  3886
  3887
  3882
  3875
  3875
  3856
  3851
  3849
  3851
  3852
  3862
  3865
  3868
  3876
  3877
  3874
  3868
  3860
  3860
  3857
  3850
  3849
  3839
  3837
  3841
  3842
  3839
  3841
  3839
  3848
  3849
  3848
  3849
  3844
  3842
  3833
  3829
  3832
  3832
  3832
  3831
  3834
  3837
  3851
  3853
  3856
  3855
  3855
  3855
  3850
  3856
  3867
  3876
  3873
  3878
  3880
  3877
  3881
  3873
  3866
  3860
  3850
  3845
  3845
  3844
  3846
  3848
  3844
  3833
  3838
  3827
  3827
  3821
  3823
  3818
  3812
  3812
  3801
  3803
  3807
  3806
  3809
  3805
  3802
  3799
  3789
  3786
  3786
  3784
  3784
  3778
  3777
  3773
  3763
  3756
  3756
  3753
  3748
  3749
  3751
  3754
  3753
  3754
  3757
  3755
  3750
  3749
  3743
  3741
  3743
  3743
  3742
  3740
  3740
  3739
  3725
  3723
  3731
  3724
  3726
  3727
  3731
  3739
  3741
  3752
  3763
  3771
  3780
  3781
  3785
  3787
  3797
  3806
  3812
  3817
  3814
  3815
  3808
  3806
  3802
  3794
  3783
  3783
  3783
  3787
  3795
  3801
  3802
  3813
  3822
  3829
  3838
  3840
  3835
  3831
  3841
  3841
  3843
  3844
  3846
  3845
  3837
  3822
  3820
  3812
  3803
  3806
  3807
  3801
  3802
  3800
  3805
  3811
  3820
  3820
  3818
  3817
  3817
  3823
  3841
  3853
  3857
  3862
  3867
  3864
  3862
  3866
  3851
  3848
  3853
  3844
  3842
  3842
  3844
  3850
  3854
  3858
  3858
  3854
  3847
  3841
  3838
  3831
  3823
  3822
  3819
  3817
  3817
  3817
  3815
  3821
  3823
  3827
  3834
  3838
  3838
  3837
  3833
  3845
  3843
  3850
  3859
  3855
  3854
  3855
  3846
  3845
  3846
  3842
  3841
  3837
  3833
  3826
  3833
  3838
  3845
  3843
  3844
  3849
  3841
  3839
  3834
  3832
  3816
  3807
  3802
  3793
  3793
  3799
  3790
  3787
  3769
  3766
  3757
  3757
  3757
  3756
  3752
  3755
  3753
  3744
  3738
  3732
  3731
  3727
  3732
  3740
  3749
  3755
  3764
  3772
  3780
  3786
  3794
  3801
  3797
  3800
  3807
  3806
  3809
  3816
  3818
  3825
  3835
  3842
  3854
  3851
  3849
  3846
  3836
  3828
  3822
  3816
  3807
  3799
  3798
  3797
  3796
  3794
  3793
  3794
  3793
  3786
  3785
  3777
  3769
  3772
  3766
  3756
  3755
  3757
  3757
  3759
  3764
  3769
  3781
  3780
  3780
  3780
  3778
  3777
  3776
  3788
  3788
  3793
  3798
  3806
  3809
  3813
  3811
  3805
  3803
  3798
  3794
  3786
  3781
  3781
  3777
  3770
  3762
  3764
  3758
  3752
  3755
  3758
  3759
  3763
  3774
  3785
  3793
  3796
  3797
  3798
  3800
  3804
  3808
  3812
  3815
  3823
  3831
  3840
  3852
  3850
  3853
  3850
  3847
  3845
  3850
  3849
  3854
  3855
  3859
  3863
  3855
  3857
  3857
  3856
  3849
  3852
  3850
  3845
  3856
  3858
  3856
  3855
  3854
  3861
  3862
  3869
  3854
  3858
  3857
  3855
  3855
  3842
  3840
  3840
  3837
  3833
  3833
  3834
  3830
  3826
  3823
  3817
  3808
  3812
  3807
  3802
  3797
