        0
        0
        0
        0
        0
        0
        0
        0
        0
        0
        0
        0
        0
        0
        0
        0
        0
      -76
      578
     1890
   -13175
   -20381
    85292
   109453
  -242379
  -768369
 -1334259
 -1395457
   120037
  1776566
  1644533
  1476166
  1532569
  -618249
 -2896113
 -2047997
   -14210
   993069
  1608449
  2187418
  2643687
  2892106
  2009121
   115703
 -1025930
 -1259768
 -1785011
 -1985486
  -900030
   336693
   567288
   589997
   447463
 -1263408
 -3385166
 -3373815
 -1804584
  -217729
  1612152
  3081728
  2565327
   640559
  -717108
 -1118147
  -940139
  -472064
   -79835
   332645
   162172
 -1036144
 -1103574
   942731
  2375987
  1763663
   904690
  1084755
  1301384
   580603
  -485702
 -1432276
 -2238956
 -2091565
  -624848
  1170186
  1950738
  1329517
   925064
  1742602
  1775432
   268302
  -442027
  -286715
 -1095457
 -1528148
  -138830
  1132543
  1008218
   194363
  -747033
 -1132453
  -869851
  -458563
   362489
   994885
   314449
 -1258470
 -2946814
 -3522596
 -1930808
    20798
   611306
   644581
   140802
 -1260508
 -2147908
 -2220544
 -2567414
 -1955758
   340210
  1221024
  -391051
 -1751350
 -2362167
 -2897876
 -1916620
   497120
  1835148
   978887
  -777177
 -1556676
 -1581254
 -2308160
 -2479112
  -766161
   460248
   178026
   258930
   379845
  -166907
   187336
  1783722
  3200893
  2955425
   443056
 -2013224
 -2036435
 -1304605
 -1148487
   206863
  2001522
  1070557
 -1297506
 -1300733
    95817
  -466881
 -2147342
 -1986113
  -298931
   558821
   -13388
  -983962
 -1199060
   104964
  1556421
   646126
 -1443267
 -1698338
  -882695
  -914249
  -915442
   330181
  1385672
  -139877
 -2772633
 -1945137
  1869805
  2896165
   107315
 -1870163
 -1861361
 -2214626
 -2543857
 -1500993
  -274287
  -141238
  -708061
 -1107435
  -211108
  2159118
  3111366
   577490
 -1685628
  -692557
   -82810
 -1520816
 -1157537
  1612276
  3409182
  3523461
  3542409
  3274961
  1190162
 -1426855
 -1421913
   287902
   497015
  -269825
  -245245
   -29255
  -458741
 -1584872
 -2801793
 -2655648
  -955133
   900834
  1652339
  -156998
 -3559863
 -4123121
 -1184270
  1201636
  1633793
   756807
 -1371581
 -2944599
 -2827597
 -2204136
  -945587
  1152379
  2312688
  1786617
   433761
  -806505
 -1050701
  -387661
   307819
   806460
   905071
   747093
  1832663
  3650403
  3382696
  1637617
   965822
   469792
  -648420
  -805833
  -297034
   198306
  1842818
  3341714
  2076479
  -217461
  -838607
 -1058067
 -1828343
 -1303009
   474443
  1580249
  1762375
  1257619
  -239481
 -2389886
 -3736232
 -2805706
  -915619
  -767967
 -1433439
  -767766
    29803
  -249479
  -510015
   -40688
   460438
  -390601
 -2380938
 -2988874
 -1801108
 -1171700
 -1597030
 -2135148
 -2720251
 -2844173
 -1918718
  -607216
   627190
  1390300
   373190
 -1701495
 -2000794
  -511301
   740185
  1549511
  1888327
  1131650
   -75019
  -624900
   306022
  1834927
  1178768
  -488579
   313845
  1265675
    30555
   -93405
  1278657
   992089
  -400085
 -1115132
 -1069163
     3199
  1296504
  1029127
  -542277
 -1540936
  -837865
   886927
  1940069
  2429236
  3680996
  3569106
  -297632
 -4099515
 -3760995
 -1290461
   465905
   950542
   -54511
 -1454288
 -1556215
  -592120
   807273
  2048840
  1312041
  -896756
 -1094255
   990015
  2565619
  2715612
  1869778
   174001
 -1961115
 -3187277
 -2076681
   -73790
   -80741
 -1710449
 -2381016
 -1243863
   120740
    62529
  -665838
  -795723
  -904108
  -957603
   328092
  2295399
  2514753
   408084
 -1326501
  -629777
   536224
  -160276
 -1785460
 -2192313
 -1315913
  -862614
  -679989
   225944
   116530
 -1357151
  -955379
  1488736
  1708301
 -1253584
 -2602627
   689703
  4810140
  4594405
   786393
 -1699077
  -980656
   230063
  -468561
 -2133170
 -1897044
  1254630
  4108764
  3389185
   790875
  -412435
   522486
  2550122
  2824841
    46361
 -1735840
   269240
  2313712
   902191
 -1582003
 -1378098
   356804
   142306
 -1461917
 -2067262
 -1884812
 -1278177
   484945
  2079043
  1493243
   394625
  1282510
  2590261
  2126784
   817642
   208151
   687406
  1310274
   706709
   120347
  1104376
  1073302
 -1101382
 -1401410
  1068283
  2933792
  3618595
  3002067
  -304977
 -2973750
 -1045520
  2004914
  1553653
  -921637
 -2149990
 -1949273
 -2061741
 -2462180
 -1290251
   744072
   819586
  -488264
   -61807
  2022748
  2644876
   491661
 -2034116
 -2342863
 -1248019
 -1175751
 -2825315
 -4469938
 -3793841
 -1293622
   126198
  -118633
  -255475
  -128143
  -666331
 -1123125
  -526087
   165753
  -280755
 -1124385
  -830880
    72641
   -34628
  -635263
  -361375
    -2022
 -1269722
 -3147614
 -2289606
  1129382
  2589300
   684160
 -1050157
  -851241
  -651995
  -816725
    60440
   503151
 -1125538
 -2123228
  -847278
  -376829
 -2003540
 -2645165
 -1125955
    -6610
  -777498
 -2457698
 -3331137
 -2591402
 -1151415
   328244
  1713810
  1196356
 -1513959
 -3049259
 -1966278
  -481420
  -157984
  -599150
 -1130328
 -1511353
 -1493343
 -1190636
 -1461671
 -1919002
 -1350349
  -354273
   634822
  2460558
  4032220
  3309306
  1001163
  -894087
 -1922498
 -2578262
 -2539818
  -859976
  1839077
  2965458
  1484552
  -479483
  -531785
  1529321
  3532370
  3420284
  2106753
  1463170
  1677025
  2387524
  2750030
  1558943
  -214051
  -110426
  1668410
  2408040
  1480242
   638659
   152914
  -216657
   615952
  1601300
   166219
 -2203498
 -2100513
   -51314
  1497632
  1999681
  1819446
   838119
  -786803
 -1666995
 -1271407
 -1423855
 -2671665
 -3297570
 -2450782
  -848705
  -277670
 -1627964
 -2814541
 -2293678
 -1903473
 -3018803
 -3997413
 -3185342
 -1010101
  1097450
  1493115
  -573838
 -3127379
 -3368698
 -1779340
  -879488
 -1302510
 -1530445
  -593121
   228839
   369891
  1354338
  2367457
  1001023
 -1414645
 -1797298
   -76509
  1186190
   237369
 -1514074
 -1521415
   118844
   860295
  -661297
 -2166218
  -248629
  3370832
  3324515
  -139729
 -2079599
 -1777320
 -1834333
 -2181970
  -876631
  2039552
  4123090
  3367297
  1076867
   255965
   563151
    47138
  -148201
   246835
  -844286
 -2002797
  -943745
   637464
  1561180
  2316158
  1856169
   424628
  -187509
  -343170
    12614
  1555186
  1703207
  -204788
  -156465
  2271426
  3305006
  2143945
   744665
   307560
   694684
   822993
   106644
  -801129
 -1335134
 -1713751
 -1832786
  -865751
   444042
  -352951
 -2808972
 -3265857
  -994372
  1065586
  1143643
  -333304
 -1825220
 -1674955
  -202645
   949739
  1200696
   871408
   346519
  -130753
  -639844
 -1402167
 -1696519
  -335023
  1303094
   744482
  -741085
  -302945
  1547572
  1914980
  -618272
 -3339662
 -2174246
  1654910
  2961253
   856991
  -874768
  -426514
   697047
  1284128
  1601088
  1546906
   732575
   -99840
  -453503
  -788433
 -1075538
 -1093747
  -757233
  -207740
  -721264
 -2216983
 -2026206
  -260472
  -518299
 -2219079
 -1049719
  2279632
  3303710
  1173637
 -1446647
 -1701621
   671885
  2297059
  1456074
   634626
   620611
   -96189
  -844364
 -1337032
 -2745763
 -3165603
  -476313
  2873951
  3804836
  2425882
  1014259
   753251
   485912
    98197
   510798
   752017
   164317
    77993
   945825
  1194273
   385039
   342243
   919626
   437314
  -272595
  -579644
 -1304072
 -1489983
  -978958
 -1898032
 -3601014
 -3525519
 -2331725
 -1288532
  -164070
  -606008
 -2626635
 -2060922
  1130942
  2255529
   778022
  -174595
   337260
  1150018
  1464937
  1457045
  1423288
  1215428
   360634
 -1235681
 -2146792
 -1244102
  -135164
  -343557
  -365611
  1633033
  3974852
  3086110
  -127320
 -1118857
   192120
   537563
  -280746
  -857797
  -703331
   796038
  2583086
  1475593
 -1847194
 -2432692
    85254
  1544067
  1417200
  1818359
  2983635
  3735360
  2322862
  -996641
 -2553540
 -1357745
  -729380
 -1186689
  -367140
  1142861
  1204389
   110170
 -1076887
 -2472597
 -3081464
 -1710598
  -433438
 -1006843
 -1789545
 -1682747
 -1398706
 -1218574
 -1274038
 -1884719
 -2406480
 -1393177
   679761
  1442161
   517821
  -242802
  -251540
  -625596
 -1551702
 -1866539
 -1512085
 -1372519
 -1076815
  -168419
   784993
  1321175
  1224202
   370028
  -278383
   519428
  2111357
  2342747
   286803
 -2104486
 -2360057
 -1273231
  -830157
  -180168
  1317649
  1704820
   704623
   803966
  2452984
  2810637
   910226
  -582585
  -238244
  1320076
  3244927
  3225795
   917916
   165339
  1546815
  1421158
  -241381
  -738773
  -260740
  -305009
  -701707
  -197479
  1481201
  2379427
  1052062
  -771298
 -1314966
 -1845236
 -3163426
 -3006055
  -559879
  1138125
   544628
  -159869
   138266
   752003
  1740851
  1876769
  -185983
 -1528108
   -90030
  1113844
   595821
   366161
   964740
  1700162
  2439139
  2563164
  2150169
  1975303
  1061504
  -875219
 -1797641
 -1800860
 -2485459
 -2827579
 -1584682
   217002
  1445211
  1861243
  1357458
   201205
  -478997
   456815
  2141709
  1969850
  -252257
 -1465962
  -616206
   340020
   880523
  1231656
   209468
 -1171202
  -166404
  1770793
  1708379
   418833
  -807396
 -1500226
  -622063
    91548
 -1727519
 -3186800
 -1555594
   -35735
  -862166
 -1048775
   484488
   894322
   181435
   952338
  2328532
  1186053
 -2096581
 -3740378
 -2226653
  -260210
  -264283
 -1186483
  -640183
  1064187
  1114038
  -596416
 -1196643
  -641876
 -1385001
 -2979422
 -2640938
   394217
  3339095
  3034091
   598312
  -694653
  -820609
  -898020
  -366255
    -4588
 -1194310
 -2191600
 -1118261
   114165
  -732569
 -2238884
 -1771413
   838901
  3512016
  4308183
  3338379
  1842457
    19720
 -1905470
 -2240961
  -729821
    22167
  -990477
 -1433900
  -781042
 -1239672
 -1973527
  -440768
  1539095
  1191887
  -135473
  -916290
 -1521504
  -877310
  1341885
  1629476
 -1037311
 -2307942
 -1159669
 -1055826
 -1788017
 -1093580
  -128635
  -246670
  -662895
 -1255618
 -2188992
 -2324039
 -1301684
  -658768
 -1487754
 -2072139
  -108918
  2363628
  1728809
  -532659
  -940127
  -328625
  -976789
 -1576646
  -200751
  1879298
  2914452
  2071769
  -824408
 -2797829
 -1398643
   630634
   615218
  -477877
 -1485998
 -1727787
  -531560
   861176
   307741
 -1556460
 -2275059
 -1520428
  -222413
  1445255
  2384498
  1397922
   283818
   773050
   914839
  -382601
  -851766
  -133267
   526461
  1436051
  1230913
 -1431679
 -3119288
 -1817241
 -1168233
 -2407638
 -2528360
 -1656832
 -1861975
 -2306390
 -2182107
 -1714288
  -131338
  1596267
  1325502
  -331269
 -1830731
 -2342836
  -878121
  1733414
  2647916
  1392421
  1192798
  3337873
  4593852
  3627757
  2608083
  1552268
  -163616
  -746978
   558679
  2298038
  1943972
 -1681597
 -4935460
 -4157485
 -1173425
  1243354
  2137134
  1407355
   513991
   361813
   437564
   667367
  1321780
  2128539
  1698799
   473358
  1742002
  4404971
  3830055
   710719
 -1457631
 -2595909
 -3506483
 -3030987
  -176497
  3448953
  4178305
   777883
 -2662387
 -2709285
 -1940677
 -2429641
 -1609845
   974953
  2098448
   835498
  -686883
 -1172752
  -726806
   639351
  2002541
  2137630
  2122151
  2650648
  2278724
  1413690
   973216
  -955813
 -4566452
 -6086776
 -3918028
 -1396637
 -1326266
 -2078885
 -1403488
  -163318
   252029
  -242994
 -1534733
 -2711180
 -2835153
 -1824254
   672261
  2961407
  2193060
  -242018
 -2103279
 -3479113
 -2017414
  2505142
  3861101
   767242
  -838745
   344275
  1006798
   940767
  1758182
  2570250
  1728459
   219328
  -341528
  -188622
   239554
   468961
  -384614
 -1360375
 -1398977
 -1701164
 -1956248
  -772664
  -240299
 -1573382
 -2056741
 -1636491
 -2988013
 -4883298
 -4110791
 -1180702
  1104330
  1945923
  1989416
  1258709
   142179
  -745251
 -1733793
 -2361767
 -1591878
  -977619
 -2452106
 -3689575
 -1529453
  1905229
  2417872
   266774
  -961966
   325002
  2243604
  2657719
  1721618
   235040
  -795934
    -8875
   896868
  -855887
 -2907710
 -1898831
  -150961
  -481561
 -1249173
 -1107523
  -654257
   420034
  1314832
   767249
   583717
  1790184
  2392745
  1778413
  1060975
   513641
  -329688
 -1601578
 -2114513
  -907223
   654377
  1144384
  1064967
   848984
    58514
 -1375663
 -2602664
 -2212454
   200782
  2518505
  2331734
   602565
  -580505
 -1150247
 -1014008
   -91442
   221394
  -337389
  -403357
   825758
  3201866
  4756912
  3098060
   -86687
 -1390321
 -1367511
 -1361199
  -341698
  1036859
   832833
  -496072
 -1982465
 -3605986
 -4564863
 -3907610
 -1936446
   -95226
    46141
  -966586
  -634212
  1377497
  2474273
  1278774
  -571764
  -905023
   326023
  1753523
  3018951
  4055194
  3389712
   643540
 -2173095
 -3452455
 -3272053
 -2489399
 -2102821
 -2363850
 -2437749
 -1251773
  1274633
  3170756
  2464164
   391941
  -674985
  -988303
 -1983696
 -3608971
 -4193157
 -2371196
   389204
  1420457
   495086
  -561644
    27287
  1691476
  1356218
 -1204179
 -2484452
 -1561208
  -545236
  -670457
 -1814417
 -2953471
 -3256644
 -3051618
 -1812298
  1294696
  4031922
  3721746
  1893157
  1402596
  2070593
  2255760
  1455273
   203838
 -1092982
 -1990968
 -1320026
   272500
     8935
 -1043193
   380526
  1682278
  -243336
 -1936190
 -1217440
  -747493
  -728008
   574329
  1370657
  -455269
 -2807693
 -2833584
  -608310
  2293078
  4114611
  3804058
  2249439
   742179
  -599493
 -1307648
  -138293
  2254725
  3041622
  1586571
   413649
   388473
   142328
    -3012
   572332
   592774
   459995
  1662468
  1729768
 -1247528
 -3733565
 -3587308
 -2334786
  -193824
  1895628
  1318121
  -803904
  -632971
  1802246
  3182525
  2712610
  1539969
    86066
  -355670
   574768
   500550
  -255049
   916629
  2752154
  2784032
  1637397
   724489
   472090
   308729
  -173221
   304787
  2064773
  3218289
  3051060
  2803890
  3144504
  2989622
  1197198
 -1680057
 -3707951
 -2774026
   439802
  1662992
 -1147450
 -4330788
 -3781351
   -22692
  2911958
  2519776
  1055244
   953051
   251584
 -2224337
 -3246529
  -851044
  2223983
  2741677
  1415864
  1550245
  3474201
  3560811
   540867
 -1619778
  -259748
  1238522
   420974
   540846
  2585945
  2994117
  1902615
  1748309
   939587
 -1326148
 -2068927
  -807859
   290131
   995284
  1429650
  1136250
   617441
   -52282
  -783822
    51458
  2421120
  3400796
  1817155
   -87832
  -366292
   419188
  1103828
  1624299
  1456980
  -142745
 -1899440
 -2671078
 -2523332
 -1358411
  -264371
  -289566
  -664019
  -837007
  -597073
   -58226
  -172523
  -539614
  -385134
  -448972
  -673663
   168121
  1975566
  2776196
  1682763
   883720
  1078742
    87793
 -1380625
  -927046
    33657
  -646446
 -1239759
   -45607
   863124
   289299
   314765
  1607991
  2057707
   370243
 -1184147
   301558
  2206600
   183829
 -2945565
 -2498913
  -603500
  -615745
 -1389007
 -1537004
 -1292199
  -573786
   436434
  1220599
  1444973
  1296584
  1803693
  2332971
  1444626
   786415
  1701964
  2256513
  1502590
   648780
   570363
  1633523
  3172835
  3304527
  1768702
   654058
   891430
  1682098
  2402126
  1927234
  -281951
 -2097519
 -1569744
  -202759
  -937043
 -3147723
 -3091793
  -176006
  2628133
  2989755
   518235
 -1704533
  -246166
  2095210
  1313549
  -281463
   253958
  1375549
  1775750
  2003591
  2246446
  2409996
  1558770
  -550402
 -1544996
  -949489
 -1464263
 -3470144
 -4700645
 -3725499
 -1029348
   523610
 -1343733
 -3685450
 -2259068
   985519
  1583856
   240662
   -22753
   426988
   962800
  3013371
  5068267
  3979417
  1446276
   838970
  1007967
   -72204
  -496297
  1461943
  3170300
  1873479
  -786868
 -1429005
   134897
  1408801
  1184773
     -278
  -903917
  -390888
   415229
   169648
   220528
  1316317
  2329084
  2893430
  2759066
  1154696
 -1165244
 -1980323
  -556261
   632022
  -556402
 -1737355
  -401303
   968487
    56693
 -1023983
  -512022
   456381
   754851
   163763
 -1040027
 -1564164
  -268574
  1728005
  2168602
   949183
   256048
  1225249
  2570279
  2927743
  2546858
  1947746
  1628542
  2324808
  2694531
   644111
 -1686968
  -892504
  1196488
  1393748
   831438
   894838
   812808
  1458199
  2842315
  2367569
  1008013
  1258933
  1278896
   419317
  1044090
  2402589
  2129077
   351962
 -1279150
 -1845603
 -2282285
 -2464501
  -227695
  2551799
  1944706
   230399
  1040025
  2091912
  1319354
   916428
  1719206
  1672222
   197754
  -809731
    -2048
  1827319
  2759205
  1630934
  -752567
 -1727397
   247434
  2074638
   441983
 -1393624
   234464
  1609826
  -599572
 -2441983
  -232669
  3492909
  4569070
  2748910
  1729945
  3182380
  3048293
  -171706
 -1009818
  1725761
  2348309
   234308
  -247605
   928183
   890676
  -488524
 -1403580
  -729740
   939741
  1696154
   472497
 -1809315
 -2919795
 -1330959
   986573
   617296
 -1505463
 -1530760
   710746
  2227742
  1909380
   664226
 -1007664
 -2392035
 -1429888
  1859531
  3380087
  1265780
  -833988
  -441984
   843448
   951122
  -639128
 -2006214
 -1128038
   298225
   217281
   -14034
   392199
    96518
  -499896
   156420
  1656996
  2480721
  1835389
   188027
  -986856
  -711519
   161850
  -301010
 -2461223
 -3826581
 -1960093
  1347395
  2031874
   172825
  -760229
  -731987
 -2382094
 -4542360
 -3362461
  1261895
  4499643
  2652129
 -1252182
 -1957873
   104930
  1195507
  -149638
 -2728335
 -3422936
 -1237202
    11332
 -1571680
 -2754054
 -1684484
   -78777
   743748
   963954
   558977
  -498293
 -1194471
  -524139
  1407586
  3098033
  2735406
  1016761
  -279301
 -1467428
 -2457551
 -1851914
  -289536
   479329
   147759
  -429146
  -100966
  1056006
  1286466
  -118700
  -716171
  1248602
  1944664
 -1716566
 -4719047
 -3426101
 -1684800
  -671540
  1198544
  1180862
 -1103017
 -1683203
 -1110828
 -2222205
 -3344786
 -2257748
  -822077
 -1030230
 -1485523
  -930919
  -272731
   732325
  2904800
  3983236
  2023536
   -98171
  -127092
   210246
   721121
  2368107
  3353121
  2397419
   928999
    44606
  -559317
  -887347
  -210209
  1202258
  1723318
   835995
  -410969
 -1452119
 -1567452
   -60773
  1343864
  1229556
   908879
   810507
   412462
   314772
   281294
  -671597
 -1871410
 -1449618
   833984
  2820644
  3186733
  2560275
   838964
 -1758688
 -2859316
 -1595486
  -340977
  -517731
 -1378480
 -2819119
 -4228068
 -3541657
 -1086184
   583943
   862074
  1454739
  3225394
  3881776
  1419724
 -1183632
  -895027
    31942
  -216592
   -58944
   783425
  1542135
  2227920
  1842840
   207930
  -845312
 -1147461
 -1442680
 -1056529
  -368137
  -290382
   214524
  1511774
  1713789
   -89426
 -2181204
 -2710235
 -1951470
  -597923
  1581942
  3391654
  2769503
   494346
 -1085186
 -1319965
  -740438
   252603
  1146208
  1062383
   150453
  -344919
  -658735
 -1458063
 -1964052
 -1986175
 -1834080
 -1233547
  -189766
  1542163
  3241870
  2800070
   810282
  -451833
  -936396
  -913424
  -217258
   -98017
 -1294944
 -2166908
 -1018976
   670926
    10632
 -1690027
  -609048
  1306184
  -695057
 -3671810
 -2346841
  -245294
 -1561013
 -2331076
  -296129
   649933
  -340863
  -513498
  -170680
 -1020437
 -1789572
  -737782
  1283231
  3100447
  3992195
  2953889
  1083392
   502914
  1159807
  2398811
  3637362
  3754308
  2887421
  1886550
   746268
  -583801
 -1494046
  -829493
  1184878
  1559920
  -717533
 -2065028
  -527848
  1568709
  2334444
  2060387
  1653500
  1934610
  2251139
  1012064
 -1087646
 -1608469
  -833558
 -1578057
 -3994571
 -4722426
 -2512525
  -759698
 -1482729
 -1827742
  -303461
   534059
   424774
  1318464
  2000371
  1385263
  1161364
  1225737
  1006172
  1747814
  2373643
  1079372
  -839896
 -1865884
 -1408869
   104563
  -308630
 -3054777
 -3417716
  -199125
  1918025
   870762
  -650896
  -595567
    82491
  -531649
 -1893517
 -1064648
  1972108
  3487725
  1782493
  -768845
  -991558
   719999
   387330
 -2432441
 -3131925
  -651077
  1050692
   898002
  1790337
  3474662
  2121599
 -1039819
  -558697
  2080683
  1565561
  -333021
  -222602
    84928
  -244301
   744675
  2616871
  2757853
   717926
  -356894
   852047
