      0
   3955
  14174
  21356
  26112
  28654
  29377
  30900
  32799
  32350
  30004
  28439
  27306
  23940
  18848
  14860
  11634
   6563
    221
  -4581
  -8142
 -13072
 -18784
 -22514
 -24547
 -27526
 -30956
 -32047
 -31226
 -31207
 -31570
 -29567
 -25727
 -22783
 -20421
 -16013
 -10068
  -5435
  -1797
   3453
   9721
  14222
  17224
  21356
  26112
  28654
  29377
  30900
  32799
  32350
  30004
  28439
  27306
  23940
  18848
  14860
  11634
   6563
    221
  -4581
  -8142
 -13072
 -18784
 -22514
 -24547
 -27526
 -30956
 -32047
 -31226
 -31207
 -31570
 -29567
 -25727
 -22783
 -20421
 -16013
 -10068
  -5435
  -1797
   3453
   9721
  14222
  17224
  21356
  26112
  28654
  29377
  30900
  32799
  32350
  30004
  28439
  27306
  23940
  18848
  14860
  11634
   6563
    221
  -4581
  -8142
 -13072
 -18784
 -22514
 -24547
 -27526
 -30956
 -32047
 -31226
 -31207
 -31570
 -29567
 -25727
 -22783
 -20421
 -16013
 -10068
  -5435
  -1797
   3453
   9721
  14222
  17224
  21356
  26112
  28654
  29377
  30900
  32799
  32350
  30004
  28439
  27306
  23940
  18848
  14860
  11634
   6563
    221
  -4581
  -8142
 -13072
 -18784
 -22514
 -24547
 -27526
 -30956
 -32047
 -31226
 -31207
 -31570
 -29567
 -25727
 -22783
 -20421
 -16013
 -10068
  -5435
  -1797
   3453
   9721
  14222
  17224
  21356
  26112
  28654
  29377
  30900
  32799
  32350
  30004
  28439
  27306
  23940
  18848
  14860
  11634
   6563
    221
  -4581
  -8142
 -13072
 -18784
 -22514
 -24547
 -27526
 -30956
 -32047
 -31226
 -31207
 -31570
 -29567
 -25727
 -22783
 -20421
 -16013
 -10068
  -5435
  -1797
   3453
