111011101100
101111010111
000001010000
000010111000
110100100011
001011111001
001011111000
111111101000
000011010001
000001110000
111110001001
000111010000
111010001000
010101110011
111110101001
000001001001
001010101010
000000100110
111111000011
110111101100
000010111100
110010101010
000111001001
010000001110
111001000110
001000100100
001100100010
110000000101
110001100111
000101101101
111100000000
000110111001
001000001001
000111000111
001100111001
000110101011
001011111001
110011111111
111111110011
111110011100
101111111111
000010100100
110101011101
001110001001
110111111101
000101010010
000010001100
110110110011
101010010101
111111011010
110101111010
000110001001
000101000101
010000111010
000101111010
111001100101
000011110011
110101111011
111111110100
111111100001
000000000000
111100110101
001010111100
101101010010
000100010010
001000111100
000111010011
000101110001
000000011010
000110110001
000101101100
111101011101
111100001111
111101000011
110001010001
111101101010
000001001100
000011001001
001110011011
111100100000
000110001110
000111111111
001001011001
110110000110
000010001000
000010011000
110101111100
111000100110
001010110100
111110101100
000011111001
000000111000
111001101010
111010011010
000100011100
110110100001
000111110011
000101101100
110111110011
111101010110
110100001001
101010000000
001001110110
111010110100
000011010001
000010010110
000000001110
110101111110
110110100011
111100010001
110100001010
110101011101
001110101101
000000100100
110011110110
111111100110
110100101111
110010100010
111101011001
001001100001
000001010010
000110100100
110100010110
111011011010
111101011000
110011111001
110010110101
001001010011
000000000111
111001100100
001000000011
000010010100
110110000111
001101011000
000010111001
001110110001
001011010111
111001001011
110011000110
111111010001
111100101101
110111100101
000100111110
001110110111
111010100011
110111100011
111101100011
000110101000
110111011110
110100000000
111110110011
111111010110
000100110110
111010000011
111110100000
111011101010
111111001101
001111010101
111001111100
110010100011
000100101100
110110111110
000000010111
111001101111
000101010110
000101100001
111101111110
101011011111
000001010101
001111111010
001010001011
110000001110
111111001110
111001001100
110101110001
110011101011
000010111001
111011101110
000000100100
111100010101
111011010111
000011101101
000111010010
010101000110
110010011100
110101110010
001010010111
111100000111
110010001101
000011001010
001111100001
000111000100
010011100011
000101000010
010010101000
111100100111
110100100111
111101111001
001011111001
110100110111
000110010110
111010000000
000101100000
110101000001
000000110111
101011111111
111011000101
000100100111
111100110011
001100010110
111001101100
101000110010
110011101101
001010100011
111110111000
000011110010
001001011100
101010110101
111001100100
111000111110
110101110101
111110001100
001111001100
111111100111
001100010001
111001000011
000000000101
111000001100
000101110111
111101011111
000100110011
000110101011
111111001110
001000111000
010111000100
000101001111
111111111000
001001001000
000000100100
110100111100
000100110110
111111111101
111101001111
001100110000
010010100111
111010110010
000001000010
110111111100
000110110011
101000011001
001001111001
000010001100
000010100111
001100001000
111101010000
111110101011
110011010100
101111011001
111000111110
000010110100
111010100110
110010101100
001010101110
111000111001
111111111001
111111111111
111101100001
000011111101
111101010111
101111011000
110101101110
000010011011
110011011101
111100100010
110110100110
110100010001
110101110011
111011111111
000001101111
111110110110
001010101000
111101100011
110000110110
000000000110
000000101110
000011001010
000100111111
001100110001
111010100010
000010100111
111111111000
111010001101
010101010101
111101011011
110001111011
010001101011
000011010000
110100110101
000110001101
001100101100
110111000011
000001010110
111110100111
110100011000
001011110101
111111110110
000101010111
111000110110
111001011101
000011001001
000001000100
010010011101
111101010000
010110000110
001111000100
101100100101
101111001110
111010010001
111110001001
000000000110
001000010111
111000110010
111000110011
111101111111
111111110011
000010110010
001010100100
000110001101
101110100001
000110111110
001000000111
000110010111
001101000101
000011010001
111001010010
111110100001
100111100011
000100101111
000001001011
111010000110
111001011110
110101001101
111111100001
000011110010
111100101101
111011000000
111111101001
111110010000
110110011100
001100111010
000100011010
001100110011
111011000010
110100110101
001000000100
000000011010
111000011101
111111000111
101011111100
001010110101
110110001101
111001001000
001101011000
110110111011
111011111000
111010111100
010000001011
000000110100
110101001101
110100110001
010001010101
010011010110
010000010101
110011011101
111101111000
111110000001
000011000101
111010010010
110110001111
111011100010
001010110100
010111101101
000010010011
111101010110
000111000000
111011001000
010010100110
001011000011
110011101111
111001010100
001101011001
000011111000
000011111011
101110111101
000010010010
000110110110
111001101001
110101111111
111110001001
110101011110
111111010010
000010110010
001101101110
000001110011
111010100110
010000010101
001000001111
000010010011
000110101101
111010111011
001000100011
000010101100
000110001111
110101100011
001111010110
000100010110
101100110111
000100101100
001100101111
000110011000
001101110011
001101001100
110110111011
101000111110
010001110111
000011111010
000000001101
111011111101
110000101011
000010001101
110010010001
110111101000
111101111011
000111100011
000011110000
110010100100
001110110011
000000010101
010010101100
110011111011
111000001100
111000010110
111110111011
110110001111
110110011000
101000001111
110111101000
000010100100
111110001010
111110010101
111110110101
000001101100
111011000000
111000111101
000101000101
111011110011
000010010010
110110011011
111110100011
000111011100
110111000111
000001011001
111101101001
111111010000
111100011011
101011010000
111110100100
001101111011
000110100001
111100001111
111001011001
000010011111
111100001011
111010101110
000000100011
001100100001
100110110101
000101110110
110101111100
001001011100
100111110011
111101110001
000000100101
111011110001
111101111110
110000111001
110100110000
110111110111
000011101010
111010001001
001111010111
000001011010
101101011001
111011011110
111001011111
000001000010
111101110011
111101001110
111000101011
111111010111
110001100101
000110000111
110010110010
111001011001
111110100011
000010011111
111111001111
010001010111
010000001101
000110010000
000000111011
110111111100
111011011001
110001111101
111100010001
111011010011
010001011111
000111100001
000000101010
111101000101
000000110101
000111101010
010110010110
000011010001
001000101000
000110110010
000101100011
001010000000
001100100101
000000011100
111100110111
000010010001
001001111101
001100001001
111010100101
001001000111
111110010010
111100101001
000101011010
001001010100
111010010100
110001000010
111111100000
000101100001
000000110101
001111110000
111100101101
000111111100
111000001010
110011011001
000110101010
110010000110
110011000001
111001111101
110001001001
000101100101
111101001111
110011000101
110111001000
110110001001
111111010010
100111111001
111001000100
110010000111
000011010011
000101111111
000001011110
111110111111
100101101100
000000010010
110111010000
111101010110
111100101111
110100011100
000101110011
000010011001
111100100000
001000111010
001111110001
110100111100
111111101111
110100111010
000111100000
000101000000
111010110101
111010011011
111000011110
001001010000
111101100001
111110100000
110011011100
000011001000
011010111000
000010111001
110001110011
000010011110
110001101010
000001011111
101111000110
000111001100
001011011010
001111100000
001101110100
111000011011
000100011011
001001000110
110101010001
000010000001
000111101000
110011001001
110110011111
000111110001
111111111100
000101001111
001101101000
000100110100
111000001001
000111100001
111110010101
110111110110
010100111010
000000110011
110110101001
000110010110
010000110011
000101111011
000111111001
000001000011
111110011011
001000101101
111110000100
000000110000
111010101111
111001001010
111101010100
110100001000
000010011111
000001000001
111111100110
101001100011
111010111010
000010011111
000011101100
000001110011
111111101000
101111111111
000011011001
111110101100
000100110110
000101111111
111111001001
000011010000
111100101010
111100110010
111100001100
110110011111
000010010101
001100010110
111010001110
111010111111
000111001110
000000011001
001111011001
101111000001
110101101011
111000011000
010101101111
000100010100
111011100100
000000010011
111100110110
001001110001
000000001100
001000001011
000111000001
111101101100
111110110111
000001010010
111000000001
111101100111
111111000111
110101110010
001001010111
110100101101
111000111010
110100010100
001010101001
111001001101
101110110001
001000001000
001110011010
000110101110
000001011001
110111011011
111000011111
001100010010
001011100000
111001111011
001000000011
000010001011
111100010001
110111101100
000010110111
101101110101
110000010011
010100001000
111111010010
011010010000
111101100100
000001101111
001001001110
111110001110
111010110011
001110010011
110111010100
001000000100
111010111010
000111011011
001000011110
110111101110
000101010101
001010010100
110101100000
000011100111
111111101000
110011101111
111101010000
111110011001
110101001011
101100011111
110110111011
111111111100
101110110010
001100100111
111010000000
101011011001
000001000111
001110110111
000000100010
000001101000
111111101111
000001101111
001000110100
000001110101
000111100011
000101000101
000001010100
000010110011
110110001100
110110100101
111111111000
000011100010
110111000100
001000000111
000001000110
011011010010
000100000111
110010111101
000011110101
000100111111
111010111010
000010010110
111010000010
000000001101
000100001100
001011111001
000111101101
100101100110
000010110110
001000010000
111111111011
001000100101
000111101111
001101000011
001100010011
001001100101
101111011110
110110000111
000110110110
110110010001
111001111100
000110110111
000000001101
001010101000
110010100111
000100110010
101111101100
110001100110
000010111100
111110100110
110100101110
111101000101
111010001100
110111000011
000010011111
110001001000
000011001000
101011110010
000101010010
000011011100
000111100101
111001000110
000110110011
110101010010
001000111111
101010110011
000010110110
111000101011
111000010010
000001100001
111100101001
001001101100
111110111011
001010001000
111011010000
000000101100
000011111111
001011001010
000110001101
111101001000
110010010011
111001001010
000011010100
110110000010
000010111010
001011000100
000010011101
000001101001
000100000100
001100001001
001110011110
110101110001
000010000011
000101111000
111101010111
011000111011
001000100011
110111100000
001000000111
000111000000
000111100110
101110111001
001111010110
101111111011
001011000101
110100111011
000011110110
001001101001
001000001011
000000011000
110110110000
111110111000
110111111111
101111011000
110111000000
000101111000
000101100010
111011110111
000000100111
000100100100
000001111111
000010100101
010100110010
101001010000
000011011001
000010111001
000110100111
111010001101
001000110111
000001101110
001000011111
001001101000
001101001101
111111010111
001101001010
000010010010
110001101110
111110100000
111010111101
101110101111
111011110101
111001110111
000111001101
000011011001
001000110100
000010110110
111110100011
111111000111
000010111001
001011101001
001000000011
110010011101
000001001101
111101110010
000101101101
111101000000
001011010101
111110001101
110001010110
001101111100
000100011010
000101101001
111001000101
001000010101
101001101010
001010111110
111111111111
101111111000
110011101111
000010000101
000010001101
110101111101
111011011110
001101111111
111011011001
000000010101
000111111111
001000111101
000001011000
101111110101
101111100100
000100010010
111000101001
000101101001
110010001011
000100100110
000110010010
000011110011
110101111000
111100100010
000100011010
110000001000
111001000000
110101001111
001010000001
010001010001
000111000101
111000100010
000010010010
111101110001
110111011111
000011011101
000001000110
110100101100
111001001011
111101001110
000110100011
110011100010
111010000010
111011001100
001001110101
010001100110
001110010000
001001000111
000011010001
000000101100
110001000001
111011110101
111111110011
000010010010
110101111100
111001010111
000101100101
110100001000
111000010000
000010101101
001111010101
110101011111
000110010000
111000000010
111100111000
111001111111
001100100101
001000100101
101010111110
111100011001
000101100010
110000011101
111101111100
111011110000
000100111100
110111010011
000000110011
111010110011
110001111000
111100001010
111011011011
111101000110
111100111111
110000001001
001010111011
001101001110
111110101111
111000101001
000010001001
111100000000
000000101010
101110011100
010000110110
000011010001
000111001010
001111111110
101011011000
111000100101
000001110001
000101010001
111010011110
000010111111
110011110000
111110000111
111100111111
001001100100
111010101011
110111000000
110111000101
000010110010
111000100011
010000000001
000101101111
000011001101
111110011111
000011001010
001101011011
101001101010
001100111010
111100001110
000000000010
001000110101
000101110100
101111111000
110000111111
000101101111
110110111010
101111101101
111100011010
111100000010
110100011010
110100111011
000010111010
101100111011
001101001000
000110101001
111101010000
111111110001
110110111100
110101100101
000011101111
001001000000
001100110001
111110101110
000110001000
010011100011
010110101001
111100010001
010110010111
111110011010
111000111110
000101101000
111111100000
001011101000
000110100101
110000100001
100001110000
000101011010
110101111011
001001000100
001111110011
110110001110
001010000100
000001100101
111010001001
001111101110
111010110110
001100010001
001111110100
101011001001
011101011101
001101100011
001010011111
111000010110
111101011011
110010010011
110011010110
110111000100
000101111001
010010011010
001101011110
111011000110
101010010000
000010010111
111000101010
101110001111
000100011110
000101110100
001000100100
111101010110
111011110101
111101111100
111110010001
000010001011
010000110101
000001001100
000110100000
010100110010
111100100111
000111010011
000010111100
110111100001
100110101100
101000001111
111100100011
111001111001
111011111011
110001110111
000010010001
000010000101
111000110100
000111100100
101111100110
110101011101
111101011111
110011000010
001100010100
001110111011
000010010111
110001111110
000110100101
100110011110
111010101010
011111111111
000100011001
110100100001
001000110111
111101001011
001010010110
111100010111
001101011010
001010000101
000010001001
111101000001
000010100100
111110000110
111111001101
000110111111
111000000011
111000000000
111111111011
111000101111
110001000111
001000101100
111101010110
110000010111
111100000100
111110100100
101000101100
110010011100
101101110111
001011000100
111110100101
001011000111
000101100101
000100110010
111001001110
000010110110
110010101100
111000110001
111001011000
000001111111
101110000101
110010001001
000001111110
001110101011
000011101010
111011100101
111111100001
000000110010
010011100011
111111010001
001001011000
111111001101
111000000000
000011000110
001010100000
101111011000
110101000111
111110000101
000100101000
110110110001
111001100001
000110001110
110010101011
001010011110
001000101000
111001100101
000110100110
001100111011
000011001001
001000100101
000001010010
000000001011
111111010001
110110000100
111000100010
111111101100
001001111000
111010000001
001110110000
110111111000
000110011100
110010111011
110111010110
111011010001
000010001110
010010101100
000001000110
111011111001
000101000111
110100000010
111111000010
000100011101
111101000011
111110010101
000001110011
000100001101
010000110000
010011111100
000110111101
110010010111
000011101000
111010010110
110101100101
000110111110
000100110101
111110000100
111100001110
110111001001
101101101000
101111101111
110100010010
111011110110
000001110000
000010010011
110011100111
000110111111
000100010001
001110100010
111010111010
111111111100
111010110000
000111001011
001010111000
000101000000
011011101100
111110011010
000100010011
101100010111
111010100011
101101001001
111110111011
110010110111
111001010010
110110111111
111110011101
001001011101
001111011111
000100010010
111010011010
000001110011
111000010011
110110100101
110001111100
101100111110
111111010110
000110101110
000010000100
111111111011
000000001101
111010011011
010010110110
111101110011
110001111000
111100111110
111010010100
111110110010
111100000111
110111100100
101110101001
111011100001
110000100011
111111000011
001001000100
010111101011
000101001100
000100000110
001010100001
000100010010
001100111100
111110001001
000001010100
111001011100
111000011011
111010000100
001000000111
000000101100
101101101100
010010010000
000110100010
110000100101
111100010000
000010000101
111000010111
111110111100
000011011001
001010010101
110001111110
110101101101
111001100101
000001101101
001101011100
010011010110
000111011010
001000000111
111110100101
111111000000
111000000001
000100111011
001100010111
001100111100
111101001110
000010001011
000110010011
111010100001
000010010011
000011100011
000101001101
111001110110
001101011100
001001101111
101000010000
110101000110
111100110000
101011111010
001111101010
000010010101
000110011101
110100101110
000001111110
010000111101
000111010000
000111111011
000110000010
111111011011
110100111011
010101011011
110010011111
000100100100
000011111010
010100101101
111100110001
001110101010
111010111111
000010000110
000111100010
110110100010
000110001000
010001100101
000000111001
011001111011
111001010000
011011110101
111111110101
000010101110
110110111000
101100100001
111100110101
000101111000
001000010010
101111010001
101100110011
111011101001
000000011101
011000001001
111100111010
000001111000
001001011110
111010110000
110100110111
110000000110
001011101111
000100110110
010000011100
111011011110
001010000101
010100011110
000110000001
000000001011
101111111011
001100011000
000110110101
111000001101
000101010011
010101010100
000011100011
000010010100
001100110111
111111110111
110010101100
111010011100
000111100011
110110111001
001101101101
000010011101
000001001100
000011110110
111111010011
111010001110
000100101100
001100111111
010000010101
111000111111
001000000100
110101101111
001100111011
000000001010
000010001100
010001000111
101011001111
000001001000
110101001010
110000011100
000110010111
111011111101
111011111110
000000110110
111011101010
111010011000
001000110001
110111110111
111101011011
000100111011
110111111111
111111111011
000110010001
000001100011
011001110010
110010111101
001010001110
000111110001
110111101011
111010001001
000000101010
111111111000
111111001111
110000011100
010001000000
111011010100
000000111100
000010110111
001001001100
000101000110
000010011101
110010000001
001001101100
001111111011
110001101001
110000101011
111111010000
000000110100
110111100101
111010010111
111111101110
110011100101
000111010101
000000100110
000001011111
001111111100
111000001111
001111011111
001010100010
111110010101
000011001001
001110001011
000011010001
000100110000
000011111111
111111010001
001101001000
001001110001
010001001101
111011111000
000101101001
000111011001
000010001101
001101000111
000110010010
110100111100
111011100010
111000110000
000011100010
111010111100
101010111111
111001010111
001110011111
111100101101
011010111111
101111101011
111010101001
000101011110
001110111010
111011011101
111011000011
001100010110
000000011010
000111011110
001100010011
000011000011
001010110001
000111101001
110010110101
111010111011
000101100011
101100011101
111000011010
100111100110
111001011011
111110110111
000011000000
111010001011
100001010011
001111011111
111011111100
001110010001
110010011111
001001000010
000101011010
111011010111
011000010001
010100001011
000111111110
000000010100
000101011010
000110110101
111010000111
111101011001
001111001010
001010000100
000011000010
110111110110
111011000110
001000101010
000011100111
111111001101
000111011111
101110000111
001100000111
111111011001
111100000101
000110000110
000110011011
001010001100
001001010101
001100010001
111101100001
111000111100
111010000100
111101011000
001100011010
110000100010
111100001001
000010110000
001000010000
110110001110
111110111101
000001010010
000000101000
000011101110
111110111110
111001000011
111100001001
000000001010
001101101011
000100001010
000000101100
000010111100
000100101110
010001110011
000010100111
001111000110
000011001011
001000000010
000101110011
010001110001
110110101000
110110110110
000011110000
001001000110
000001100011
111101111111
001110111000
111001110011
001000000101
010011010001
000011111101
110111011001
011000010010
110111100111
000010110011
001000001100
001100010001
111111010111
000110011100
101110010100
000000100110
111000011010
101111000111
001011000001
001110100111
000010010111
110101000010
011000001000
111011111111
001001001000
111110101001
001101001000
000011001110
111011001111
000000110001
111110111101
001110001010
000111000100
000011101011
111001111111
110111011111
000110100011
001110101100
110111111010
110011010000
010001001101
000001000001
110111111111
110011100000
001100010111
001111010001
010001110000
000110010011
000000110101
010101011000
001100101000
101110100001
111111110111
011000101010
111001010100
000010100110
111100010010
001101001011
111001011111
000000101000
111000101010
111110001101
001010110101
000001011000
111111110110
110110101000
110001001111
000011100111
000100110001
000011001110
101101010000
000110110011
000010010101
001100011000
000001010000
000001110011
111001111101
110101101001
111101000011
001110100011
010010000000
110010101100
000011111000
111111110001
000001000111
001000001000
110101111011
110101111110
000010110101
000010111001
111101100010
111101110100
001000111110
111001100110
111110001101
000111001011
000011000001
001111011110
111111100100
111111101101
111100001100
111010011110
001001010100
110010110111
111100111111
100110000010
000111110011
000110000001
001001011011
110101110010
111111010101
000000110100
101110010111
101110001101
111001011010
001101100000
010101010110
000001101011
101110111110
000010110001
000011111100
111111000001
000001110001
101101101001
110001000000
001000001100
111101101010
101111101101
111100110101
111000000011
000110111010
111111100101
000011001111
000101000100
110101101111
000001000000
111110110110
000110111001
010010110100
000011010000
111111000011
000000010100
111001111000
101110101101
000100110010
111011100010
000011110111
000000100010
111011001001
000010011100
000111001011
000001100010
000001010110
110101111101
001101000011
001011111110
100110010001
101011001010
000011110111
110111011010
110011101101
011010011000
110110111110
110011110010
000011000010
111000101101
110100100101
110001111001
111010000110
000101001100
110001000110
111111001001
111111111000
111100100011
001001110110
000110011011
011101001010
110011100010
000001100100
000111111000
111010001111
000101010001
010000101101
000111111111
001000110101
111101110001
000010111110
111010110011
111110011101
111111000001
001001111101
000100010110
111111110000
111100001101
111101100101
110100010111
000111100100
001011101000
110101110010
010001000000
111011000100
000001101110
000011100010
111101100011
111110100011
110100010101
111111110010
000110001011
010010101001
000000110100
010000000100
111100001101
110011000001
111000110001
111010010111
000110001101
110010101010
111110110001
110100111111
100100100000
000010100001
110111011011
001011010110
111101000010
001011100010
001010011101
010101001111
111001011101
110100100110
001001011111
111011111101
111100001010
000100110100
000100011100
000011110100
001011000001
001000100011
110100001111
000100000001
111010001011
110110001110
000001001010
000000101100
111010101101
000101011010
000110110100
000101011000
111010111010
110010110011
111001111010
111010010111
000000110111
000110111010
010101010100
111111111110
111111000111
111101011101
110111010001
000100001110
111110101011
000101011001
001000101111
110011100001
001000101011
110111111110
111000011111
111000100011
111100111010
110000110011
001000010000
111001111000
001001100101
010011101101
000010111101
111100000101
000101110000
110100100110
000000100111
000000001000
111110010101
111001001001
110110000111
111111100000
000111001100
111101001011
110001110001
000100100111
001010111010
110101100101
100011100111
001001111101
000000110001
101101010111
111001111000
001011101011
111010010000
111101010111
000000000011
111111100111
111010111101
110100011100
000111000110
000111010001
001000101010
011000010010
000001000110
000000010001
001001101100
111111111101
001110000101
010001100100
001000110110
001011011001
000100000010
000001111010
111001000101
000000000111
110100111101
010011000100
111110010110
111000101100
110110000111
001000111100
000100011110
001000111000
001010101110
111110111101
001111011101
000001101101
001000000010
101110110010
000001101111
111011001011
111000101100
101010101101
101101111011
111111011111
111111001001
110100001000
111000011110
001001011101
111110001011
111111010110
001001000010
001110100100
110100110101
010010000111
000001100000
111101001011
010000011111
000110101010
111100100011
111101010111
111001100100
110110111101
000111001010
111111111011
100011111001
111110100000
000101110001
000111100001
111110010101
111010001100
000011101010
111010100001
000101110010
101100011110
000101001110
001111111111
000111010100
000101100011
110111111000
111010100111
001101000100
111011001100
101110100000
110110110000
001001001110
000000011010
000100001000
000101111110
010011001110
000111001000
101000111010
001101110011
001101111001
111011011110
111001101110
001010001110
111011000111
111011111111
001101111111
000010110011
010010110010
111000000001
111010011010
010001000100
111001100100
110001110011
111000011101
000001100101
000011110010
000001110010
111001111111
;