    9
   36
   78
  104
   84
   11
  -78
 -119
  -78
   30
  143
  205
  180
   67
  -81
 -178
 -167
  -54
  107
  249
  340
  366
  327
  219
   60
  -91
 -198
 -232
 -200
 -121
  -29
   30
   19
  -78
 -221
 -331
 -339
 -222
  -18
  179
  284
  255
  134
   -7
 -100
 -118
  -81
  -37
  -21
  -32
  -33
   16
  106
  196
  236
  221
  173
  109
   25
  -82
 -187
 -236
 -186
  -59
   85
  185
  230
  232
  203
  151
   76
  -12
  -89
 -120
  -90
  -22
   40
   57
   16
  -56
 -105
  -97
  -45
    6
    5
  -73
 -204
 -320
 -342
 -255
 -115
   -5
   13
  -56
 -169
 -271
 -320
 -292
 -195
  -88
  -47
  -97
 -206
 -295
 -291
 -180
  -32
   57
   42
  -56
 -181
 -273
 -292
 -240
 -147
  -50
   19
   47
   50
   77
  155
  252
  297
  232
   72
 -106
 -211
 -199
  -97
   19
   73
   46
  -23
  -90
 -138
 -171
 -183
 -166
 -116
  -62
  -45
  -55
  -46
   -3
   25
  -11
  -89
 -157
 -172
 -131
  -61
   -8
  -17
  -73
 -103
  -55
   40
   87
   21
 -130
 -272
 -327
 -293
 -218
 -147
  -95
  -62
  -12
   77
  168
  184
  101
  -18
 -106
 -127
  -76
   47
  216
  387
  494
  482
  350
  163
    8
  -65
  -64
  -29
  -10
  -29
  -82
 -159
 -238
 -287
 -252
 -140
  -29
  -24
 -139
 -273
 -304
 -193
  -31
   54
   -7
 -162
 -300
 -336
 -253
  -88
   83
  184
  176
   86
  -15
  -65
  -40
   26
   96
  162
  242
  332
  393
  386
  303
  174
   49
  -28
  -41
   11
  117
  231
  273
  211
   72
  -73
 -163
 -167
  -85
   32
  133
  156
   71
 -100
 -277
 -371
 -361
 -283
 -199
 -137
  -98
  -71
  -45
  -27
  -31
  -76
 -160
 -255
 -316
 -324
 -303
 -300
 -333
 -361
 -335
 -238
 -104
    5
   36
  -19
  -98
 -123
  -57
   62
  162
  189
  140
   76
   52
   75
  106
  111
   95
   73
   64
   72
   83
   76
   37
  -18
  -63
  -60
   -8
   42
   36
  -23
  -54
   -7
  117
  269
  378
  375
  218
  -35
 -259
 -336
 -251
 -103
  -18
  -38
  -96
 -104
  -32
   67
  122
  102
   56
   62
  142
  242
  272
  176
  -10
 -191
 -280
 -263
 -206
 -174
 -186
 -197
 -168
 -111
  -69
  -73
  -96
  -89
  -18
   93
  175
  176
   98
    3
  -58
  -91
 -126
 -181
 -224
 -213
 -156
  -87
  -57
  -57
  -46
   -7
   26
   15
   -8
   39
  181
  330
  355
  221
   30
  -98
 -137
 -142
 -117
  -17
  157
  309
  338
  260
  179
  171
  201
  184
  110
   50
   45
   58
   33
  -30
  -84
 -108
 -126
 -169
 -217
 -204
 -100
   42
  151
  202
  227
  249
  258
  240
  192
  143
  115
  112
  118
  108
   76
   29
    7
   50
  167
  305
  352
  250
   63
  -62
  -59
   -3
    6
  -78
 -205
 -301
 -316
 -248
 -145
  -44
   27
   82
  131
  163
  137
   25
 -127
 -249
 -314
 -366
 -432
 -471
 -419
 -284
 -136
  -46
  -31
  -57
  -86
  -92
  -82
  -75
  -77
  -83
  -78
  -66
  -54
  -53
  -83
 -145
 -211
 -220
 -137
   -5
   89
   82
   -3
  -88
 -109
  -81
  -58
  -84
 -131
 -169
 -199
 -224
 -243
 -235
 -214
 -201
 -233
 -301
 -347
 -302
 -163
  -14
   51
   -7
 -131
 -230
 -244
 -189
 -130
 -122
 -160
 -203
 -225
 -233
 -233
 -206
 -132
    0
  172
  332
  401
  336
  156
  -61
 -233
 -294
 -222
  -55
  120
  211
  196
  143
  148
  242
  359
  413
  389
  339
  317
  314
  284
  213
  149
  138
  178
  215
  202
  141
   78
   58
   61
   32
  -46
 -119
 -113
  -18
  117
  205
  185
   76
  -62
 -174
 -257
 -324
 -367
 -371
 -325
 -258
 -228
 -255
 -321
 -382
 -428
 -456
 -438
 -344
 -180
  -43
  -23
 -133
 -276
 -347
 -329
 -261
 -194
 -136
  -73
   13
  108
  170
  155
   69
  -31
  -80
  -61
  -32
  -38
  -76
  -94
  -76
  -59
  -53
  -16
   84
  186
  185
   58
 -126
 -255
 -267
 -165
   23
  226
  366
  380
  281
  148
   54
   11
  -21
  -70
 -117
 -119
  -54
   63
  181
  239
  209
  122
   48
   30
   67
  113
  133
  145
  186
  255
  302
  286
  212
  130
   76
   36
  -23
 -109
 -185
 -219
 -198
 -154
 -142
 -187
 -247
 -246
 -159
  -47
    0
  -44
 -112
 -117
  -44
   55
  111
  103
   46
  -33
 -107
 -145
 -121
  -49
   19
   46
   54
   67
   74
   25
  -76
 -143
  -99
   35
  137
  139
   75
   41
   81
  154
  193
  168
  100
   16
  -62
 -120
 -144
 -143
 -133
 -143
 -177
 -206
 -211
 -192
 -159
  -91
   23
  144
  194
  135
   31
  -11
   49
  143
  183
  140
   51
  -47
 -151
 -245
 -284
 -196
    5
  225
  357
  354
  260
  150
   83
   66
   64
   62
   70
   85
  102
  109
  107
   94
   65
   22
  -36
 -108
 -173
 -226
 -286
 -360
 -423
 -424
 -354
 -254
 -188
 -178
 -167
  -98
   18
  113
  142
  123
  114
  145
  192
  212
  181
  104
   -6
 -115
 -178
 -167
 -102
   -3
  124
  252
  320
  277
  156
   37
  -25
  -35
  -33
  -26
   20
   92
  122
   59
  -44
  -84
  -20
  117
  256
  356
  394
  344
  198
   -2
 -163
 -221
 -184
  -96
  -11
   46
   44
  -36
 -168
 -286
 -322
 -285
 -231
 -208
 -215
 -233
 -238
 -239
 -247
 -254
 -221
 -127
  -11
   63
   66
   10
  -69
 -144
 -204
 -234
 -234
 -188
 -109
  -11
   78
  130
  133
  107
  103
  139
  172
  131
    7
 -139
 -224
 -208
 -109
   18
  117
  175
  214
  247
  264
  240
  173
  114
  124
  213
  307
  322
  267
  191
  136
   85
   29
  -27
  -64
  -59
  -13
   68
  138
  155
   88
  -48
 -203
 -317
 -343
 -274
 -147
  -23
   53
   77
   94
  127
  153
  121
   45
   -8
   -3
   45
   98
  147
  200
  265
  326
  352
  316
  219
   77
  -80
 -219
 -314
 -341
 -291
 -170
  -12
  124
  187
  164
  108
   88
  117
  147
  120
   42
  -32
  -44
   11
   69
   77
   40
   25
   57
  106
  111
   50
  -44
 -118
 -153
 -188
 -232
 -257
 -234
 -172
 -100
  -35
   19
   72
  129
  158
  113
  -15
 -178
 -287
 -293
 -215
 -123
  -59
  -13
   18
   19
  -32
 -115
 -203
 -261
 -251
 -144
   40
  205
  252
  162
   18
  -83
 -111
 -109
 -128
 -163
 -182
 -172
 -160
 -160
 -135
  -32
  160
  364
  472
  421
  242
   25
 -137
 -200
 -188
 -153
 -140
 -155
 -182
 -179
 -125
  -35
   39
   55
    6
  -69
  -93
  -46
   13
    3
  -78
 -168
 -224
 -226
 -190
 -145
 -112
 -109
 -142
 -208
 -265
 -275
 -249
 -215
 -175
  -99
   10
   96
  106
   42
  -53
 -119
 -124
  -62
   54
  169
  217
  140
  -15
 -134
 -146
  -88
  -50
  -76
 -126
 -135
  -94
  -58
  -80
