    0
  -28
 -110
 -253
 -401
 -460
 -373
 -133
  163
  399
  483
  377
  134
 -165
 -401
 -482
 -384
 -133
  164
  399
  484
  378
  134
 -166
 -402
 -482
 -383
 -132
  164
  398
  483
  378
  134
 -166
 -402
 -482
 -383
 -132
  164
  398
  483
  378
  134
 -166
 -402
 -482
 -383
 -132
  164
  398
  483
  378
  134
 -166
 -402
 -482
 -383
 -132
  164
  398
  483
  378
  134
 -166
 -402
 -482
 -383
 -132
  164
  398
  483
  378
  134
 -166
 -402
 -482
 -383
 -132
  164
  398
  483
  378
  134
 -166
 -402
 -482
 -383
 -132
  164
  398
  483
  378
  134
 -166
 -402
 -482
 -383
 -132
  164
  398
  483
  378
  134
 -166
 -402
 -482
 -383
 -132
  164
  398
  483
  378
  134
 -166
 -402
 -482
 -383
 -132
  164
  398
  483
  378
  134
 -166
 -402
 -482
 -383
 -132
  164
  398
  483
  378
  134
 -166
 -402
 -482
 -383
 -132
  164
  398
  483
  378
  134
 -166
 -402
 -482
 -383
 -132
  164
  398
  483
  378
  134
 -166
 -402
 -482
 -383
 -132
  164
  398
  483
  378
  134
 -166
 -402
 -482
 -383
 -132
  164
  398
  483
  378
  134
 -166
 -402
 -482
 -383
 -132
  164
  398
  483
  378
  134
 -166
 -402
 -482
 -383
 -132
  164
  398
  483
  378
  134
 -166
 -402
 -482
 -383
 -132
  164
  398
  483
  378
  134
 -166
 -402
 -482
 -383
 -132
  164
  398
  483
  378
  134
 -166
 -402
 -482
 -383
 -132
  164
  398
  483
  378
  134
 -166
 -402
 -482
 -383
 -132
  164
  398
  483
  378
  134
 -166
 -402
 -482
 -383
 -132
  164
  398
  483
  378
  134
 -166
 -402
 -482
 -383
 -132
  164
  398
  483
  378
  134
 -166
 -402
 -482
 -383
 -132
  164
  398
  483
  378
  134
 -166
 -402
 -482
 -383
 -132
  164
  398
  483
  378
  134
 -166
 -402
 -482
 -383
 -132
  164
  398
  483
  378
  134
 -166
 -402
 -482
 -383
 -132
  164
  398
  483
  378
  134
 -166
 -402
 -482
 -383
 -132
  164
  398
  483
  378
  134
 -166
 -402
 -482
 -383
 -132
  164
  398
  483
  378
  134
 -166
 -402
 -482
 -383
 -132
  164
  398
  483
  378
  134
 -166
 -402
 -482
 -383
 -132
  164
  398
  483
  378
  134
 -166
 -402
 -482
 -383
 -132
  164
  398
  483
  378
  134
 -166
 -402
 -482
 -383
 -132
  164
  398
  483
  378
  134
 -166
 -402
 -482
 -383
 -132
  164
  398
  483
  378
  134
 -166
 -402
 -482
 -383
 -132
  164
  398
  483
  378
  134
 -166
 -402
 -482
 -383
 -132
  164
  398
  483
  378
  134
 -166
 -402
 -482
 -383
 -132
  164
  398
  483
  378
  134
 -166
 -402
 -482
 -383
 -132
  164
  398
  483
  378
  134
 -166
 -402
 -482
 -383
 -132
  164
  398
  483
  378
  134
 -166
 -402
 -482
 -383
 -132
  164
  398
  483
  378
  134
 -166
 -402
 -482
 -383
 -132
  164
  398
  483
  378
  134
 -166
 -402
 -482
 -383
 -132
  164
  398
  483
  378
  134
 -166
 -402
 -482
 -383
 -132
  164
  398
  483
  378
  134
 -166
 -402
 -482
 -383
 -132
  164
  398
  483
  378
  134
 -166
 -402
 -482
 -383
 -132
  164
  398
  483
  378
  134
 -166
 -402
 -482
 -383
 -132
  164
  398
  483
  378
  134
 -166
 -402
 -482
 -383
 -132
  164
  398
  483
  378
  134
 -166
 -402
 -482
 -383
 -132
  164
  398
  483
  378
  134
 -166
 -402
 -482
 -383
 -132
  164
  398
  483
  378
  134
 -166
 -402
 -482
 -383
 -132
  164
  398
  483
  378
  134
 -166
 -402
 -482
 -383
 -132
  164
  398
  483
  378
  134
 -166
 -402
 -482
 -383
 -132
  164
  398
  483
  378
  134
 -166
 -402
 -482
 -383
 -132
  164
  398
  483
  378
  134
 -166
 -402
 -482
 -383
 -132
  164
  398
  483
  378
  134
 -166
 -402
 -482
 -383
 -132
  164
  398
  483
  378
  134
 -166
 -402
 -482
 -383
 -132
  164
  398
  483
  378
  134
 -166
 -402
 -482
 -383
 -132
  164
  398
  483
  378
  134
 -166
 -402
 -482
 -383
 -132
  164
  398
  483
  378
  134
 -166
 -402
 -482
 -383
 -132
  164
  398
  483
  378
  134
 -166
 -402
 -482
 -383
 -132
  164
  398
  483
  378
  134
 -166
 -402
 -482
 -383
 -132
  164
  398
  483
  378
  134
 -166
 -402
 -482
 -383
 -132
  164
  398
  483
  378
  134
 -166
 -402
 -482
 -383
 -132
  164
  398
  483
  378
  134
 -166
 -402
 -482
 -383
 -132
  164
  398
  483
  378
  134
 -166
 -402
 -482
 -383
 -132
  164
  398
  483
  378
  134
 -166
 -402
 -482
 -383
 -132
  164
  398
  483
  378
  134
 -166
 -402
 -482
 -383
 -132
  164
  398
  483
  378
  134
 -166
 -402
 -482
 -383
 -132
  164
  398
  483
  378
  134
 -166
 -402
 -482
 -383
 -132
  164
  398
  483
  378
  134
 -166
 -402
 -482
 -383
 -132
  164
  398
  483
  378
  134
 -166
 -402
 -482
 -383
 -132
  164
  398
  483
  378
  134
 -166
 -402
 -482
 -383
 -132
  164
  398
  483
  378
  134
 -166
 -402
 -482
 -383
 -132
  164
  398
  483
  378
  134
 -166
 -402
 -482
 -383
 -132
  164
  398
  483
  378
  134
 -166
 -402
 -482
 -383
 -132
  164
  398
  483
  378
  134
 -166
 -402
 -482
 -383
 -132
  164
  398
  483
  378
  134
 -166
 -402
 -482
 -383
 -132
  164
  398
  483
  378
  134
 -166
 -402
 -482
 -383
 -132
  164
  398
  483
  378
  134
 -166
 -402
 -482
 -383
 -132
  164
  398
  483
  378
  134
 -166
 -402
 -482
 -383
 -132
  164
  398
  483
  378
  134
 -166
 -402
 -482
 -383
 -132
  164
  398
  483
  378
  134
 -166
 -402
 -482
 -383
 -132
  164
  398
  483
  378
  134
 -166
 -402
 -482
 -383
 -132
  164
  398
  483
  378
  134
 -166
 -402
 -482
 -383
 -132
  164
  398
  483
  378
  134
 -166
 -402
 -482
 -383
 -132
  164
  398
  483
  378
  134
 -166
 -402
 -482
 -383
 -132
  164
  398
  483
  378
  134
 -166
 -402
 -482
 -383
 -132
  164
  398
  483
  378
  134
 -166
 -402
 -482
 -383
 -132
  164
  398
  483
  378
  134
 -166
 -402
 -482
 -383
 -132
  164
  398
  483
  378
  134
 -166
 -402
 -482
 -383
 -132
  164
  398
  483
  378
  134
 -166
 -402
 -482
 -383
 -132
  164
  398
  483
  378
  134
 -166
 -402
 -482
 -383
 -132
  164
  398
  483
  378
  134
 -166
 -402
 -482
 -383
 -132
  164
  398
  483
  378
  134
 -166
 -402
 -482
 -383
 -132
  164
  398
  483
  378
  134
 -166
 -402
 -482
 -383
 -132
  164
  398
  483
  378
  134
 -166
 -402
 -482
 -383
 -132
  164
  398
  483
  378
  134
 -166
 -402
 -482
 -383
 -132
  164
  398
  483
  378
  134
 -166
 -402
 -482
 -383
 -132
  164
  398
