       0
       0
       0
       0
       0
       0
       0
       0
       0
       0
       0
       0
       0
       0
       0
       0
       0
       0
      -1
       0
       0
       9
     -13
      26
     -53
      78
    -106
     136
    -166
     170
    -143
      72
      63
    -271
     555
    -909
    1298
   -1693
    1995
   -1997
    1030
   13067
   17206
    6979
  -20559
  -14924
    8688
   21373
    4539
  -19264
  -15391
    8613
   21792
    3927
  -18666
  -15953
    9096
   21403
    4252
  -18850
  -15835
    9029
   21444
    4194
  -18849
  -15836
    9026
   21435
    4240
  -18846
  -15836
    9024
   21445
    4194
  -18849
  -15836
    9026
   21435
    4240
  -18846
  -15836
    9024
   21445
    4194
  -18849
  -15836
    9026
   21435
    4240
  -18846
  -15836
    9024
   21445
    4194
  -18849
  -15836
    9026
   21435
    4240
  -18846
  -15836
    9024
   21445
    4194
  -18849
  -15836
    9026
   21435
    4240
  -18846
