-0.000059101641
0.000034429532
0.000127350034
0.000021357983
-0.000194435392
-0.000099993900
0.000285673709
0.000274403622
-0.000330300795
-0.000535699671
0.000286724670
0.000884158487
-0.000079829003
-0.001271344990
-0.000354953476
0.001613042201
0.001066234713
-0.001779446443
-0.002057049724
0.001609120274
0.003264257868
-0.000928780686
-0.004539534394
-0.000413608971
0.005642712939
0.002509735690
-0.006248623126
-0.005349658931
0.005969788884
0.008785794241
-0.004391838873
-0.012507762910
0.001113801176
0.016029758533
0.004220196193
-0.018684600903
-0.011921538312
0.019600772983
0.022336666147
-0.017592506070
-0.036128191059
0.010733017298
0.055212819981
0.005406163605
-0.086868913180
-0.048300882128
0.180336704759
0.413314968268
0.413314968268
0.180336704759
-0.048300882128
-0.086868913180
0.005406163605
0.055212819981
0.010733017298
-0.036128191059
-0.017592506070
0.022336666147
0.019600772983
-0.011921538312
-0.018684600903
0.004220196193
0.016029758533
0.001113801176
-0.012507762910
-0.004391838873
0.008785794241
0.005969788884
-0.005349658931
-0.006248623126
0.002509735690
0.005642712939
-0.000413608971
-0.004539534394
-0.000928780686
0.003264257868
0.001609120274
-0.002057049724
-0.001779446443
0.001066234713
0.001613042201
-0.000354953476
-0.001271344990
-0.000079829003
0.000884158487
0.000286724670
-0.000535699671
-0.000330300795
0.000274403622
0.000285673709
-0.000099993900
-0.000194435392
0.000021357983
0.000127350034
0.000034429532
-0.000059101641
