       0
       0
    -213
    -416
    -323
  -74068
   10758
   10758
  161746
  -10812
  -10842
  -10906
  -10966
   30866
 -138159
 -174887
   31154
   83589
  -85435
 -122163
   62308
  122234
  -62376
 -122163
   62308
  122234
  -62376
 -122163
   62308
  122234
  -62376
 -122163
   62308
  122234
  -62376
 -122163
   62308
  122234
  -62376
 -122163
   62308
  122234
  -62376
 -122163
   62308
  122234
  -62376
 -122163
   62308
  122234
  -62376
 -122163
   62308
  122234
  -62376
 -122163
   62308
  122234
  -62376
 -122163
   62308
  122234
  -62376
 -122163
   62308
  122234
  -62376
 -122163
   62308
  122234
  -62376
 -122163
   62308
  122234
  -62376
 -122163
   62308
  122234
  -62376
 -122163
   62308
  122234
  -62376
 -122163
   62308
  122234
  -62376
 -122163
   62308
  122234
  -62376
 -122163
   62308
  122234
  -62376
 -122163
   62308
  122234
  -62376
 -122163
   62308
  122234
  -62376
 -122163
   62308
  122234
  -62376
 -122163
   62308
  122234
  -62376
 -122163
   62308
  122234
  -62376
 -122163
   62308
  122234
  -62376
 -122163
   62308
  122234
  -62376
 -122163
   62308
  122234
  -62376
 -122163
   62308
  122234
  -62376
 -122163
   62308
  122234
  -62376
 -122163
   62308
  122234
  -62376
 -122163
   62308
  122234
  -62376
 -122163
   62308
  122234
  -62376
 -122163
   62308
  122234
  -62376
 -122163
   62308
  122234
  -62376
 -122163
   62308
  122234
  -62376
 -122163
   62308
  122234
  -62376
 -122163
   62308
  122234
  -62376
 -122163
   62308
  122234
  -62376
 -122163
   62308
  122234
  -62376
 -122163
   62308
  122234
  -62376
 -122163
   62308
  122234
  -62376
 -122163
   62308
  122234
  -62376
 -122163
   62308
  122234
  -62376
 -122163
   62308
  122234
  -62376
 -122163
   62308
  122234
  -62376
 -122163
   62308
  122234
  -62376
 -122163
   62308
  122234
  -62376
 -122163
   62308
  122234
  -62376
 -122163
   62308
  122234
  -62376
 -122163
   62308
  122234
  -62376
 -122163
   62308
  122234
  -62376
 -122163
   62308
  122234
  -62376
 -122163
   62308
  122234
  -62376
 -122163
   62308
  122234
  -62376
 -122163
   62308
  122234
  -62376
 -122163
   62308
  122234
  -62376
 -122163
   62308
  122234
  -62376
 -122163
   62308
  122234
  -62376
 -122163
   62308
  122234
  -62376
 -122163
   62308
  122234
  -62376
 -122163
   62308
  122234
  -62376
 -122163
   62308
  122234
  -62376
 -122163
   62308
  122234
  -62376
 -122163
   62308
  122234
  -62376
 -122163
   62308
  122234
  -62376
 -122163
   62308
  122234
  -62376
 -122163
   62308
  122234
  -62376
 -122163
   62308
  122234
  -62376
 -122163
   62308
  122234
  -62376
 -122163
   62308
  122234
  -62376
 -122163
   62308
  122234
  -62376
 -122163
   62308
  122234
  -62376
 -122163
   62308
  122234
  -62376
 -122163
   62308
  122234
  -62376
 -122163
   62308
  122234
  -62376
 -122163
   62308
  122234
  -62376
 -122163
   62308
  122234
  -62376
 -122163
   62308
  122234
  -62376
 -122163
   62308
  122234
  -62376
 -122163
   62308
  122234
  -62376
 -122163
   62308
  122234
  -62376
 -122163
   62308
  122234
  -62376
 -122163
   62308
  122234
  -62376
 -122163
   62308
  122234
  -62376
 -122163
   62308
  122234
  -62376
 -122163
   62308
  122234
  -62376
 -122163
   62308
  122234
  -62376
 -122163
   62308
  122234
  -62376
 -122163
   62308
  122234
  -62376
 -122163
   62308
  122234
  -62376
 -122163
   62308
  122234
  -62376
 -122163
   62308
  122234
  -62376
 -122163
   62308
  122234
  -62376
 -122163
   62308
  122234
  -62376
 -122163
   62308
  122234
  -62376
 -122163
   62308
  122234
  -62376
 -122163
   62308
  122234
  -62376
 -122163
   62308
  122234
  -62376
 -122163
   62308
  122234
  -62376
 -122163
   62308
  122234
  -62376
 -122163
   62308
  122234
  -62376
 -122163
   62308
  122234
  -62376
 -122163
   62308
  122234
  -62376
 -122163
   62308
  122234
  -62376
 -122163
   62308
  122234
  -62376
 -122163
   62308
  122234
  -62376
 -122163
   62308
  122234
  -62376
 -122163
   62308
  122234
  -62376
 -122163
   62308
  122234
  -62376
 -122163
   62308
  122234
  -62376
 -122163
   62308
  122234
  -62376
 -122163
   62308
  122234
  -62376
 -122163
   62308
  122234
  -62376
 -122163
   62308
  122234
  -62376
 -122163
   62308
  122234
  -62376
 -122163
   62308
  122234
  -62376
 -122163
   62308
  122234
  -62376
 -122163
   62308
  122234
  -62376
 -122163
   62308
  122234
  -62376
 -122163
   62308
  122234
  -62376
 -122163
   62308
  122234
  -62376
 -122163
   62308
  122234
  -62376
 -122163
   62308
  122234
  -62376
 -122163
   62308
  122234
  -62376
 -122163
   62308
  122234
  -62376
 -122163
   62308
  122234
  -62376
 -122163
   62308
  122234
  -62376
 -122163
   62308
  122234
  -62376
 -122163
   62308
  122234
  -62376
 -122163
   62308
  122234
  -62376
 -122163
   62308
  122234
  -62376
 -122163
   62308
  122234
  -62376
 -122163
   62308
  122234
  -62376
 -122163
   62308
  122234
  -62376
 -122163
   62308
  122234
  -62376
 -122163
   62308
  122234
  -62376
 -122163
   62308
  122234
  -62376
 -122163
   62308
  122234
  -62376
 -122163
   62308
  122234
  -62376
 -122163
   62308
  122234
  -62376
 -122163
   62308
  122234
  -62376
 -122163
   62308
  122234
  -62376
 -122163
   62308
  122234
  -62376
 -122163
   62308
  122234
  -62376
 -122163
   62308
  122234
  -62376
 -122163
   62308
  122234
  -62376
 -122163
   62308
  122234
  -62376
 -122163
   62308
  122234
  -62376
 -122163
   62308
  122234
  -62376
 -122163
   62308
  122234
  -62376
 -122163
   62308
  122234
  -62376
 -122163
   62308
  122234
  -62376
 -122163
   62308
  122234
  -62376
 -122163
   62308
  122234
  -62376
 -122163
   62308
  122234
  -62376
 -122163
   62308
  122234
  -62376
 -122163
   62308
  122234
  -62376
 -122163
   62308
  122234
  -62376
 -122163
   62308
  122234
  -62376
 -122163
   62308
  122234
  -62376
 -122163
   62308
  122234
  -62376
 -122163
   62308
  122234
  -62376
 -122163
   62308
  122234
  -62376
 -122163
   62308
  122234
  -62376
 -122163
   62308
  122234
  -62376
 -122163
   62308
  122234
  -62376
 -122163
   62308
  122234
  -62376
 -122163
   62308
  122234
  -62376
 -122163
   62308
  122234
  -62376
 -122163
   62308
  122234
  -62376
 -122163
   62308
  122234
  -62376
 -122163
   62308
  122234
  -62376
 -122163
   62308
  122234
  -62376
 -122163
   62308
  122234
  -62376
 -122163
   62308
  122234
  -62376
 -122163
   62308
  122234
  -62376
 -122163
   62308
  122234
  -62376
 -122163
   62308
  122234
  -62376
 -122163
   62308
  122234
  -62376
 -122163
   62308
  122234
  -62376
 -122163
   62308
  122234
  -62376
 -122163
   62308
  122234
  -62376
 -122163
   62308
  122234
  -62376
 -122163
   62308
  122234
  -62376
 -122163
   62308
  122234
  -62376
 -122163
   62308
  122234
  -62376
 -122163
   62308
  122234
  -62376
 -122163
   62308
  122234
  -62376
 -122163
   62308
  122234
  -62376
 -122163
   62308
  122234
  -62376
 -122163
   62308
  122234
  -62376
 -122163
   62308
  122234
  -62376
 -122163
   62308
  122234
  -62376
 -122163
   62308
  122234
  -62376
 -122163
   62308
  122234
  -62376
 -122163
   62308
