1111011101001110
0000001110000111
1111010010000100
0000010110100001
0000110010000100
1110001111001100
1111010100101000
0000101110010000
1111111000101111
1111110010100100
1110011100110110
1111000101110101
1111100101010000
0000111000110011
0000011000010010
0000100101111100
1111010000001010
0000100100000000
1111110101100001
1111011100110110
1111111000011011
0000010010011011
0000010111001100
1110110010000100
1111101100011110
0000111011100101
0000001000001110
0000010110110111
1110010011101101
0000000001011101
1111111011001000
0000100011000111
0001001100111011
1111011011111010
1111111110001000
1111100110001000
1110101111101000
1111101011011100
1111001001001101
1111001101111010
1111100010010100
0001000010000000
0000001011000011
0001100100001100
1110111101010001
1110101100000101
1111100011110010
0000111000110001
1110111000011111
0000001010000000
1111100011010010
1110100111110000
0000011001111001
0000010101101011
1111101110111101
0000111111100010
0000000010110101
0000110000000010
0000000011001110
1111011111111001
0000100010110101
0000000101010110
1110111110010001
1111101000101011
1111000101011010
0000100000001010
1110101010001100
0000010101011111
1111010010110010
1111010111101010
0000101001000111
0001010010101010
1111011101011101
1111000100111110
0000001001101110
0000100000001000
0001110110100000
0000111010011110
1111101111100000
0000010000110000
1111011111001010
0000001001100010
0000010010010101
1111000001101100
0001010100001001
1110011000000000
0000001110101100
0001001010011010
0000110111111000
0001010100111101
1111110110100100
0000010001101001
1111001010101010
0000010111001000
0000011110100011
1111111011010101
0000000011111000
0000110000011111
0000011111011000
1110110111101111
1110110111100011
1111110011001010
0001000011110111
1111101001000111
1111010110001101
1111101011010010
1111000110100000
1101110100011011
0000001000110001
1111101110100000
0000011011101101
1111011101110001
1111001100110111
0001011010011000
1111110101100011
1111111011000000
0000010001001011
0001110010100001
0000111100101100
0001101101110100
0000000001111101
0001011101100011
1110100001111110
1111001101010001
0000110011100010
0000010000010001
1111011000011100
0001010000110110
0000100001011110
1111110101001000
1110111011011001
0000100111000000
1111100101001010
0000100110011101
1111101011000010
1111011101001000
1111011000010100
1111101001110011
1111111101110100
0001010101010010
0001011001100101
0000000111000100
1111110111110000
1111111011011000
1111101001010110
1110111110000101
1111010101000100
0000101101000111
0001001101101010
0000010111000100
0000100001001010
0000011001101110
1111110011111110
1111110010001110
1111001011010001
1111001110000011
0000000000011011
0000011010000001
0000100001010101
1111101001110010
1110111110100111
0010010111001010
0000100011011010
0000101000110111
0000011111100010
1111010111111101
0000001101100110
1111011000000101
0000110010110110
0000001011000110
1111010001000000
1111011010111110
0000101011101011
0000110011011100
1111011011011101
0000000010010000
1111011001010111
1111101000110110
0000101100001100
1111110111001010
1110110000110100
1111011110010101
0000001100100011
0000100011110001
1111000000110001
0000100100010000
1111010010101000
1111101101011011
0010000011111100
1111110101011010
0000110000111011
0000000010001101
1111101010101010
0000011110011000
1111110110000111
0000011111110010
0000111011111100
1111010001000000
1111100100101001
1111101001001101
1111001010011010
0001010010100111
1101111010111111
0000111110110011
1111011000001111
1111011100101111
1111101000101000
1110101101100000
0000110101110101
0001100010010100
0000111010000101
1111110011110011
0001100001000100
0000000100100100
0000001111100100
0000000100110111
1110111001101001
1111110011000010
1111110001101110
1111100010100001
1110111011011010
0000010111010101
1110110111111011
1101111111110111
1111110000101011
0001101010001000
0000010001010010
0000000101110010
0000001100000101
1111101001011100
1110111011011100
0010000110100100
0000111101010110
0000101101011001
1111100000010011
0001001110110010
1110101010111100
1111011011100011
1111100001000111
1110110100110001
0000001110010010
0000000100011000
0001110000111000
0000000001001011
1111000000000010
1111100010101101
1111111011110101
0000011001011001
1111011110000111
1111100110010011
1110111100111100
1111111001100101
1111111011001011
0001011011101000
1111110001011100
0001010011110111
1111111100000111
1111111111110101
1111111100011010
1111111111110001
0000101000111000
0000110000010000
0000000110100011
1111100110111101
0000001100101010
0011000000001100
1110101111000010
0000011110011110
1111000111101011
0000001000100111
0000001110010100
1111011001110010
0001101101101001
1111101111000110
0000101011100111
1111111110000011
1110111110111011
0001010000100010
1111111100001100
1111110010010000
0000100100101011
1110100100000111
0000101101010001
1110011011111010
1111101111010010
1111101111110001
0000101011101010
1111100100001001
0001000010110101
0000110111010000
0001001010110101
0000101010011011
1111101010011111
1110110011110111
0000011010111010
1110111010100100
0000110000111101
1111011100100000
1111111111101110
0000100010110111
0000011100010110
1111111100001001
1111101000111111
1101110101010100
0010000111010111
1111110101010111
1111010001000110
1111001110000000
1110111011101110
0001000010011001
0000010011100100
1111101110000111
0000001100100111
0000100010101010
1111110001001110
1101110111011010
0000011111101100
0000001011011101
0000001100001100
1111100110100000
0000001000001001
1111011111111010
1111101000001101
1111111110001110
0001100000011000
1101111010111100
1111000011011101
0001010000000010
0000001001001110
0000000001111110
0001001010110000
1111110001110011
1111101010010000
1111001011111000
1111100101001010
1111101111101010
1110100011001111
1111111101101000
0000011001010111
1111111000000010
1111011110011011
1111111001001000
1111110000000011
1111011111111101
1110101101010100
1111101111011010
1111110001011000
1111101001110011
0000110000100000
0000010001110111
1111101101011111
1111010001110110
1111000010000111
1111100110010111
1111010101100100
1111000001110011
1110101001010000
1111101100010011
1111011010110110
0001010110000000
1111010110100101
0000010011111001
0000100111110000
1110101100110000
0000001010000011
0001010101011110
1111010010001111
0000011010010011
1110011000000011
1111110001011110
0000011100011100
1101010100011011
1110101110001010
1111111010011101
1110011000101111
0001110110011111
1111110101101100
0000011011111010
0000011011001110
1111000111101001
0000100111011010
0000001110110110
0000110000001010
1111000010001101
0000101111000110
1111010000101111
0000100000111100
0000001100101011
1110111111101010
0000111101011110
1111001100011110
0000011010100110
1110001111000111
1111111011110010
0001001010010001
1111010110111111
0001011010001110
0001000111111001
1111110010010111
0000010000101100
1110110110101001
1111010100101111
1110101111100110
0000101001110100
0000101001000111
0000111011101011
1111000010111011
1111010000110011
0000001000100001
1110101101011010
1111100101000100
1111110101110010
1110000011101011
0000000111001100
1111001101110101
1111110000101101
0000000010010100
0000101100100000
1110111010110000
1111101001001000
0000101110000001
0000011101010001
0000111101001100
1111010011110010
1111111000110000
0010011001100010
0000100111101000
1111101101111010
1111111011100101
1111111000111100
0000011111101001
1111110101001000
1110101000001100
0000010011101000
0000111010000011
1111100011011101
0001010110011101
0001000101010010
1111000110010111
1110010011000100
1111010001011110
0000101101101101
1111111010100011
0000101001100110
0001000101111011
1111110010100111
0000110111001000
0000000110000000
0000100010010010
1111101100001101
0000111000000000
0000001110100101
0000101101000011
1110111110010010
1111011101110011
0000010101000101
1110110011000110
1111101010111101
1111101010000001
0000010101010011
1111010011010001
1110001010011110
0000111101010000
1111111101000111
1111001000100001
0000000101111110
0000100010011100
0000100001111001
0000001011111101
0001000101001000
0000110101110010
0000101010000011
1110111000001111
1111010111000101
0000001011101111
1111010011000100
1110100100011100
0000101011010101
1110011001001110
1101011010001110
1111010000110110
0000000001101110
1111011011110101
0000100101111100
0000000110011110
0001011101111011
1111010111110000
0010000011010000
1111010110101101
1111111000010110
1111010000001000
0000001101111011
0000000001000001
0000000011010100
0000110100001011
1111100010010011
1111101001011001
0000100000101111
1111111000010001
1111011011010111
0000011011100001
0001001010111011
1110010111000010
0000101101100000
1111110100010011
0001110011010110
0000100101111111
0000110011111010
1111100110110100
0001000110011101
1111010110001101
0001000101101100
1111100000001000
0000110101100011
0000000001001010
1110110110010101
0000001000101011
1111111000000110
1111001101001100
1111111000010101
0000101100100001
1111110010111111
0000110100011010
0000000101000010
0000011001111111
1111010101101000
0001010011110001
1111100100000001
1110000010011100
1111110100101000
0001010110001010
1111010101010111
0000010101011101
1110010101101010
0000110111110100
0000001010011000
0000000000110111
0000011101101100
1111111000101001
0000111010111101
0000011101011011
1111100011001111
1111011001010011
1111111001011110
1101111101110001
0000000101111010
0000111111011000
1111011000001100
1111101010111000
1111101110110100
1111010000111000
0000100010110001
1111110000001001
0000110000100001
0000100110111110
1111101011000111
1111101111010101
0000101111000000
0000001110101011
1111101000011001
1111001100101100
1111101101111010
0000110010011010
0000010100110100
0000010001010000
1110100001010110
0001010000100000
0000011011111000
1111010101101100
0000101001010100
1110010000001000
1110110011100110
0000000011010000
1111011111110011
0000011101010111
0000001001111011
1111111101101110
0000001011110010
0000011111010100
1111101001001010
1111110111011101
0000111101001001
0000001101000010
1111000011100110
1111011111100001
1111001000111010
1110000100001110
0000000110000111
0000011111100111
1111110000011110
1110101110111100
0000011001101111
0001010001110000
0010010000101010
1111010100010111
0000110111010000
1111100000000001
0001001001100100
0001010000011001
0001000101110000
0000010001101001
0000100110011110
0001011001101010
1111100111100000
0000010101100110
1110100001111010
1111110101001101
0000011101111101
1110110000111011
0000010100111010
1111101001011100
1111001100111001
0000110001010000
0000110000101011
1111101110110111
1101111101101100
1111101100000000
0000101111011101
1111101100000000
0000001101000111
0000001111111111
0000110111010000
0000000010000111
1111010000001011
1111101001000011
1111111110110011
1111111110010110
1111100001011110
0001011001100100
1111111001110101
1110111110001010
0001011111110101
1111101010010101
0000100010101011
0001100011101111
1110111100010000
0000000110100110
0001000100000001
1111011011011011
1111111100101110
1101110001111010
1111001010000110
0010001101111101
0000111010000101
1110011111100010
1110111111001101
0000000011110101
0000100101100101
1111101110101000
1110100111101000
0001000011101011
1111111011100000
1110111111100110
0001001100100010
1111111011111011
0001000110011001
0000010000001101
1111100001001111
0000110001100100
1111110111010000
1111000111111101
0000010000000100
1110100111101000
1111110011000111
0000111100011100
0000101100001001
1111101110011001
0000111101100000
0000101100100001
1110110100010110
0000000110001010
1111100001101100
1111111111001001
0010100011000110
1111110010110011
0000110110010011
0000100011000000
1111011001100111
0000100100110001
0001000101011011
1111101111111010
1111111110110111
1101110100000101
0000001000101010
1111101100111111
0000000111010001
0001110110000100
0000000101001100
1111100000000101
0000111111011011
1101101010111100
0001001110011001
1111000000011101
0000100010111100
1111001010011011
1111101001000010
1110100010100000
0000101111011110
1110001111110110
1110101001110111
1110000111101010
1111111001101011
0001100100010110
1111111001101001
0000011001100001
0000100011010011
1111100011111111
0000001011111000
0001010101110111
1111001110010111
0000010011110100
0000101101001001
0000101111111101
0000011111010101
1111111000110011
0000110100010011
0000011100100101
1111111011111101
1110111000010010
1111110010111111
1110001010001111
1110101100001010
1111011111000000
0000000101100100
1111101011000000
0000100011010110
1111101000101000
1110011110000000
0000010100000011
1110011001101000
0000011000111001
1111110110101001
0000110110111011
0000110110111100
1111111000100101
0000111100111100
0000101001011000
1111010110100011
1110100101100111
1111110011110111
1111011101111101
0000000000111111
0000100100100101
0000111110101100
1111110100101000
0001000111111001
1111001010100110
0000001001001010
0000110110001010
0000101101101011
0001001100101001
1110111001010110
1111000111000001
1111100110010101
0000011110111111
1111110000010011
0000000010110000
0000000100001101
0000101110111010
0000011101100100
1110111010111011
0000011011110110
0000010000010000
0001101110111110
0000100011110100
1111101111111101
0000000010111011
0001000001011010
0010000101001011
1111000000000001
0000011001010101
1111111001011000
1111100010100110
1110011011011000
1111001010110001
0001000000000001
1111111110011110
1111110000011111
0000001001100000
1111000111110100
1110001011001110
1111111011111101
0001000011111001
0000110010100101
0001111000000110
0000110110110001
1110111011101011
1111101011000101
1111110001111000
0000001100110100
1111101001000100
0001011011100101
1111111101001001
0000110001111011
1110111101100000
1111111000100001
1111000100110110
0000011001010001
1111110011110111
0000110101001111
1111101010111110
0000001101001001
0000010110110000
0000000101111100
1111100000101001
1110111101001001
1111111011100110
1111101101111001
0000010111011111
1110111010110001
1111000101111101
0000111110000000
1111001111110110
1111000100101111
1111011100100001
1110111010100101
0001000101110111
0000011100001011
0000011111010101
1111100010110101
0001010000001100
0000010111000000
1111000101010100
1111011000110000
1111011110001110
0000000101000011
1111101011100111
1110110011011100
1111001000111110
1111110101001101
1111010110100101
1101101000110101
0000111101010111
0000000100000011
1111110001110010
0000011000011111
0000010101011011
1111011001100000
0001000011000000
0001000010100100
0000010010000001
1111001010110100
0000011010101101
0000010011101100
0000011100010010
1110101001110000
0000001111101100
1110101001001001
1110001001000111
1111110100111000
1111101001001010
1110110010100010
0000101100010110
0000000100001010
0000101011011101
1111000000100111
1110110111111011
1110101110000001
0000001000110111
1111100110000010
1111101111000101
0000110000110011
1111010000010001
0001100010010101
0000111011100000
0000101101001110
1111011000111111
0000000000001110
1111110000011100
0000101110100011
0000101101000011
0000000001100100
0001001100011100
1110101001001101
0000001010010111
0001110100110100
0000000001000011
1111101000010101
0000001000010110
0000110101100101
0000010010001110
0001001011101010
0000100100010111
1111110100101111
1111100010000101
0001010110001000
1111011111111111
0000001001111100
0000100000100010
1101110110001100
0000001101000010
0000101101110001
0001100010010100
0000110111011100
1110100001100110
0001010011101010
0000000001000111
1110111011001010
0000111101011001
1111000100010000
0000100001101011
1111100101111101
1111101100100110
1111110000110010
0000010000010010
0000001001011011
0001000101000011
1111111110101111
0000000100001001
1111111001010011
0000000110010000
0001000100001110
1110111101111100
0000000100100010
0000011010000010
1111000101000100
1110110100110011
1111110010101110
0000010000001110
1111100101011111
1110010001011100
1111100010001101
0000111100010000
1111011010011111
1111101001011010
1111011110000011
0000000100011100
1111010001101100
0000110111100000
1111110111101010
0000011011101011
0000001010110110
0000001001100100
1111111110110100
0000101011101011
1111101111101000
0000110101110001
0000001110010001
1111001001110100
0000001011010001
0001011010100110
0000111011001010
1111111011001011
0001010001110000
0000011101101111
0000001011101100
0001010011000010
1111010001100010
1111110111101001
0001011110000000
1111111101111000
1111001001010001
1111101110101110
1111001111110111
1111111011111111
0001101000111101
0001000010100011
0001001110100110
1111111111100111
0001000001010000
0000101101010010
0000101011111100
1111111001001001
1111111011010010
1111011010000100
1110100111010000
0000110101110011
1110000010000110
0000110100100011
1111001111100010
1110110100010110
1111010011111100
1111010100111010
1111111100010000
1111101100100110
1111100111011110
0000000110011100
0000100001001111
1111010100010100
0000010101011001
0000011010100110
0000010100100011
1111111110110101
1111000101010111
0000110100000100
0001100000000101
1111110100001110
0001011100100001
1111111001000010
0000011110011001
0000010100000000
1111001000111000
1111010110100100
1111111010011010
0000011010111000
1111011010101001
0000111010010111
0000001010110110
1111001001010110
1110011101011110
0000011101000101
1110110111011000
1111111101010011
0000000110100101
1111001001011101
0000001001010111
0000011101100100
0000100000101011
0001011001101101
0000001001100101
1110100010000100
0000100100011111
0001010100001010
0000111101101000
0000000110101000
0000000100011110
1111110010100001
0000100111011100
0000000000000010
1111101011110001
1111001100011010
1111010011100011
1110101110011100
1111100110001111
1111111011110101
1111110011101100
0001000011000100
0000001011111100
0000010011100011
0000010101001001
0000010011110010
0000101110100101
1111101111000000
1111000000100101
0001001110001101
1111111000110000
0000001110000000
0000001100010101
0000001011001111
1111011111000111
1111011001001000
0000011010111010
1111000000001111
0000111001000111
1111010100011101
0000001011000110
0000001001100111
1111101000000100
0000011111011011
0000010011101000
0001010010000111
1111011011110100
1111101100001011
0000010110001000
0001000111101001
1111111110011111
1111100100001010
1111101111111111
1110111111110010
1111100011110110
1111100000011111
0000000110101000
0001010001111011
1110111010111110
1111111010111110
0000011101100000
1111100100011010
0000000000001000
0000110000001010
0000010101110101
1111010011110010
1101111100011000
0001001011000111
1111110110101110
0000011000110000
1111110001001101
1111011011011111
1111001010011001
1111100110110010
0000001001111111
0000000111011011
1110000001101010
0000111011001110
1111001001100011
1111010111010110
1111010101011101
1111111101101001
1100100111001100
0000000110110110
0001010111100000
1111000110000001
1110010101010110
0001110000011101
0000000010011100
1110101000101111
1110111110010000
0000100001010110
1111011011111000
1110111010100101
1111111101000100
1110111000000100
1111110001110111
1111111111000100
0000000011000111
0000110100000111
0000011100111100
1111011011001100
0000010101000100
1111100011001010
0000101011110111
0000001011001001
0000000000100101
1111111011110101
1111110011011011
1110100110101010
0010000111111110
1111110100101111
1110110110110001
0000000110110110
0000101110010111
1110000011100100
0000100010110110
1111111100000010
1110101011010000
0000000011101111
0000001011001100
0000000100000001
1111101100111101
1111011010101110
0000101101111010
0000011010101100
0000000001000011
0000101101001100
0001101000100001
1111110000000110
0000100111110011
1111100111101101
0000101101110010
0000111111000000
1111110010011001
0000000111100001
1101010000110001
0000000111111001
1110001111000111
1111100001001101
1111110101111100
1111101111111101
0000001001110100
1111000111100100
1111110111001001
0000110001100110
0000001110001010
1111100000110010
0000101101101001
1110010001011000
0000000010101100
0000011100011100
0000101111000010
1110101110110000
0000001110110010
0000000101100111
0001111000011100
0001100110000101
1110001010010111
1111111100001110
1111101100111100
1110011101010101
0001001011100010
0001000010011001
0000110110100101
0000110101000010
1111110111000000
0001101111101001
1111111110100010
1111101001101001
1110110001110010
1110101010101010
0000100101001011
1111111011010101
0000111110000110
0000010010101001
1111011111011011
0000011010111010
0001101100100110
1110111001110010
0000100110000001
1111111000000010
0000111001101101
1111100010010101
0000010011010011
0001100000100011
1111010101010011
1110101001111010
0000000110011100
0000111011011001
1111010000101001
0000010111011111
0000101111110010
0001001010011010
0000001010100001
1111010000010100
0000111011110000
1111001010010101
0001000010001100
0000001100010000
0010001100010111
1111001100011111
1111010111001100
0000110111100110
1111111001100110
1111001110001100
0001011011001100
0000101011100000
0000000111000101
0000011110101010
1111010011111111
0000100001101011
0000000111010011
0000000001111110
1111101001000101
1111000010001100
1111111010011100
0000110100100110
1111000001100101
1111100101111010
0001000111011110
1111100110010100
0000101110111110
1110001001011001
1111001000100011
1111110110111111
0000110100010111
1111011000110010
1111101101011011
0000011010110000
1110100110011101
0000111110100011
1111011101000111
0001111001111000
0001000000011010
1110111111111000
1111010110010110
0000101111011010
1111001010000100
1111111001100010
1101111101111110
1111001011110110
0000110100010001
0001001001010110
1110100001000101
0000110000001001
0000010010111001
0000000010001100
1110101111010010
1101110000000000
1111001011011000
0000101111001111
1111000110110001
0001111011111001
0001001101010111
1111111010110110
0010100010110110
0000110010001101
1111111010101110
0000001010111001
0001011011110111
0000000001111101
0000100101101110
1110000111010011
0000011001001011
1110111100011101
0000011111110101
1111111001001000
0000011110010110
0000100101100101
0000101001101001
1111100010001110
1111110101111101
0000101010101101
1111100101011111
1111001011000101
0000010101011010
0000000010101001
0000100011110111
1110001010100111
1111100110111000
1111100100011111
1111110001010001
0001111101010100
0000111100111011
0000001000110001
1111011000110000
1111110111011100
1110101001010010
1111100101011011
1110101011101100
1110101100101001
1110101101100001
1111111000110010
1110101000101111
1111001110001000
0000110100001000
1111001100010000
1110111111101101
0000110000001000
0000001000101000
0000010111000110
1101001011111011
1111100010100000
1110111011011001
0000000111101001
0010011011001111
1111111110101001
0001010111011110
0000101001000000
1111011100000001
1111100100111001
1111100111010100
1111001111111011
0000001111100110
1110010100010111
1111110111100100
0000101101001100
0000101000110000
1111110011011001
0000000100100000
0000001101010000
1111100001011101
0000011011000000
0000100101110010
1110100011001111
0000010101101111
1111000000110000
0000101110010110
1111111000111100
0000101011100001
0000101111100111
1111001110000011
1111110110010110
1101110111000101
0000000100000101
0001011011111011
1111001110010000
0000110001101010
0000110101000111
1111100011100100
0000111110001100
1111110011100111
0000001011101010
0000010000111011
0000011110110110
0000110011000000
1110100100000001
0000001110100111
1110110110110111
1111011010001000
0000011011111100
1111100101001001
1111101000000011
0000000100110100
1111111011000010
0000100000111110
0001100000110011
1111100110100101
1111000001000010
0000011000011111
0000101000101011
1111011000000110
0000001110001110
0000000110011101
1111011111000100
1110100110101111
1110001010010001
1111010011001110
0000000000010001
1111010101011101
1111010110010101
1111100111100001
1111011000000011
1111000001010010
0000001111100011
0000011000100100
1111100010101001
1111001100100110
0000011111101100
0001010011101101
0000000101110000
0001001101110111
1110111111000110
1110010110001101
1111100110101111
0000001010011000
1111111101111100
0000000010010011
1111100011110011
1111011110111101
1110101101010011
1111010110111011
0001000100000110
0000001101110110
1111110111001010
1110011101011101
1111001101110110
0000010110001001
0001000100101100
1111011100111010
1111101000001000
0000111001111100
1111011110011000
1111010110110000
1110111100000100
0000010110001011
1111101111000110
1110110000100100
0000110001100010
0000001010101010
0000110011010000
0000010011000000
0000000010001001
1111100011111100
0000000100101000
1111011011110110
0001110000111100
0001100100000001
0000101100010101
0001000001001001
0000011101110110
1111001000100101
0000110100111011
0000011011110010
0000110101011001
0000011100011111
0001111011101000
0000011001010011
0001001110100101
1111011010100100
1110111101010110
1111000110000010
0000001110011101
1111111011111110
1110100111101110
1111110110100001
0000101001110100
0000110111100110
0001101000011101
0000001000011111
0000101000001000
1111111101001010
1111001001011001
1111010001000011
1111001001011111
0000111010001111
0000000000001000
1110110001000000
1111000101110110
1111011011010101
0000000100010011
0000001011111001
0000000001100001
0000011111111000
0001111101100100
1111111111110000
0000010100101100
1111001101101101
0000010110100100
1111100101010110
1110100001000111
1110111100001100
0000011101000000
0000000001100111
1111010110001000
1111110100000101
1111001010100010
1111100010011111
0000010101101011
1111101000101001
0001000001101110
0000111010111101
1111001110011111
0000110111101101
0000010001100001
1101111001111101
1111110110001110
1110101111010011
0001011011111011
1111100100100001
1111001111000011
1110111010000111
1111101001000101
0001101111011101
1110100010100011
0000001100000010
0000110100010010
1111011100000100
1111000100011000
0000001100011101
0000001101111110
1111010010000010
1111010111000000
0001010010100011
1111111011011000
0000001010110110
0001000001111000
1111101010101000
0000101111011010
0001011110010101
0000110101110001
0000111010111000
1111111000001101
0000000111011100
0001000110100110
0000010010011011
1111111111101101
0000101101100001
0000010011101000
0000100001011111
1111111010100110
0000000000010010
0001101101101001
1110101111101111
1111100011011011
1111000000110111
0000000011100010
0000101110001101
0000110001001010
1111000101000010
1111100100111110
0000011100000010
1111101110111100
1110010111100101
0000011001101000
1111110010011100
0001010100111110
1111101000011110
0000100001001110
1111101100000111
1111111001011111
1110110110010000
0000000111101101
0000010001000101
1110101010011101
1111011101011110
1111010110101110
1110000111000010
0000000100111001
0001100000111011
1110111111111110
1110101111111010
0001000101000110
1111111011000010
0000001010011010
0001000011000111
1111111001100011
1110111010100001
0000100001000111
0001010010111110
1111101110110000
1111001001101110
1111100110111010
0000000110110010
1111100000101111
1111101001100101
1110011010111101
0000011111000100
1111100101001011
1110110111110101
0000111001000011
1111001001110110
0000001000011010
0000010001011101
0001010010101001
1110110000010100
1111010110011000
0001000100101100
0010000011010111
1111100011010101
0001001001101110
1111000111001100
1110111100011111
0000100110101001
1111110011111001
0000010101001100
1110011010110100
0000101011101011
0001011101111111
0000000001010000
0000101000100101
1110110100010110
1110011011101001
1110110010011111
1111000111110100
0001000000110001
0000000100101111
1110110111101111
0000111001001010
1111000001001101
0000001101001011
1111110111000110
0000111110010111
1111100101101111
1111111110110101
0000001100111011
0000010100011101
1110011010111100
1101110110101010
0000000111001000
1111110100010010
1111001001110001
0000101011001101
0000001111001100
0000010110000101
0000110010101011
1111001001101000
0000110000100110
1111110011101100
0000011100110000
1111111011000100
0000001101011000
0000101111000010
0001000010100010
0000001011111000
1110001110000010
0000010010100010
0000100011010000
0000101101000011
0000100110111001
0000110000111011
1111111101100001
0000011111001101
1111100000110000
1111011100111101
1111011101101100
1111101010100101
0000011111110001
0001010000000100
1111111100000000
1111011010101100
1111100100111111
0000101000011100
1110110101010101
0001001111011100
0000100011010001
0010000001101000
0000000000010000
1110110001000110
1111110011010010
0000100100010000
1110110110100011
1111000100000100
0000101100010001
1111111110101000
0000000101000110
0000000111101110
1111111110111010
1111010101001100
0000010110000010
1101111000010101
1110100110100011
0000101001000111
0001000111101000
0000001110001000
1111101001111100
1111110110101111
0000110100000100
1111100110011011
0000110101111001
0000001000110100
1111011000111101
0001000101101111
1111101010100100
1110010001111110
0000000010100110
0001001011101111
0000101001000110
0000000110001110
1111100011001101
0000111110000001
0000001001111111
0000010001010000
1110110011010111
1111000011000110
0000101000011010
1111110110000010
1110111100000010
1110010101110011
1111010100011111
1111111100010000
0000100011011011
0000000100101110
1111111010111001
1111111001010011
1111101110101110
1111111011101011
0000101100000010
1110000101000100
0000010000001101
0000011101100001
0000011111110100
0000000101000100
0000001000001000
1111000111101110
0000001011110011
1111011111110011
0000011100000001
1111110110101111
1111011010011101
1111111111010001
0000110100100001
1111011010011110
1111101110100100
0001001001100111
1111111110100000
0001010010110111
1111110000001100
0000011110111111
0010011010101111
0000001000000001
0001111000111111
1111101100100000
0000000011100011
1111010011010011
1111100000011101
0000010001111101
0000110111100110
1111011100010100
0000011001010110
1111110000010100
0000001011101010
1111001010001011
0000000111101011
1111000101101110
0000010100001010
1111001001010010
1111100100110110
0000000011101001
1111110001000000
1111011010111000
1111110101000001
1111110001111000
1111101100100100
0001110110011110
0000101000100000
1110101010111110
0000010010001011
0000101110101110
1111011001110100
0000010111001110
1111001100010001
1111110001110100
1111111110111110
0000010100011011
0000001101000011
0000010111110110
1110100011111100
1111110010100010
0000010110111001
0010100010100110
0000001111110101
1111100111010010
0000100010110100
0000101101011000
0000110100010001
1110011110001100
0000000000011001
0001100000110111
0000000000001101
0001010100001111
0000000100010110
0000000111001110
0000001001011100
1111111011110010
1101110010110000
1110110011010111
1111010101111011
0000010011100001
1111010000010010
0000011010110110
0000000011101110
0000111100001001
0001011110111111
0000110101111010
1111111101101011
1111101011011110
0000101101101101
0000110011011010
0000100100101000
1111101001001010
0000001010011111
1111110110110110
0000010101001111
1111001000110101
1111000010010101
0000100101101001
0000100101100001
0000010010111100
0001001010000111
0001001100010110
0000111111111010
1111111101001011
1111101110110000
0001100100011110
1111001010100000
1111101010000100
1111111001110101
1111101100000101
0000011000110010
0000101010101010
0000111101110011
0001000100101011
0000001010111100
0000010101011001
0000010000001011
0001110011000010
1111010001011111
1110101000110101
1111100000011011
1111000101011100
1110100101011000
0001000010110110
1111100000110111
0001010011001011
1111010001011001
1111010011010011
1111000100100110
1111101011110000
1111010000010100
0000111101111000
1111100101111100
1111011101011011
1111101110100010
1111101010010010
1111001000101110
0000110110111010
0000010100000101
1111011111100010
0000100101100110
0000000101100101
0000000000100111
0000100000111111
1111101100010100
1111011010101111
0000000100011011
1111011011110000
0000001111111001
0000111011001110
1111111011010111
0000111111100111
1101100011010010
1111000100100011
0000110100100110
1111101100001001
0001000111111110
1111011111100001
0000100000100101
1111111000111100
0000110100001010
0000010010000110
1111010010100101
1110010101010100
1110000011110101
1110101001000001
1110111010100110
1110111110101101
1110110000111011
0001010011010010
0000010100000101
0000001111110110
0000011111111001
1111101001010011
0001001111101000
1111110101100011
0000000110111111
0000101110010011
0000010011010100
0001001000101101
1110110111001101
0000100111101101
0000000101010101
1111000101010001
1111100100110101
0001001111100000
0000010100111111
1110100001101100
1110111011110010
1110101011100100
0001101111100111
0001000110010100
0000110110011001
0001101000100100
1110110100100110
1111100111100101
0000110110110101
1111010001010001
1111001000010011
0000001100000101
0000011110110100
1111010001111011
0000000100110010
0001000110100011
1111101111011000
0001010010010110
1111010001011100
0000011000111011
1110001101000000
1110001100000000
1111010111100000
1111001111000011
1111101110001100
1111011001101001
0001000000110001
0000101101011011
1111001101101111
1110111111100101
1110110110010010
0000110000010101
1111101001111011
0000000100001100
1111000011100110
0000100001001000
1111110001000111
1111111001110101
0000011001111111
1111010101000010
1110101111100110
0000011111100000
1111000001110010
0000010010111011
1111000000011100
0001110000001010
0000101011001111
0000111001110101
1110100010010101
1111011011110010
0001010101100001
1111010011011111
1111011000111001
1111110011110000
0001000101110101
1111000111011101
0000011101100110
1111000000100011
1110001100100100
1111000101010100
0001000101100111
1111000100011000
1111010110111110
1111110001100100
0001100110011011
0000001110000000
1111100101101101
1111100110011000
1110101100101011
0000101001011111
1111101010111000
1111100010100110
1111111000100010
1111111111010100
1111000110010100
0000011001010100
0000011011010011
1111100001001110
0000111011011010
1101111100100111
0001100100010010
0000010111001100
0001011001111001
0000000010100110
1111111000101000
0000101100110001
1111000101101001
0000001011101001
0000111100000101
1111010101111101
1111100010111111
0000001100110110
1111111001101001
1111110000001111
1111101111001010
1101111000010010
1111010100101100
1111110000100111
0000100011000010
0000110000010011
1111010001100011
1111110000011000
0000000100011001
0010001111101110
1111111001000110
1111010100011011
0000000000000101
0001001010110100
0000001000111000
0000001111101110
0000101001011101
0000010110000010
1110111111010101
0001001101001111
1111010110101000
1111011000001010
1111111101011111
1111100110110110
1111101111001110
1110110101111110
0000110010111101
0001100011100111
1111110100000010
0000001001001101
0000011010010111
0001000010100001
1110010010101011
1111010111010010
1111101111011001
0000110001101010
0000001110011111
0000110111001101
0001101111001010
1111100100111011
1111001010010010
0000101011010011
1111111101001110
0000010001011110
0001001110111111
0000111001000111
1111110110100101
0000000110001001
0000001000110001
0000000111111011
0000100011100101
0000001011101010
1110010010011011
1110111111100011
1111101001100100
1110001111011010
1110111101110111
1111110100100101
0000011011111100
1111111011110101
1111011010100101
0001010111110011
0000101100000101
0000100101011010
1110100000100101
0000010001000011
1110010011000111
1111001001100101
0000000100110110
1111110010111011
1111001111010100
1111011101100011
0000010101001000
1111100001101001
0000011001000110
0001011000001100
1111000011110111
1111011001000100
0000011110111110
1111110100011100
0001000011011010
0000010011000101
1110110000111001
0001001111110101
1101110111011010
0001000110010100
0000101011000010
1110011110110100
0001010100100111
1110110101100010
1111110110000010
1111110110011100
0000101010101011
1111110111101110
1111101001011100
1111100010111011
0000010000101110
1110101011110111
1111110011101001
1111101101101001
0001000011000001
0000011111000111
0000111010110010
0000111001110001
1110101000010001
0001001001010001
0000100101110010
1101100111010110
0000001011000011
0001001001000011
1111100000011111
1111011101010111
0000110100110100
1111100100001010
0000001111011001
1111110100010010
0000111000011110
1111011011100111
0000101100111111
1111100110101001
1111100001111111
0000000101111001
1111110000111010
0001110001100011
0001110000110101
0001110000011110
1111000010010010
0001010100001110
1111111101010110
1111100001000000
1111101100010001
1111010001110010
0000000011000111
1111111101110101
1111110101011010
1111010001011000
1111110110001010
1111011100001011
1111100010001111
0000010110011101
1111010011100011
0001100001000100
0000101100011111
1111111110110110
1110110100101101
1111111010001010
0001110010100011
0001100110010101
1111110111111110
0000011111110100
0000011111111111
1110111101011110
0000101011101000
1111000000100000
1110110001110111
0000111001010101
0000001101010001
1110110101111010
0000010100010100
0000111000110001
0001000110011100
0000001000011001
1111100001011101
0000000011111000
0000111111100100
0001001110001010
0000010010111001
0001001100100100
1111001010001110
0000100100101010
1111110010001011
1111100001000010
0000011001011000
0000010110110011
1111011000000110
1111110111111111
1111110001000001
1111001000111010
0000101010101110
0001000110100010
0000001000101110
0000011100100001
1110001001100000
0001111101111110
0001100111011010
1111110101000011
0000110110111011
0000101000001000
1111111110001010
1110111011001100
1111100000001001
0000100010001101
0000100110100100
1111011010010000
0000100111101100
1111010001110000
1111111010000011
1111101111011000
0000001011011110
1111011101100011
0000101111001101
0000100110100100
1111101001010111
0000000101010001
0001000101100011
1111001110111100
1110111101101100
0000001110101111
1111100001101100
1110111001110101
1110001111110010
1111010100001111
0000100011111010
0000010010100010
0000101010110001
1111000111001001
0000000110000000
0000000000101100
1110011101101110
0000111101110011
0001010110000110
0000011001010101
0000000001111100
1111101001111110
0001100010011101
0001000010111111
1110111010111101
1111010011101110
0001010110011011
1110111101100100
0001001011000010
0001000111001000
0000000010010010
1111111100101111
0000110011001110
1111111010101011
0001110010000011
0000000011001101
1111011010111101
1110001011110011
0000100100011011
1110011101110110
1111101110000010
1110110000011101
0000101001011110
0000100000001111
0000001010110110
1111101111000011
0000100000110010
0000010001011100
0000001001101100
1111000011100111
1111000110110111
1111001011101110
1111011100111101
1110000110111000
1110111011100110
0000011111001110
0000011101110000
1111110101001010
1111010000011011
0000001100100101
1111111101110110
1111011111110110
1111101111001110
0000010010110111
0000110001000000
0000001110110110
0000111101111000
0000110110111011
0001000001000111
0000010011011001
0000101001111011
1110011000111001
0001111010011000
0000000010111110
1111110101011010
0000111110001101
0000101010111001
0000000110011111
0001100011101100
0000110010101101
0000011010110000
1111110001101000
0000011000001111
0010011101111000
0000110111000001
1111100000000110
1111110111101011
0000010010100100
0001101101000100
1111101010111100
0000001111010011
1111101111111110
0000001111101010
0000010101010101
1111001100100011
0001000100111011
0001100100111101
1110001001101011
1111000010100001
0000110001011100
1110110111001001
0000010100000001
0000110110011010
1110110111000011
0000111001010110
1111001000111110
1111111001010000
1111110100011010
0000100101000101
1110110010010000
1111001000010011
1111001101110100
0000111111101101
0000010000011010
0000100110111100
0000110100111100
1111101101110010
1111111011001011
1111100010001111
1111101110011010
1111011001001000
0000010000111011
0001000011111101
0001110100111110
1111100100101001
1111010000111110
1111010101100100
0000001100010101
0000011110001101
1111101100100110
1111010101100000
0000110001111001
0000010011101110
0000011111101100
1111101011000100
1111111110100010
0000110100010001
1111101011101111
0000100000011101
0000110110000010
0000110100100000
1111100010011111
1111010011010110
1111101010110111
0001010111100101
0000011010010110
1110111000001101
1110111001111110
1111100000110011
0000000110100101
1111111110100011
0000010011101111
0001001111111000
1111000010110000
1111000001011011
1111101110101000
0001001101000000
0000110111101000
1111101110000110
1111001100111010
0000010101101001
1111101100101011
0000100101010100
1110001101010100
0001100100101101
1111100101011010
0000000000101000
0000010101010001
0001000111101100
0001010110011111
0000110111010100
1101110100100101
1111111100110001
0001010001110011
0000100101011001
0000001010110010
1111101101010100
1111001011111000
0000010011011010
0000101000011100
0001101011000101
0000001000111010
1111111110110100
1111000010111011
0001010010010000
1111101101110110
0000010010101101
0000100101000011
1111010001001010
0000010000000010
0001001001101001
1111111101010010
0000001100000011
0000110010110001
1111011111111101
1111111100110000
0000011100001110
1110100000010010
0001000001100101
0000000001000100
1110111001000001
1111011101100100
1111101000111100
0000110000000001
0000000000010000
0000000011001100
1111001010011101
0000101111100100
0000000100001010
1111100100000000
0000000100001110
1111101110111010
1111001110000100
1110101001100000
1111110011000010
0000001001000111
1111011010100100
0000011110100111
0000101110000110
0000001100101011
0000110001011000
0001110000000110
1111110110011011
0001011010110011
1111000101011101
1111110010001011
1111000111001111
1111010010110100
0001000001011010
0000010111000010
1111111100111100
1111110001100000
0000100001101001
0000000111011000
0000010010011101
0000110001101011
0000000101111010
0000101010100100
1111001001111000
0001011011010100
0000000101101010
1111001111111111
0000101011000000
0000101001011110
0000000000111010
0001011101111111
0001011001001000
0000011001101011
0000010010001110
1111011000101000
0001110100000100
0000011110011010
1111100011001101
1111010011011111
1110010110001011
0000000101100110
1111001001111001
1110110010011101
0000111001011000
0010010111110000
0000100011100110
1111111001001100
0000010110001010
1110111101100110
0000000010100101
1111110100100000
1111100111100111
0001100011111000
1111001110010101
0000000011010010
0000101110000011
1110110010000000
1111101100111111
0000100000000100
0000100001010010
1111001010000110
0000000100111110
1111011010110111
0001111111110101
0000001001010110
0001011101011110
0000110010100101
1110010111111110
1111100100000101
1111000010001101
0001001001100000
0000010100010010
1111011000010011
0000000001000010
1111110110111011
0000010010011011
1111110100111100
0001011101101010
0000100011010110
0000100011001100
1111111110100010
0000101111111101
1111000000010001
0000101101010010
1111001110001111
1111000001101110
0001100011010100
1110111111000101
0000010010010011
0000000101010111
0000000110010001
0000011011010001
0000100011010001
1111110010100100
1111110100100011
1111001110110101
0000011011000110
1111010000011000
0000000001110100
0000000101001111
0000000110011010
1111101011000110
1111110001101100
0000011111110011
0001100110011110
0000110010100111
0000011001000101
1111100101110010
0000010111011000
1110101010111111
0000101011011101
1111100010011010
1111110101101110
0000100111101011
0000111001100101
1110001101011011
0000110101111001
1111111001110000
1111111100001111
0001000101001110
1111110111000000
0000000111010110
0000001100001110
1111000010011011
0000000101001111
1111100001001001
1111101110100001
1111110000011001
0000010001111111
0000110010011110
1110111001000111
0000010101110001
0000011001010011
0000100111110111
1111110100000000
1111011111010111
0000000011101101
0000100000100010
1111010101001011
1111100010001011
1111011101100010
0000011100111000
1111000000001100
0000111011100011
0001001110101100
0000111110001111
0000100011010100
1111010101000001
0000001010000111
0000001011001111
0000101001101011
0000011100100101
0000100110101001
0000000010001110
1111101010010110
1111001101000111
0000000101111001
0000000100010100
1111010001000010
0000101000011011
0000010101100110
1110010001011111
0001001101001010
1111100100101001
1111011100001101
1111010001010110
0000010100001111
0001010100010001
0000101111111001
1111001111001000
1111100001110001
0000000011101101
1110111101010110
0001100011000111
0000110101011100
1111110011001101
1111101110100101
0000101010011011
1110110100100010
0000110111001110
0000011001100110
0000110110000000
1111000000100100
0000001111101100
0000101010100010
0000010011000111
1111110110001110
1101011101111010
0000101110101000
0000100010001011
0000111101100001
1111001001101000
0001001101001010
0000011010111011
0000101111000011
1111100001101001
1111110010110010
0000000110101111
1111110111011011
0000100011111000
0000011110011001
1111110100101101
1111101011000101
1111010111000010
0000101000000111
1111101111100011
0000010011010010
1111000110000101
0001011110000110
1111001101100111
0000010011100101
0000011001001010
0000101001100001
0000111100100101
1110011111000111
1111100111010101
0001001000100001
1110101100000101
1110101111011010
0001010000001100
1111110000001000
0000100011000011
1111000011011110
1111101110100001
1111100111000000
1111110100001010
1111001100010000
1111011001010000
1111100010101110
0000111101101000
0000001111010100
1111000100101010
1111110100110100
0000001100101010
0000010101100001
0001101010000000
1111110110110111
0000100011011011
0000100011011101
1111011110000110
0000010110011010
0000110000111111
0000010111100000
1111100110000111
1110010101110001
1110100100010111
0000110001001100
0000111111101111
1111011000111101
0001001100101001
1111001011001111
0000010011111111
0000011010111001
0000011010111000
0000111011001111
1111101111000001
0001011010000000
1111100011011100
0000010011000000
0001000101110010
1110101011010110
1111011101111010
1111110010101110
1110010101001011
0000100110111001
1111100011011010
1110111001010111
1111000011101111
1110011111011110
0000001100110110
1111110000010001
1111101010011101
0001001101011110
1111001111101111
1111100000101001
1111111101111101
0000010010101100
0001010100100011
1111001110010011
1111110010010110
0000001010111001
1111100100101001
0001001001101111
1111011010000000
0000011010010110
1111101100001001
1111110110111110
0001000101001111
0000010101000000
1111101011100010
0000000001101010
0000101010101101
1110011001110100
1110110010010101
0000101111011001
0000110101010011
1111010100000111
1111010000100000
1111011101100101
0000001101111011
1111110111000100
1111100101000001
1111111111101001
1110100010000011
1110100101000111
0000010101000101
0000101000101000
0000000100110011
0001100111010011
1111000000000010
1111111111001110
0000101001001100
1110111001111111
1111110111011001
0000110001010101
0000011101111011
0000110011001101
1111110101111101
0000001011101001
0000101110001111
1111100111011100
1111110001101011
1111010000000101
1111110000101101
1101101001010000
1111000111001101
0000010101110000
0000001010011100
1111101000000010
0000101111111101
1111011100001101
0000001111010001
1101111100001010
0000111110101111
0001101011010011
1111100100101010
1111110110011010
1111100110101011
1111100110100011
1101011111100111
0000010100101110
1111011010000011
1110100010111111
0001011010100111
0000100100011101
1111101110011000
0000011110000001
1110101001101000
0000001000101011
1111101000110001
0001000100111111
0000010100000001
0000010000101100
1111100010111000
0000110101010011
0000001111101010
0000101000011100
0000100001111110
0001000011110110
1111101010001010
1111110000111011
1111110010101000
0000100011010101
1111110001000101
1111011101010011
1111111010011101
0000110010100000
0000110000110000
1111010010000100
0001001001100010
1111110100000001
0000000111000001
1111100110101110
1111110111111000
0001001000101110
1111110000001010
0001101100010000
1111101101001110
0000001110011000
0000110101111110
0000011101010101
1111011100110010
0000010010000111
1111101010001010
0001011101001010
1111110010001011
1111101111010001
1111110100110001
1111100111000011
1111000110001011
0000011000100100
1111000101111111
0001000111101000
1111111110101111
1111000001000100
0000001110101011
1111000110001001
0000000011110010
0000100010101001
1111110111011001
0001000101110110
0000000010010101
0000010101101101
1111111101110000
0000100111110101
0000111100010110
1111001111000110
0001011110011000
0001110110010101
0000110010101011
1111010011011111
1111101001101110
0001010100100001
1111111100111100
0000101101010110
0000111101001100
1110110010100000
0000101010111111
1111010010110110
1111010100010101
1111011110111111
0000001001001111
0000011100111001
0000011111010110
0000001001010100
1110010101110001
1111101011000011
0000011110010101
1110010100011011
0001110100010110
0001001100100110
1110100011100001
1111001111010010
1110011001010101
1110110100010111
1110111111001101
0000010001000010
0001000010010011
0000010000011000
1110111100011101
0000010011010110
0000000010010111
0000000001010110
0000101001101100
0001001100110001
0000110011000100
0000001011111010
1110110010100110
1111011100011101
0000101011100110
0001000100100100
1111101110001001
1111111011101110
1110011110010001
1111011000110000
1110100100111010
1111001110000011
0001000111111111
0001000100101010
1111000111100111
1110100011011011
0000101001100110
0000000010001101
0000001010111011
0000000100110000
0000010101101111
1110010011011000
0000011111001110
0000011000100011
0001001111011111
0000101111010110
1110101000001110
1111101101000001
1111001110001101
1110011100111111
1111101101111001
1111100010010101
0000100011010011
1111111011001000
0000100010111001
1110010100101000
0000111011010011
0001010011110100
0000111100011111
0001100010100001
0000100100000100
1111000001000011
1110101010010000
0000000110100001
1111111010011101
1111011010100000
1111111111101111
1111111111011010
1111010000101000
0000000011010000
1111100101010110
1111110000111110
1111001010000000
1111110111100101
1111101100001110
0000001010000111
1110101110011010
0001101101100101
1111000100110000
1110010001010001
0000101101101111
0000001001111101
0000010001110111
0001000000000101
1111110011011111
1111101010010110
1111101100011110
0001001100001111
1111110011000001
0000111010000111
0000001010011110
0001000011001110
1111111110000111
0000000000001100
0000001101010101
1111110100010001
1111010101011000
0000010111100011
0001011011111011
0000011011110001
0000000000110100
1111111100110001
0000011000010010
0000000110000110
0000000010110011
0000011111110100
1110101111111110
0000100010010101
0001000000010111
0001000111000100
0000110000111010
1111100011000011
0000010000100000
0000001101010100
0000101101001110
1111010001111100
1111000101101011
0000001010101010
1111110110001000
1111001001001101
1110110110001110
1111010011111011
1111100010001010
1110111111001010
1111000111110101
1111100011111111
1111111110101010
1111010011010000
1111110110010000
1111010100110001
1111110010000100
1111101000001110
0000111011100000
1101000010100010
0000000000100010
0000000000010111
1111100011000000
0000011001000101
1111011010011110
0000001110001101
1111101101000100
0001001011100111
1111110111111010
1110011001101101
0001101010100101
1110110100110100
1111101111100101
0001000111101111
0001000110101100
1110110011110101
0001000000100111
1111011011011111
0001001111110000
0000110000100100
0000010100011001
0000001111111010
0001100101011101
1111010001010101
1110100101101010
1110111100111001
0001010000010010
0000001111011010
0000011000010110
1111011100010000
0000011101101010
1111010101010000
1110011011111010
1111110111110111
1111011010010100
0001110011000101
0000011010010011
0000111011111100
0001001010111111
0000011000010010
0000000111101101
1111100100011110
0000001101101010
1111101001011000
1110000000111000
1111010101101001
1110111110101010
0000001111100111
1111011110110100
0001101100111111
1111101111000111
1111100110110110
1111100111010101
0000000110101111
0000011100000001
1111100101110000
1111011000100000
1111111110011100
0001011111100101
1111001110001110
0000101100100111
0000111000010101
1110110001100101
0001011000000000
1111111101100100
1110110001010110
1111011100111000
1111101110101100
0000010011011110
1111100101001001
0000011000010110
0001101010101101
0000001100000011
0000010011010111
1111100010010000
0000100010000010
0000110110100000
1101100010010001
0000111100010010
1111001001100010
0000000110110001
1111110101010101
0000001100111100
1111011101000001
0000000011001100
1110110000011000
1110011010010110
0001011000011110
1111010110101000
0001001111011110
1110110100101100
1111011111010100
1111101010101100
0000101101100010
0000000111111011
1111101010000010
1111110000010100
1111101110001111
1111011001010000
0000010011010111
0000101101010010
1111100010010001
0001100110000101
0000111010110100
0001001111100000
1111110101101100
1111001100010010
1111110100101100
1111110011100000
0000111010001101
1110111001110111
0000100001001111
1111011010011011
1110101001110010
0000000000001000
0000001011110111
1111111101001010
0000101110110110
0000001111000100
1111010101100000
0001000001000000
1111001000010100
0000101100011011
1110011011001111
1111101001100001
1111100100100101
0000000000010001
0000010001011011
0000100110110110
0000110010111101
0000110000100100
1111100000010101
1111110110111011
1110010101011101
1110100010110111
0000010001000011
1111011110000101
0001001111111100
1111100100010111
1111101010010111
0000001001011101
0000011100000000
0000001100100101
0000010011110101
1111110110000101
0001010100101110
0000110011100000
1111000000110001
1110011000101010
0000001000010011
1111010110000011
1111101110010010
1111000001101010
1101101011111111
0000011011100010
0001010100010101
1111101011100010
1111111010000100
1110111101101010
0000111101100111
0000001000100010
0000101010000011
0000110111011100
1111100101111100
1111011011110101
0000101110000111
1111010111010010
1110010011100100
1111111010110110
0001110001111111
0000001111001001
0000101110100010
0001001110100100
1111001010010001
1111110100101101
0000000011100011
1111100010100001
0001000011010000
0000000001100001
0000101001011001
0000111001010110
0000111101101110
1111111000110010
1111010111001101
0000001110001010
1111100100101000
1110101110010111
0000100000100110
1110111110101011
0001000100000001
1111110101101111
1111101001011010
1111010000000010
0000001000010111
1111110101110001
1111111011101110
0001011100000011
0000011110010011
1111100100110111
0000100111001100
1111011010110001
1111100001011000
1111100111100010
1111100111111011
0000010011100001
1111110111000111
1110010101111110
0000010000110101
0000010000110100
1111001010001001
0000101111011001
0000010101100011
0001011001101010
0001001101011101
0000010000011100
0000010110100110
1111001000101010
1110001010101110
1110110101110001
0000011110011110
0000001111000000
0000111111110110
0010000011011010
1110100111101101
1111101000110000
1111100010010101
1111110010100001
1111101011011010
1111111111110011
0000101110111101
0000011111000011
1110010000100000
0001000010101110
0000101011101010
0000001111110100
0000100100011101
1111110101101111
1111011100101000
0000100110100000
0000011100011001
1111100100101000
1111010101001100
1111111000110111
0001000000000100
1111101100101101
0000101011110011
0001001101101110
0000100011111111
0001100111111001
1110000110001100
1111110010010001
0000100101110001
1111011011011000
0001011111011011
1111010010000001
0001011010101110
0000001001111110
0000010000010110
1111011010001011
0000000110101001
0000011010010111
0000110010000101
1111010011011000
0000000100110111
1111011101001010
1111111110110101
1111011100001001
0000011101110011
1111101010001001
0000001010101100
0000000011101001
1111011111010111
0001000010001011
0000100010010101
0000011001111000
1111110001111011
0000111011000111
0000101001110110
0000101100111100
0000111010110001
0001000100101111
1111001000010011
1111100111010101
1111111011000100
1110101111000000
0000101011101110
1111101100000000
1111010110001101
1111011100001001
1111000000110101
0000011111101110
1111011100011011
0000100101100001
1111001110101001
1110011101010000
1111100111100101
1111101101101001
0000010011011110
0000101010001000
0000010011000010
1111110000011110
1110111110011100
1111001001101000
1111111010011000
1111110110001000
0000011001001001
0001000010000101
1111111101011111
1111000111000001
1111100111100101
1111110101011011
1111111010000001
0000001101010001
1110111010110011
1111010010011000
1110100111011111
0000010000011101
1110111001001001
1110011111000011
0001011010101010
0000101100000010
1111110000100001
1111101011000110
1111111001001000
1111010110100011
1111110011111000
0000110001111010
0000000110111111
0001011000111111
1111110100000000
0000010101000010
0001000100110011
1111111011011100
0000000001001111
1111111000010110
0001001111101001
0000001001010100
0000011010010011
1111100010110100
0000100000011010
1111101111110101
1101111101111000
1111111011011010
1111100111101001
1111011110011111
0000101001101100
1111111101100101
1110110011010100
0001010011100001
0000010100110010
1111111110001110
0000001011011110
1111111100101000
1111100000000110
0000011001000011
0000001010011101
0001111010110001
0001100101001101
1111000001101011
1111111010111010
0000001010000101
0000110101010110
0000101010010110
1111011100000000
1111010011110100
0000111001110000
1110111110010100
1101101111100111
1110110011111000
1111010001101010
1110110010110011
1111111110011000
0001010000010111
0000110111010111
1110011101000001
0000100001000110
0000010000000010
0000100111010111
0000001011011010
0000101111010111
0000010010110001
0000111001011111
1111101110110101
1111100111010111
0000101011011101
1110111110001101
0000000001001100
1111000110011001
1111001011010110
0000010000000101
1110101100111101
1111110111110101
0000000111110100
1111011110000001
0001011100000111
1111100010011001
0000001001110111
1111001100110010
1111111110011000
1101111001000101
1111110001001010
1111110110001101
1111010001100001
0000000110000001
1111110010011100
0000100010101001
1111111010111001
0000010010000111
1111100111101000
0000111010000011
1111100011111100
0010001011011000
1111100000100000
0000000000101001
1111110000100100
0001101110100000
0000001011100010
1111110111111100
1111111101010100
1111001011001101
1111100011111101
1111101011001111
0000110011000101
1111010110100101
1111110010100010
1111111010101001
1111101100111010
0000011001010110
1111101001010010
1111101111100111
1110011001000100
0000111101010100
0001111110010001
0001011010011010
0000101011011000
0000001000010010
1110010110111111
0000100000110000
0001110110000111
1111010010110100
1111101011111000
1110110011100000
1110010001001101
0000100111010110
1110110110011001
0000000100011000
0000011001110111
1111010000110010
0001000111011001
0000110110010100
1111110011101110
0000111000011101
1111001001100000
0000011111000110
1111011001001011
1111111110010101
0001001000010011
0001000010000010
1111000000000001
1111110001001101
0000000100111011
1111110001111001
0000001011010110
0000111011011000
0000101110110011
1111111011100011
0001111010011111
1111100111000010
1111110110100000
0000000111010100
1111101011110010
1110001111110101
1111000011101101
1111100010110111
1111010101110001
0000101010010111
1101100011010111
1111100000100111
0000111000010110
1111111100011110
0000010000010111
1110101010010110
1110001111001000
0000101001111100
0000001010000100
0000001011001001
0000010010011000
0000000100100100
1111110000011001
1111111001011010
0010010000101111
1110111011000000
0010011010001101
0000011010000100
1111110111100001
1111011000010000
1111111011011100
1110010100011110
1111100110001100
0000101010001101
1111100100101101
0000001001000001
0000001101000001
0000001001000011
1111110001110101
1110001001001011
1111110000000100
0000001100101010
1110111011010100
1111100010001000
1111101100000101
1111100011011001
0000011100011001
0000100000001111
0000100101000100
1110010000001010
0000101100100011
1111011110110100
0000101111101001
0001101000010100
0000010110010101
1111011110010111
0000101001100000
1110111010100101
0001100001100010
1111001101000010
1111111011110100
0000111000011110
1110001011100101
0000000001101111
0000000110100001
1111101010100010
0000011011001011
0000100000000111
1111100000001101
1110011000110010
0000011101001000
1111101110101000
0001001001011001
1110110111011001
0000000110001100
0000101111101101
0001001100001101
1111011001011011
0001100110111001
0001001111110110
1111000010011011
1111100100000000
1111110110100111
1111101000110100
0000000110101101
0000011001100011
0001010010001111
1111001110010000
1111100000111100
0000010011001001
0001010000110011
1111000101000111
1110111010100000
0000001000101010
1111111001000100
0000110011011011
0000001110111000
0000010100111111
1111111110011000
1110100011011111
1111011010000011
1111000100010100
1111110001011011
0000000111000011
1111010110101010
1110011111010011
1111110010010001
0000111111000110
0000010000110111
0000011100010100
0000011001000110
1111000101000110
0000111100110001
0000000111111001
0000111101110000
1111111000000000
1111011001110011
0000001010001011
0000011000011001
1110101111011000
1110000101011010
1111111101101000
1111111100111100
1111100110110010
1101110110011000
0001001101000001
0001001010101100
0000101110011010
0000100001001000
1110100001110001
0000010010110101
1111111111001101
0000101001010011
0000111001111001
1101101111110111
1111111101101101
1111011000001011
1110010100000011
0000010001001111
0000110110110001
0000111000010000
0001001000111111
0000000110111110
0000111110000010
0000100111100110
1111101111111001
1110110001010100
0000101100101110
1111100011001011
0000010010000101
0000101110001101
0000110101010000
0000101110101111
1110011101011011
0000110010110001
0000010100110110
1110111111110011
0000100011010111
0000011100001100
1111000001011001
0000010100011100
0000011101101001
1101110010001110
0000101110011100
0000010010001111
0000010001000111
1110101000101011
1110110011010011
1101110101000000
0000001001011110
1110110111100011
0000001001110111
0000001100011100
1111101000001011
1111000001101000
0000101101011001
0000000010101011
0000100100011100
1111111100001100
0000010000101101
0000000100011011
1111110111100100
0000111100110111
0000001100000110
1111111000010001
1111101100110100
1110010101110100
0000001100111000
1111100110101001
0000110100011010
1111110000110011
1111111101101000
0000011001101110
0000001100111100
0000010000001010
0000010111010111
0000010011110011
1110110110011001
1111011100001111
0000110011011011
0000000010010010
0000110110011111
0000001100101101
0000100010001110
1111110111001110
1110110110100001
0000011011000111
1111101100110010
0001100000000001
0000000100010001
1111100111010001
0000001010010001
0001001100110001
1111111101110111
0000011010111110
0000010010110010
1111001001000110
0000100101011000
0000000011001000
0000000000010001
1111000101010001
1111110011101100
0000111100000000
1111100101000100
0000101000100111
1111001010001010
1111001010010011
0000010101100110
1111101001111000
0000000100001010
0000010100110101
0001011100110010
1111100110111110
1111100110101110
1111110001011111
1111110101100011
0000000000011001
0000100110100110
0000011010101011
1111000001111101
0010001001110010
0000011110010010
0000001000101010
1110001010000001
1111111110010101
1111111011001101
0000001001011111
0000111001101100
1111011000000101
0000001011010101
1111101001111011
1111100011110010
0000010110110010
1111101011111111
1111111111001011
0000001000011100
0000011000000110
0000100111000111
1111000100101110
1111101000111110
0001001110110000
1111101101100000
1111100001100011
1111110001010010
1111011100010000
1111101101110110
1111101101010111
1110111110010010
1110111010011010
0000001101111111
1111110010111001
1110100111011101
0000000111100100
1111111010101100
0000100101000011
1111010111001011
1110110011110110
1110011110000000
0000101100011110
1111010011100001
1111010010001001
0000110010010001
1111011111100011
0000101010001011
0001011011001110
0000100010110110
0000000000011111
0000111100100010
1111111100001010
0000110000110110
1111010001001111
1111010101110110
0001110001100010
0001000101000110
1110010010100001
0001010000110110
1110110101010011
0000010011011101
0001010011001000
1110111010101100
1111001000110001
1111100110000111
0000000010010100
1111100010000011
1111000001010100
1110111010100111
0000111111010010
0000001101111111
1110101110111010
1110111111100010
1111101000111000
0001100100111000
0000101101101000
1111001000100010
1111101010101010
1111010011010010
1110011000110010
0000111100001111
0000110100101010
1110111001110000
0001000010000101
1110110001110101
0000001110111011
0001000011000100
0000001101111101
0001000111000100
1111110100111110
1111101100010110
1111111001011100
0000100011110001
1111000000001010
1111010101100011
0000101011000010
0000010000000010
1111111001101000
0000100110001001
0001000011100110
1110110100011000
1111000011001011
0000100011110001
1110111001111100
0000111111011101
0000101110011010
1111100110101101
0000010000100111
1111011100010101
1110100000100110
1110101001000111
0000001010010001
0000100011001001
0000001111011010
1111111110011010
1111000001101011
0000111001111011
1110100011010010
0000010111111010
0001001100101011
1111110011110100
1111011110110000
1111110101010011
1101111111111010
1111010011001100
1101100110011001
1111101101001000
1111100111001110
1110111000100010
0010011001101101
1111101101101011
1111101010101110
1110011010001000
0001100110001110
0001111001011011
0000110110110001
1111001001000000
0000110001000001
0000111011111000
0000000011101100
0000110011101001
1111101000110110
0000011010101101
1111100010010010
1111000110011110
0000101101101000
1110100000100101
0000011001111001
1111100011110100
1110111011001000
1111100110111111
1111111101100101
0001000000011110
1111110110001011
0000011100101000
0000010001110000
0000000111101000
1110111101010101
0010000001110010
1111110101101000
1111000001101000
0000101100111100
1111111100101010
0000101100111100
1110101010101011
0000100100001101
1111111110111010
1110101001111111
0000000001101110
0000001100011100
1111100010000110
0000110010001010
0000101100110000
0000010010000010
1111100101110111
0001001101110111
1110100010111110
1111110100010011
1111001000101100
1111000010001010
0000100000011101
1111111000000100
0000011110101010
0001000000110000
0000001010010011
1111111100010001
1111011111000011
1111110111000111
0001100010110101
0000100000110011
1111011101001011
1111001110101001
1110101110011101
0000010010111100
1111000101110010
1111100100000111
1110110011111001
1110110000000110
1111111010011100
1110111011011101
1111111100010111
1110100111001100
0000000011100100
1111011010010001
0000000011011000
0000010100010101
1111010010000001
1111100011010101
1111111101111101
0000001010001001
0000010000101010
0000010101110010
1111010011010001
1110111111111110
0000101010100000
0000111100001000
0001001100000000
1111101100101110
0000001110100101
0000101101001110
1111011001010100
1111001110000101
0000101010100110
0000110101000100
1110111000001001
1111100011111100
0000011010001100
0000111001010000
1111110110111011
1111101110011100
1110101010101001
1111010001010111
1111010101001101
1111011010110010
1111100011010010
1111100110010011
1111100111000100
1111000010101111
1111011111110111
0000110011011011
1111101001111100
0000000101010111
1110101010100000
0000011000000100
1111111011110010
0000101001111011
0000110110001100
1111101101110111
1111010100110100
1110101010110010
1111110011101111
1111101001011100
1111100101100000
1110011000110110
0001000011000011
1110000010010110
1111111010011001
1111111001100000
0000010100010010
0001011100111011
1111110001010111
1111000011010010
0000100100000010
0001100100100110
1111111100010001
1111101110110000
0001101001101101
1111011011110001
1111111011001010
0000111011010111
0000011001011100
1111001001010000
0000110000111100
1111110000001101
1111101110010111
0000010010110011
0000010011100111
0000010000100011
1111100010010010
0000100001110010
1110001011100101
1111100110101011
0000001100000110
1110001111010010
0000001100001001
1111010001010001
0001011011011010
1111110110111001
1110111001000001
1110111101101001
1110111000111000
1110000011000100
1111110111010010
0000111011010110
0001011101101001
1110110110111100
0001000001111010
1110111110111111
0010011111111011
0000001110011101
0000101111001010
1111001110100111
0000000100100011
1111011001000111
0001010010001110
1111100001001100
1111110011111100
0001001000000110
0000100001111011
0000000000111000
1110101001101011
1111100100101101
1111001111111011
1111001100111000
1110011111100111
1111011110010010
1110001111111101
0001001110010100
1111010110001010
0000110111010101
1111101111111101
0001010001001010
1111000111111100
0001000001101101
1110110000100001
1111010110001000
1111111100001101
0000010010110101
1111011101000100
1110111000000010
0001100001011011
1111100100010101
1111111110111010
1111010110100110
0000100000011000
1111110010110110
1111001111111000
0001000110111110
0000001001000010
0000011100100011
1111000111100010
1110110000111000
0000001000111010
0000110110111101
