0011101010111010
0000000111110000
1111100110011100
1111100011001010
1110010100011001
0100011000101100
0000101010100001
0000011111100000
0001111101101010
0000000001111011
0001101000100000
0001110000100100
0001001101111001
1101100001111110
1111110100101011
0000001011010011
0001000001001000
0001110111011001
1111101011010000
0001001100001000
0011001010100110
0000011011100000
0001001110000010
0010100010110000
0000101111101011
1100110100111110
1111011001100001
0010011011000010
0100110110101110
0010001100110111
1111101111000000
0000011001111011
1100001110111100
0001111011110110
1111000100111010
0000110110111110
0010101011101110
1110111100000110
0010100011000101
1111011011101001
1111111100111000
1111110101001011
1110111101011101
1100010111110101
1111011011101001
0011110100000001
1110111010000010
1110000010010011
0010010100000010
0001011001000101
0000100010100011
0001001111101010
0001010001110101
0001000000111000
0000000111011010
1101100001100100
1111011000110011
1111101001010011
0001001011001100
1111011110010101
1110010011100110
1101100000001001
0001111010000111
0010110110100010
0001100011110111
1111101010001011
0011111101001101
0000010001100101
0010101001111011
0001110010110000
1110001010001100
1101101000000000
0001100000101011
1111100000000010
1100101000011000
1111111010110111
1110010100101100
1110100111000110
1111010111101110
0000011111010011
0000111111000010
1110011001011010
0000001000010100
0011011000000000
1101101011001010
0000100100111101
0010001110010011
1101000101110101
1111010101010101
1100101100100001
0010100001100111
1110111011001110
0001011010110100
1111010101101111
1100000001101010
1110101010010110
0001100011111011
1101101001111000
1101001101010111
0100111000000001
1110111101000001
1110100110011000
1110001000011101
0001000111011101
0001111110111101
0010000110001001
0001011001011100
0100110011111010
1111101010111011
0010010111110011
0001010000100011
0001011011001011
1111011100001100
1101011000010110
1101000101000110
0000100101001001
1101011001010111
1110100000110011
1101110000011101
1111110010000110
0000101111010100
1110000011011011
0010111011010111
0011010010010001
1111000011011101
0010001010010111
1110101001000011
1111000001100000
1110001000100011
0001110001101011
0011100111001110
1101110111110110
0000000010011100
1100101111011111
0001100110011111
0010001001000110
0001000101101010
1111101011101011
1111000010101010
1111011111101110
1100000101101100
0001100100001001
1101100101101111
1111100011111000
0000101001011010
0010010000111001
0010001010101001
0001000000110101
1100001101101101
1101110011101001
1100111101000010
0010001010101101
0010010000011000
0000111100000011
0010001001111011
0001010101111001
1110011110111100
1111101100110011
0000001110010000
0001110111110110
0010010010011101
1100100111101011
0000100111111111
0000001011001100
1111101000001000
0000111011000110
1110011110100011
1111101101010010
1100100100000110
0000100101111011
0000110000000110
0010100011010110
1110111110111100
1110101001000101
0001101011110101
0000101100010111
0001001011010011
0010011010101001
1110110011000001
0010101101000110
0010001001110000
0001100011101111
0000110010100111
0000000011110000
0010010011110010
1110100111011101
1111101100011100
0011001000111011
1101111110110010
0000101000100101
1111100110001110
0001010001101010
1100000100001111
1101101001000010
1101110011100010
1110110111010101
1110001111001110
0011010001001110
0100001101110001
0001000101011101
0001011100000001
1110000100100000
0011000110100011
1100000110101101
0001101111111111
0010010010000000
1111101001011010
0011001011111010
0000000111110010
1100111101110100
1111111100100001
1111010001001010
1110010100011100
0001001100111101
1101101101110011
1111111001101000
0001000100110101
0001100001000100
1111011110011000
0000011001100000
0001011101111010
0001110001101101
0010101111001100
0100100101000110
0010001001111010
1101101101101111
0000001101111000
1110111001111100
0001010001011100
1111011111010001
0001111101010010
1100000100010001
1110111010000001
1100100100101101
1111010010001010
1101010001110101
0010000001100111
0010011000001111
0001101100111001
0011101100101111
0000000010100010
1111111001000011
1111011101001011
0011100101101111
0011111100111101
1111010100001110
0000000000010010
1110001100001001
0010011000011101
0001111101100101
0001110010001101
1111011100101011
1111001100111010
1110010001100010
1111101101111110
0001010111110100
0000101100101001
1110010000010000
1111100010011110
0010000100111000
1101001000111100
1100111010001000
1110101000110000
0000111101010011
0001100011000111
1010010111100000
0000100011010011
0000111001101101
0010111100111111
0000111100110110
0001110111111011
0000000110110100
1101111011001011
1111000101011001
1101111100111101
0001101001000111
0000001100011110
1101101000000001
1110011001010000
0010110000111100
0001110101100101
0100011110110011
1111001111001010
0010001100011010
0001010001001011
1111101000011010
0001010110111111
0000001010001001
0000110111011100
1111010101100001
1100111111101010
1011011001110110
0000110110010010
0000100000001000
1100110010001101
0001100011110001
1110011010001010
0001010111011111
1111101110101001
1110110000111000
1110101101000000
0010001011100000
0000111010000110
0011101000100010
1110001011000111
1111011001101011
0001011011010101
0001010110111100
0000111110111001
1100110000101010
0000000000000001
1111011010001101
1110100100001101
1101101011110111
0000010001111100
0011001001100101
1111001000101011
0000010001100010
1111101111001100
0000010100010110
0000000010010111
0001011111110000
1110010011011001
0010001010111111
1100111101111100
0100001010000101
0010000011101001
1110011111111111
1111110111111110
1111110101011010
1100000110010110
1110110110111000
1111101010000110
0010100111100110
0001101111001101
0010001111100010
0001111011000010
1111000001000000
1110010001010110
0001001110110011
0000000010000101
1111000001100000
1110011110100000
0001010010110101
0011110100111001
0011110100001111
1111011101011111
0010000100101000
1111001100101100
1100111100101100
1111100101001011
0100110110000001
0011100010001000
0010100001011010
1111000111011111
0001000000111111
0011000001010010
0001000100011010
0010010100001111
1101101001111001
0000001001100011
1111001011100000
1110000001101101
0001110100000011
1110100010010110
1101000010110011
0001011010110101
1111011010001111
0110010110000001
1111100110001010
1110110100000010
0100011110011101
1111100110100100
0001111110111000
0000110001111100
1110000111001000
0001110010010010
1110100100010000
1101000101000011
0000110011001100
1111011111001110
1110101101000110
1100000001011011
0001001010100101
0000010100111101
1111101001110010
1111000111101010
0000001110100100
0000001010010110
0000001101101011
1111110101000100
1111010001010011
0011110001110110
0010100110110111
1101111011011001
0001101000110000
1101011011011101
1100101000101101
1111111100101111
1101000000100000
0001110011001100
0001001001000100
0010100111100011
1111110001101110
1101111010101001
1111111001000010
0010100001010001
0001001110010101
0000111110111101
0100110011101100
0101100111011100
1111101010111011
0001001011100101
0001001110011011
0000110111011011
1110000101010110
1110011100111010
1110101000100101
0000011011100111
0010010010001010
1101110001101001
0000001100010111
0001100110100000
0000011100010000
0010000101001010
1110011001001001
1100001101001011
1111010110011000
1111100101011111
1110001111010100
1101101011001001
0011010111101010
0010110010111011
1011111110111101
1111101100111100
0011001111000011
1100011110110011
1101111110011110
0010110000011100
0010111111001010
0000011101111101
1110101100101101
0010111001010011
1101100010000111
1111000001010111
0001001100100000
1111011110001011
0010001110011110
1110111010011111
1111111111001100
1111011010101001
1110000100001101
1111011100100001
0001110110010010
0001101101001110
1110101111100011
0000111101110000
1111010110000000
0000001110011011
1110001110101110
1111111100101010
0011100010110001
1111010000000100
0001110000110110
0001011100000110
1110111101101110
0000001110101100
1100110101010100
0000111100110100
1100010101111010
1111011011100101
0100101000100000
0010010111100110
1111101101101000
0000010110101000
0001000100100111
1111110111010100
0010000011010001
0010111110011111
0101010100110000
0010011001100111
1111010100101101
0010001000100010
1110010100000000
0000110001101001
1001100100100100
0010110011010001
1111000100111001
0001001001111100
0001111001101110
0001110101100111
0000111111111111
1110011011101111
0000110100110101
0000000010101100
1111110011100101
0001100010110110
1110111010010100
1111000111111011
0011000010000010
0000111101010010
1110110110011101
0011100010010100
1100001111001011
1111101001001100
1100100001011001
1111101011100111
1101011011010000
1111100101101011
1101110101010011
0001101101001011
1111100001001100
0000100011000010
1101011001011010
0010100111110111
0100100001001100
1110101000111111
1111101010100100
0000001101111100
0001100110000101
1110110100001111
0010101000100110
0000010001101000
1101111110110010
0000010101000110
0011010010111110
1101110111010101
0010011111000011
0110010100110111
0010100111000011
1110010111000010
0011001001000111
0000111011010101
0011001100011110
1111010011101001
1111111011110001
1111110111110000
0001010010100010
0001010000011000
1101001110101010
1011011111101110
1111001110000101
1111111101011100
1111011111110010
0011011010010101
1100111110010110
0001000000100000
0010000001111010
0001101111101110
0001100100011001
1111010100101001
1101111011100101
0000010101010000
1110000111011110
0001010100110011
0010011110110001
0010010011010010
0001001010101101
1100110100110010
1110110111010110
0000001001001100
0001000101100010
1111101011111101
1111001110101110
0000001000110011
0001010011001010
1111100111100001
1110111010101010
0000111001111010
1111100001101000
0001000011001100
0001010011100010
1110000000110101
1101110101100010
1101100101000111
0001000011100100
1111110100111010
1111000010101000
0000010110110111
0000100010111001
1111000111001111
1101111100111110
0000000101011101
0010010010100101
0010010000110101
0011101110101111
0001110011010010
1101110110010000
1111101111010010
0000011111101110
0011001001001001
1110111010101111
1101101001111010
1010011110110101
0001010111011010
1111001010011101
0010100001011010
1101010010011000
1110110100010110
1101010001011000
1101010010110011
1110101000011100
0000001101010100
0000010101001100
1110100110100100
0010000001111110
1100000011011010
0001101011001000
0010110100000010
1100100001001010
0001000000001100
0001110101010001
0000111110010100
1111010000011101
0000101100110110
0010100000100111
0000111010001001
1110001101000000
0000101111011101
1101111110110110
1101101101010011
0011010100101100
1111101100010101
0000110110110110
0001001001010011
1111110000100011
0011110111111111
1111100111010000
1011110100110001
1101111011010101
0101010110101111
1110011010101010
0001001101101010
1110100101011011
1011011101010101
0010011111011000
0000110001100111
1101010000100101
0010000000111111
0001001010101011
0100110010010100
0011000110011010
1110110000000101
1111000101110001
0010110110010011
0100010000110101
1100100101001010
1111110100111111
1111101100010110
0000010110100101
1101001011011110
0000101011100111
0000111001010111
1101100010100001
0100010001101010
1011101011100000
1111000000001100
0010011100010111
1101110101010100
1110110111011111
0101010111001010
1111111000101010
0000101010100100
0001110000000000
1101101101111110
1111010110011111
1111111000100001
1111010111111001
1101110101101100
1111100101111000
0000101100001110
0000110111101011
1111100000011011
1101001011001000
1100111010000110
1101110101100101
0000010110011101
0001011100111000
0000010100000011
1101100001000101
0001000110000001
1111111111100001
0011011100000111
1101001011110111
0000011001010101
0000111001000000
1100100110011101
0000010100111011
0010011101100111
1101110010101000
0100011111110111
1111011111100010
0010110100110000
0011011010100011
0100001101000111
0000010101001011
0011110111000100
1111101100111000
0101000000011010
0001000001000011
0101100000111101
1111111110011110
1110010100010101
1110010110001010
0010111101110001
0001110110101100
0001010000001010
0001001000101111
1101001111011010
0001000110100010
1111111000110011
1101110100001101
1110010101001110
0001010111100101
0000010011100000
1101111101000001
1111011101011101
1110100101010111
0010110110001110
0010111010000111
0011010101001001
0100001110001010
1110011001100010
1101110001111110
1011100001011111
0010000111110001
1110000100110111
0000010110101010
1110110011110011
0001011000000001
0000001110000000
1111001100010111
1101001110111111
0000000001010001
0010001001001100
1110110010110111
0001010111100010
0000111101100000
0010101110011111
0000101000000110
1110101101010000
1111000110111010
1100111100111111
1110110110101100
0000000001001011
1100100101110110
0010001100011010
1111101100010111
1110100100101011
0010100000100001
1101010100101011
0100000010101100
0001101111001010
0010010001100101
1110011110000001
0001001000101010
0011001000111101
1111001010110011
1110001000010110
0001100111100100
0011111101111011
1111110001100100
1110101000111000
1101011000111010
0000010101010001
1110011011110010
0001110000100001
1100001101111011
1100000110001000
0001010001011011
1111100100110010
0000111100010100
0010110110000001
0001011010110101
1111001110011000
1110001011010101
0000000001110100
1110010101111000
0001100110001000
0010111011010101
0101001000010010
0000101000110100
1110111100101111
1101000100001110
1001111011011000
1110111000111100
0011101001010111
1110000100011110
0010001101001010
1111101001101011
0001101000110010
1111110110110101
1110110000110100
1011110111001000
0001011001100001
1101111110011100
0010011111001110
1111001010000010
0000111111101011
0000101000011101
0001011110011011
0001000111100100
1111001111100001
0001110000001110
0001110011001000
0000001011101100
1110111000101101
0010000011001001
0001100111111100
0010101000110110
0001000110111001
0001011011110101
0000111100111001
0100001001000011
1111100001001111
0000000101110101
1100101101110010
1101111001011110
1111111011011011
0010110001011011
1100000001000000
1100011011101011
0011011100100001
0011100110101010
0001011001100001
0000010101101000
0001111010001101
0010001100001110
0000110011101111
1111001010010101
0001101100011101
0100100001101101
1101101100010101
0001101110001110
1110001010011001
0000000110111110
1110101001010010
0010101011111011
1111001101001111
1100101001101101
1110011010001101
0001110000010111
1111000101010101
0000100011011001
1100100001000000
0100111010110000
0000010000000100
0100101100001101
0100001001110001
1101111011101010
0001010101101000
0011100001010001
1111101110101010
0000111110011111
1101011111111100
0000110100100111
0011001011111101
0001100000010100
0010001001100001
1110111110010001
1110011011010001
1101110101001010
0001000110000101
1101001101100110
0000101010001011
1110100011010110
1111011010110010
1110100101001001
0010001000111011
1111000100011011
1100100111011100
0000001100011101
1100001010100110
1111011111101011
1111100010010011
1011010101100001
0001010011100110
1110101110100101
1110110011011011
1110001010011111
1101110000100100
1101011100010100
1111000111110110
0000000000101110
0010001101111111
1111111010010000
0010111000000001
1111001101100111
1111011110000010
0110100010011111
0010010010100110
1101100011100001
1101110001001110
1111011011101111
0010001100010110
0000111001000101
0000010110011011
1110101110100011
0001000010101000
0010110111100110
1110010000101111
0010000110100111
0010001010001011
0000001100111110
0010011101100111
0000011001100001
1110011100111100
1111110101010100
0000110110100011
0011100001001001
0000101101111000
1111100011001101
0011000000111001
1110110011101011
1101010000111101
0010110100111101
0010011100001000
1111011110111111
1110110110001100
0001010000011000
0001101000110010
0001110011111100
1110100100000101
0000001011101011
1110101001000101
0100010010000001
0000010111001011
0001001000100101
1110101100100101
0000010101111000
1101101010100010
0000110111100000
1111100010100000
0000111111111000
1111100111001000
0001100001100110
1111010110111000
1110010101100011
0011100000111000
1111100000011000
1101111110001010
1111001111010011
0000000100011111
1110001011010100
1111011101001101
0001011110101010
1101101100111011
0010011010011001
1111111101111011
1110100101011110
0001011111111001
0000110100110111
0010010000010011
0000000100000111
0010000100101101
1101011011100001
1101001011101010
1110100000100010
0000000100010011
1110101001111010
1111011011111111
0000001100011001
0000000101010001
0000010111110111
0010101000111111
0010010110101110
1100011100111100
0101100100111000
1111110011011110
0100101011001110
0001110101110001
0001000000111111
0001100000101111
1110110001111000
0001011000101010
0000110001100001
1111011010100111
1110100111100111
0000100101000000
0001100101001001
0001000110011010
0001000010001101
1110000100111101
0011100001101010
1111001100000010
1110001001100011
0000101101100011
1100111111100110
0000011111010011
1110010100101001
0000101011111001
0000011111100111
0001001010010111
0000100000100111
1111101011010000
0001111010100100
1101101001011111
0000110011001001
0001110011101001
0010000001000010
0001101110101001
0001100100100011
0000001010110010
1111101101011001
0010100110101001
1111000000010110
1111010011000000
0000101110101010
1101100100001101
0000111010011101
0010110101001100
1111001011110001
1011100111010100
1101110111101011
1111100000101010
1101101110110111
1111000111010101
0000001100000101
0000101110110001
1100101011010001
0011110011011101
0001011100101011
0000110110110111
0010111111111010
0010011011011011
1110011111010100
1011101011001011
1111111100100100
1110100100010010
0000010100011111
1110111100010110
1111100010100110
0010110101000110
0010111101001000
1101000100101001
0000010111111110
1110111001100111
1100100010010000
0000001100110001
0000100010111101
0010000101011001
1110001011111111
0001011111110000
1100111000101010
0001110101011010
0001101111100110
1101111111010001
0011000011111000
0000001000011011
1111111000001011
1101110010110110
1101101000000011
0000001010100000
1111011111100010
1011100110100100
1111111101010010
0011001001001011
1111000111010000
0010001011011111
0010100101011111
0011001011100101
0000000001110111
1101010011110101
0000100001000101
1111110000011000
1101101110110101
1111010010100111
1100110101100110
0000100011010011
0000000101110100
1110010011010000
0100100100101110
1111111001100100
0001011001110100
1011111000011110
0011000011000100
0001011100111011
0011101001110010
0001100000001111
0000001110110101
1101000001101111
0101001001010011
1111110110101110
0001000100001000
0001011001001011
0001001000010100
1111011111011001
0111000111011011
0001110111010110
1101110111001110
0001100000110100
0101010010010011
1101000100110100
1111101010110111
0101010000001110
0000010001101011
0000000001100101
0000111010010111
0011001101001000
1111001110111010
0010010010100100
0000001001101100
0000010000000000
1110010101010011
1101100100010001
0000000110000100
0011111110110101
0001110011101100
0000011011011111
1111111011011100
1111010100001001
1101101110100001
1111101001011110
0001000001111010
0001111011111101
1101111100110000
1111011100100010
0001000111011001
1110111010001001
0001000100101110
0011010110110111
1110111111111110
1111101101111101
0000111000000000
0000100101101000
0000010110001000
0010010110011101
1111101010001010
0011001011110111
0000000001100101
1110111110100000
0000100011111101
1101001000100100
1101110110001101
1111110000100111
0000000111100100
0010001101000100
1110011001011101
1110010011010010
1111110110010000
1100001001000101
0101101111011010
0000010110011000
0010100011100101
0000001111100101
0000100010111001
0000110001101000
1111101110011000
1111111100010111
0000100001001110
1110010011100101
1110001111001100
1111000011111110
0010010010100101
0010011110101100
1111001011010010
1110011101011000
1100100001010000
1111110000000100
0001101110100101
1100010000010000
1110110000000000
1111111010101000
0100010100101111
0010001100010111
0001101111110000
0010010001000001
1110100010011010
0000000001010111
1110110111101100
1101100101001101
0011001010100011
1100000011000010
0001110101100101
0011001100111101
1110011101101111
0100101010000010
1011111101001100
0001110001111101
1110001001000000
1110111000111001
0000110011001110
0001011100110010
0000100010010110
0100010101001100
1111001000110100
0000101010010100
1110001010111111
0001100010111000
1100101101101111
1111101100101100
0011111100000100
0010100011001110
1110110010111101
1101100010011111
0001011111101000
1110101011100100
0000100111000100
1011111101100110
0000011000100100
0000101011011000
1111001101010110
0001101111000010
0010001000100101
1110111000101101
1011101111010100
0010001101001001
0000110011100110
1110001101010100
0001010010001011
1111000001110000
1101101001100010
1111101001110010
0001001110110000
1111110011111111
0000110111111111
1110110000110011
1111100001100110
0001110000010001
0011011010110100
0001010100000111
0000000111100001
0001110011111101
0001111011010101
1111011001010110
1110001011010100
1111110111000001
1110101111100001
0010110001010001
0001011010010010
0001000001111001
1111010010101011
0001101001011000
1111011011100110
1100100000010111
0000001011000000
1101111010010010
0001111011001010
1011101011001000
1111100011011110
0001111011100100
0010101001101100
1111011000000101
1111111000001110
0010001000100011
0011101011010010
1111101101011001
1110111101110000
0000001101111101
0011001100000001
1110001101111100
1101101001100100
0000110000011010
0101110110001010
0100010011110000
0010110011101110
1111110111011100
0011011010111100
1010011100101100
1110000001001000
0000011010011111
1010000001000001
1111000110011100
0100011100001011
0000101010011111
1011011000000110
0011010100110111
1111111001000000
0010011110110011
1011000110110010
0001101100011111
1111111011110011
1111110001010101
0001001001001001
1111001010110111
1110110000000011
1111000010100111
0001111010110110
1111111010111100
0001000011101101
0011000101010000
0001100111001001
0000100010011110
1110001110100101
0101001111000100
0001000001011111
0001100011100001
0010000000100100
1101110110010100
1100110000101110
0000000001001000
0010111011011010
0010101100011000
0000110011101110
0000011110010101
0100011110111010
0000110110101000
0011100001011101
1111110010010000
0011111110000010
0010011001011001
0000101000001111
0001110011001010
0010001010000101
1111111010000010
0000001010101001
0001101110101011
0110100110101011
0010101111001101
0010100010111100
0000100011111001
1111011011001000
0001111010100101
1101010100010101
1111101010101100
0000101101100100
1110111100010110
1111110011010111
0011101000111011
0001100011110010
0010100011000010
0000001100000011
1101111001101100
1110110000111001
0001111001010100
1110001110001100
1111101001100011
0000111011111010
1111111011000010
0001110110110111
0011011010111101
1111011110010010
1101111110011001
1110010010001010
1101101111101011
0001000001010101
0001111100101001
0001011110000100
0001101110010010
0010001110001111
0010001110010001
1100101010011000
0000110001110000
1111101100110000
1101101100101101
0001010100110011
1100110111110101
1111101110111110
1111101100010110
0010000110101110
1101110101111110
1101011100001011
0010111010100010
1110001011001011
0001110100101000
0010111010010011
0001001100011011
0000011100010100
0000011110110001
0000001011010100
0001000101010011
1111001011000111
1110111110001100
0000100101111100
0010011001010111
0001100101001101
1110100010010110
0001010000111110
0000111111111100
0000001010001010
0010101100110001
0001111010100011
0011100001110110
0010001101101010
1110011011110110
0001101000111101
0001111010101001
0001010110101001
0000111101110011
0011111111110000
0001010010111110
0000000101100110
0000000001010101
0001010001010110
1111010100010010
1111110101110101
1111011011001101
1111000010010111
0011010011001100
0011001010010111
0011100001000110
0000010001110010
1110100111011101
1111001011000101
1111101001111011
1111110001011101
0010011000101100
1111011110010100
1101110001111011
1111101100001100
0001111001000010
0011011001100011
0000111000101011
0000110001101100
1111000010101011
0011010010000001
1110010010010111
0000101001011110
1111100011000000
0000101111111101
1110110001000011
0000001001010000
0000101010011111
0100000100011101
1100000000100101
1101110110100101
1101000101101100
1100100111111011
1111000101111000
0001001010101111
1100111000010000
0010010011110110
1101000100010101
1111001011011100
1110010001011110
0000010001010000
0001000101010010
0000000001111001
1100000000101011
0000101011000101
1101101110101101
0010001000011000
1101110011011111
1011001011100100
1101100011111010
1111101111011011
0010100010100001
0001100100111010
0000010111000110
0001011010110110
0010011110111011
0001010000011110
0001100011111000
1101011101010011
1110111000100000
0000010010100000
0001010010101111
0001011000110100
0010111000000000
0011000100010100
0000100111001010
1111001100111111
0001001010100101
0000101000000111
0010001000001000
0001000111011000
0001100110101001
1111011100100011
1101101011011100
1111110110100100
1011111101110010
0000111010100000
1101111100111111
0010011101100100
1111101000011110
0010010110111111
0001110111111101
0010011110111100
1111010010101000
0000001000000010
0001101010111001
1110101100011001
0000001100001010
0001100111100100
0000000110111101
0000110001010110
0000101100010100
1111000100000010
0010000100110110
1110000110111000
0010001100100111
0011111110001100
1110001000011101
0001001011011111
1110000010100001
0010000000100110
0001100100101101
0001100111001111
1111011011001111
1101011000110100
0011100000000011
1101010000010100
0000101010110101
0010101110110110
0010011110101010
1110001111110101
0000001001010110
0000011110111010
1110101010111111
1100111111101001
0000111001101011
1110111100000101
1101110010110010
1111000001000011
0000101000000010
1100100010101111
1110111000010000
0000010000111101
1110101101111111
1110111111110000
1110101000101100
0000111100101111
0000101100001100
1110101100000110
1111110110110101
0001110001000111
0010011000100001
0010001010011010
1101000011111000
0011100111010000
0000110010001100
0000000111010101
0001001001100110
1111011110111010
1111101001100010
0010010000110000
0000010001011111
1111011000010000
0001111101101111
0011100011101011
0000011010101011
0000100101001110
1101001100000011
1111111000010000
1111010011010100
1110111000000000
0001110100100101
0010110111110100
0001110000100001
1111101011101110
0100001110111110
1111111011100000
0000111000001001
0101011011010001
0001010110000110
1111100000011100
0010101011000001
0011110011011000
1101000111001010
1111001001001000
0000011110110000
1101101101011111
0000100101000100
0100000001100111
1101111000100000
1101110110000011
1110110011101111
0000100010100010
0010001111110111
0010101011011010
0010111000110000
0000110101111111
0001101111011000
1110010011110001
0001011101010001
0010011001110011
0000110110110110
0001001011011100
1111011010000111
1110101100010010
1110010100111100
0000110110101101
0000011001011100
0000101010111111
1101111010000011
1100111010100011
1101111001000111
0010000001101010
0011011000010101
1101000010010101
0010010001011000
0000111101111010
1111110001111001
1110000011010011
1100101001000100
0000000111011110
1111101011011010
0000100111110001
0000010000111110
0010111010100011
0010100011101011
1110000101101010
0010000111011011
0010101001000010
1101011011011101
0001101111101000
1111101011011010
0010001010110111
0001100010010010
1111110001100100
0001110101001001
1110011111110100
0000010111010011
1110111111111010
0010100011101100
0001101001100001
1111111011101110
0000110111111011
1110101001110001
1111001111011100
1100011111111010
1110101111111110
0001011011100101
1101010100010101
0000000111010101
0001010011110010
1111011101000010
1110110110011111
1111110001101101
0000001010101111
0100000110011010
0010010111001110
1111001000110011
1110111101111110
1110010010010101
0000011110110111
0000011010001011
0000110100111001
0010010110000100
0000001001111100
0000001010111110
1111010000000101
1111000111100010
1101010010100011
1110111001100101
1111010110000011
0010000111110011
0101000101001001
1110111101011100
0001001100001011
0000011110001101
1111001110110110
1100000101010100
0000011010000101
0001110101011111
1101001011111100
1101110010000000
0011100101101110
0011000000101000
1111111100011010
0000000011011001
1110010110110010
1111100100011101
0001100110001110
0000011000011110
1111011010011011
0100000001100000
0010100000011110
1110010001100000
1110101111110101
0001010111111000
1111100101010101
1100100001000111
0000100100001111
0011000101010110
0000001100110011
1110010000011111
0000010100101010
1110101100001101
0010110101010111
0000111110111111
0000010000110000
0000101110111111
1111000001110101
0000110101000111
0001010011100110
1111110100001011
1111101001100110
1111010101011111
0100011101110110
0100010100110100
1111101101111010
0000101010011011
0001111101001011
0010101110111111
0011011110111100
0010010111010011
1101011110100010
0001000110011001
0000111011110001
1110000101100100
0001000101000100
0001001000001111
1101011010000100
0011011101111011
1110011100110101
0000010010001111
0011001010010000
1111101100111111
1110010011011110
1111110101011000
1111101011111001
1111000000100011
0001111001111000
0000111110101111
1101010000101001
1101111000101101
1011000001011100
0000011011011010
1111100100010111
1111011000111000
0001110110100100
0001000000001010
0011010111101001
0000000001011111
1100000011010111
0000100001110110
1100001001010000
0000111000100011
0010011001001100
1110101110000111
0001111110111011
0000010000010100
1111111010111101
0010000110010101
1110000000011000
1110110110110101
1111001110011011
0001000110010011
1100111000100000
0010010000110101
1110110101011001
1111101001100001
0001101100111111
1111110011010110
0000100001101101
1110110101110110
1110010000110001
0011010001000010
0000001000000110
1100111101101010
0001110100011010
1110111110001111
1111001111001000
1111000000001000
0010011000001010
0010100001111010
0001111100110101
1110011110010011
1111010110000111
1111100010110100
1110010011001010
1111001110000000
0001111010010001
0001000101101001
0011011011101011
1110011110111001
1101000110110010
0010011100101010
1111001110010110
1111110000011111
0000111111001001
0000011000110001
0000111100011110
1011101111001011
1100110100000100
1111110111100001
0000011011010100
1101110010101011
1110111000110110
0000101101011100
0100001111010101
0001010110101000
0001000101111000
1110010101000100
0100001001010100
0010100000110111
1111111011010111
1110101110001001
1011111011000100
1101010011110001
0000011110110101
0000011011010011
0001001010000101
1100110110110101
0000100000101100
1111000010111000
1111100110000010
0000011101000000
1110000111000000
0010110000111010
0011100000101111
1111011111101001
1111011010101000
0001110110011001
0000010101011101
1100001011110001
1110111110010001
0001100100101010
0001101111011101
1111000100000110
0001010100011011
0000101101101001
1111111111010110
1110100000101001
0001100000101010
1101111101100011
0001000100100011
1101101110111100
1111100111000100
0010110111011100
1110011101011111
1010101100100000
0010011011110010
0010110011110100
0010101001101111
1110110011111011
0011110100010110
1101111001110101
1111100110101101
1100110111111001
0001011110000000
0010110000010101
0011000100101011
1111001110111110
0001100110010100
1101101010111111
0010010001101011
0000100101011100
0011000111111110
0000101001110110
0001101101101100
1101111111100001
1101011110011011
0010011111110110
1111000000010111
1101110011010010
1101101010101101
0001010000101001
1111110100111100
0001000001111101
1111101011011010
0000101000110011
0000011110001000
1111011011000111
1111001010000110
1101000000010011
0001110111010101
0001000101001000
1111011001000110
1111110111000100
1110001001001001
0000101010011000
1110001110010011
1101110000001100
1101011010010001
0000011110111011
0010110000110111
0010111100000111
0001110000010110
0001110000110101
0010000110100000
0011001101001011
0010000000010110
1011011110011100
1110100010000000
1111101110001111
1100110001000111
0000110011110111
1101111010100000
0000111011001110
1111111011100111
0000110010111100
0000001000000011
1110101100110001
0001011011010111
0001000110110001
0000101010011100
0010110101100010
0010100011110100
1110101111110101
0000101110000110
0011010010010000
0001111001010111
0101000111101010
1101101001101101
0000100000111101
1111101111011001
0000110111111100
1111110111000101
0001110010101000
0010000111001100
1111010010010110
0011101000010011
0000100011111001
1110000101010101
0011001110011110
0010011100000100
1101110001011101
0010011011100101
1101011100001011
0011001101110010
1110001010101111
0001011110101001
0100011101001001
0100010010001010
0001110100101011
0001100001110010
0001101100101010
1110000100000111
1100111111111011
0000111010100101
0001100001010001
0010111110010010
1110111000011100
0001111110010100
1111110111100001
0001001001000001
1111001101010111
0001000001011111
0001101100111110
1111001101110010
0001101110110001
0001111000011001
0000110100110100
0001000101100101
1101010101100001
0010100100010100
0000001011111111
0010010000110011
1101101000100110
0100100001111111
0000010000010100
1101100000001110
0001000010110101
1111110001011101
1111110000011111
1101000000101000
0010000011000100
0000000111101100
0100101111000101
0010011110110111
0011010101011011
1111010010101101
0011101110010101
0001000010110110
1111010101100100
1111010100110000
0001000101010110
1111001111010011
0000001000010010
0010100100110011
0000101001101100
0010100100101100
0001010001001110
0001100101001011
1110111000011001
0001000101110110
0000110001000101
0001110000110111
0001101001111111
1101010011100000
0010110001010010
1100110101101010
1100010110001001
1110000001001001
0000010111000101
0010101011100001
0000111110010101
0010010011001010
0000101000101001
1110010001101101
0010001101101001
1101010100110000
0000010111000100
1110010101100011
0010111110101001
1111001111111111
0011111110101010
0010010001100110
0010010100100100
0000001111001100
1110101111111001
0001110011011011
0000101100011010
1110011111001001
1001001010001111
1111111000100000
1111010000101101
0000001001100111
1101110010101111
1101111111100000
1101101101111111
0000001010101100
1111001000101010
0010011111101101
1110011110001101
0001010101000000
0011101111110100
0001010001101001
1111100111001100
0001100101011001
0001001001010001
1110010001010011
1011100011000111
0000010011000110
1101101011111001
1111111000110111
0001111011110011
0101001110110100
0001011101000111
1111011011001101
0000111011110110
0010010010101110
1111100101000111
1101000110110000
0001101111001001
0011110110011100
1111110110111101
1011101110110110
0000100101100110
1101110100001011
0000110111101011
0001100001100100
0010011101111101
1111110001100110
0001011000011111
0010000110000111
1110110100101111
0100011011100111
0100010000010111
1110100000001001
0011010001111110
0000000011010010
1111111010011101
1111100101110110
1111111111111000
0010110001100101
1110111010100000
1100110000100011
0000010100100111
0001101111101100
1111001100010010
0100111110000110
0000000001000011
1110101000100100
1110100111001100
0000010011000011
0010101100100101
0000101000001111
0001101001011010
1100111110011011
1011110101000110
0010001110000000
0001000010110011
0000101000001001
0001111111011010
0000011111011000
1110111101010101
0101101000101100
1111001010000000
0101010000011010
0000100101100100
1101101000010111
0100001110000011
1110011000100010
0011010010011000
0000101011000010
1110110011001110
1111101000110010
0000001100100001
0000011010111000
0010110111111000
0000000100101100
0101010000110100
0001010110010011
1101101110011010
1101000110001111
1111101001011000
1111110101110001
1110110111001101
0010101001101111
1101001100010011
1110000011000001
0011110001111110
0000011100000101
1101010101110011
0000100011010001
1111010110010101
1110001100101010
0001101101011100
0001111000101110
0010101001100100
1011111001001000
0000010000111101
1101000100111010
1110110000000111
0000000000101010
1111010110011000
0000110010011100
1111011110100111
1110100010110101
1100111011000101
0001101011110111
0000011101100000
0010111010101000
1111100001111001
0000001111000111
0011101101111010
1110111011011101
0000001110011001
1101111111101001
0001011101101101
0010110010111111
0001010001100111
0011000011001110
1110001101101110
0001001110110111
1110101100010100
1111110001110000
0001011011011000
0010110000000011
0001001011001110
1101101110001001
1101001101000101
0000101000101100
0010001111110010
0000110001110111
1111111000011111
1110110100011111
0001110110101101
0010111110001011
1100101111111000
0000101011011111
0010111011010110
0001100011100110
0000011001110101
1100101100001111
1110111010001010
1111010101101111
0000101010111000
1110010111001011
1111010100111110
1111011001001111
1100011000110000
0000110111011111
1111110001110111
0001101001100010
0011011100111011
1111101111111001
1101011010100110
0010101111000100
0000011010111001
0001101010101000
0011100001001101
0000100111001011
1101111000111011
0010001011011111
1101101001010010
0100110001011110
1100111011100000
1101000111100000
0001001100000101
1111011110011010
1111010111101111
1111011011001100
0000000101011110
0001011000110001
1110111110100010
1110111001000100
0100100101111001
1110111100000111
0001111011100011
0000001101010011
1110110100010111
1110000100100011
1111000100010110
1110010101110100
0000110100001110
0001001101010101
1111100101001000
0000011011110001
1110110111110000
0000011110100001
0000100101010001
1111110111111111
0001010000001110
0011100101101010
0001110001010010
1110100100100110
1111101110100001
1101000110010000
0001110111111100
1111100110011111
0001001010000100
0001100010110110
1111001010011000
1101101101010111
1110110110111000
0000110100100010
1111100110001010
1101001110001100
1111010100110001
0010100101110010
0001000000000011
1110100001011010
0010000110100110
1110010101000010
1110110001010100
0000010111110101
1111110101000100
1111011010010011
1110010000001101
1111100000000010
0001100001011111
0011110111100000
0100000010010110
1101111001010001
0101110100100000
1110010110000000
1110110111111001
1110101111010010
1111101001001100
0001001111100110
1111011101011011
1011111101111101
0000000100000000
0000001100001100
0001110110100010
0000010111110000
0000001111110110
0001010001101110
0001101000010111
0000101101100001
1111001100010110
0011001011110101
0010111011010101
0010111100111001
0001000000101110
1110011010111111
0001010010101110
0000100111011111
0000001110011001
0000011111011100
1111111110010111
0001010010110110
1110111110001111
1101001111010101
0000001110101001
1101110101001010
0010110011111001
1100001100111101
0001010110110001
1110001110100001
1101000001011010
1111001101011010
1110010111110100
1100101000000100
1110111000010010
1101100111001011
1111101000111100
0000000110001011
1100110010111001
1110111111100011
1110110100100110
1111001101110011
1110010000011101
1110110100111111
0010000000100001
0001011010110111
0000111010011101
0011101000000100
1101100100001000
0010111010101110
1111010000000110
1110000101100100
0101101010010111
0001100000101011
0000101000000011
0000101101110010
1101110111001011
1100100000110000
0001100001000001
0001011001010101
1110010010100000
0000011101000001
0000100011101100
0000110111000101
1111111111100011
1111111100001111
0101010101001101
1110111101010101
1111001010010101
0000010001101011
0000110010010011
0000101100110100
0000100110011100
0000111010011111
1111011110100111
1111110100000110
0000100011100000
1101111100000001
1110011011011011
1111101100100000
0000100011001100
0001101010111010
1101111000010001
1111011010111101
0001111011010101
0001011001000001
1101100110011000
0010101011001001
1110111010000111
0000001010101011
1101010111100100
1111010111001111
0000011101111101
0000011011100111
0000000010001000
1101100101110001
0001000000010111
0000011111010110
0000100011011110
1100000100000100
0000101010110110
0010010000111100
0001110000011100
0010001110000000
0010000101011110
1111001000100011
1110010001001001
1110110111000000
1111110100011101
0100001011000010
0011010000101111
1111001010111110
0000000101010000
0000010101001100
0001100001101100
1111110011100001
0000001001001001
1100111010101001
0100110001000110
1110000111101001
1111101011111110
1111000000010101
1111111110110100
1101000000110010
0000001111001101
1110011000011000
0001111100000110
0000000000101011
1100001100000011
1101100001001011
1110101110111000
1110010001000011
0010110001101101
1110101000101101
0000001011111111
0000101101001100
1111011100110111
0010101101001000
0001000101011011
1100000011011111
1110001011000100
0000100110101001
1101011100000111
0101001111011111
0001000101111111
1110000011111010
1100110001100001
1111101000111010
1101111001010110
0010010011010001
1111101111110001
1100011100000101
0011101100000101
1111001101011110
0000001101000001
0100000101000010
0010110011110110
0001110000010001
1101110111110111
0010100100110010
1111001011100000
0001101010001010
1110111111011110
0011110010101100
1111000000011100
0001110111011100
0010101011100110
0001011100111000
0100001010100011
0000010001000100
1111001100010111
0000011010001100
1100110000011011
1101010100000000
0000000011011111
1111100011101001
1110011001010011
0000111110101001
1100110101110000
0011010101000101
0001101011000001
0010110001000010
0011010110100011
1111001110111100
0001110011100011
1110101011011101
0011010010010111
1110101001101101
0010111100110101
0000111110010000
1110100111010011
1101110011101001
1110101000101111
0001110000111100
1101000001001001
0000100101010101
0001101110000111
0000010101000001
1111111100011101
0001000000111110
1011111000001100
1110111100001111
1111110000100110
1110010100000101
0010101111000110
1101011101001000
0001001101000011
0001101101111011
0000100000101001
0110111010100011
1111011100000011
0000111001010000
0000101010100101
1101101010110101
1100111000000111
1110000110110100
0001010011101110
0000011011001101
0000010001111010
0001100111111100
0001100000010010
0000100111101111
1011000111010011
0010001000100110
0000010011011111
1110001111000100
0001110011111101
0010101000101111
1110001100000000
0010001010100001
0001100100000101
1111011011000101
1111010101000010
1100110000101100
0010001110000011
1111111110101101
1110111101110110
0100001011111111
1100011001101111
0010011101101011
1101000011000011
1111000101110100
0010000100100011
0011011110111000
0011110011000001
0000000101110001
1101011111101011
1111011011010110
1111110001001010
1110100001001100
1110011110000100
0000000111100000
0001100101111111
0001000111000100
1111001111010000
0100001101110100
1100110111100101
0010100010001001
1110011001100100
0011101001001000
1111101000000010
0000111111010101
0001101000011110
1111111011000011
0010011100001101
0101010000110000
1111010101100110
0010000011100101
0010111111100010
1101101011100110
0010111011010111
0010111010111100
0001001000100111
0010000010001111
1100001001100011
1101111010010111
1110010011101011
1111011001101110
1101011101010111
0010111111000111
1101011101101010
0010011111011110
1101010001000000
1101010111101111
0000001011111010
0011101001100010
1111110100111001
0000111010101010
0000011000000101
1101011110001111
0010111011110010
1101101001010001
0010010110111000
0011101100110110
0001101111000110
0001001000010110
1111011000011100
0000110011100010
1101101001001010
0000000100000100
0001101110111101
0011001010011010
0000110101011111
0000001011100001
0000000111110101
1111110100111100
0000010011100101
1110101101111011
0010011111000011
0010000111001110
0011100111101110
0001100111110101
0000101001111000
1111100010001100
0001000101011001
1110100001110110
1111001110010101
0001110011011001
1111011101011111
1011110101011100
1101001000011010
1111100101001011
1101100011111100
0001000000100000
0001110001100110
0011111111001111
0000001001000010
0010010111000011
1111000010000101
1111111011011110
0001111001001000
0001010101101000
0000110100101101
0000100000000101
0000001010101111
0001000011011110
1101101100100111
1101101100100000
1111101000001101
0001101110011111
1111110110101110
0010010100110100
1111000010011110
1101000110110001
1100000100001110
1111011111100101
1110001001111101
0000100010110001
0100100111110101
1111101101001101
1101000010000011
1101111111000000
0011101010001110
1110000011111000
1101001010100011
0001000110110100
0000110100011110
0110110011111101
1111000111101101
0010100110100100
1101110010110011
0010100111111001
1111010001100000
1110101001000110
1110111010111110
0010111000111000
1110111101100000
1110110000000100
0000100111110000
1101111010111011
1110010010111110
0100101001111010
0001011111110100
0001111000001011
1111100110110111
1111111100011001
1111110000101101
0011000001000100
1110011000010110
0010000100010011
0001110110100100
0000001010011111
1111100001011000
1110110100100100
0100001001000110
0010111101001100
1101111111011110
0100000101110001
0001010001110011
1101110011010110
1110111000101010
1110000101110101
0001101001000101
0000011101101010
1110001100111111
1101111001010001
0010100010101000
1110101001001101
0001101001101100
0001001000011110
0000110111100111
0001010111000110
0001000011111110
1110101010100110
1101100111011001
1001001110111111
1110111001111010
1101100001010111
1101010111101001
0001101000110001
1101000000001000
0001101010111100
1110011100001010
1110110010110001
0010110101000111
0001111111010010
0000000110010111
1101001001010111
1111110100111101
1011010001100011
1110010101010101
1111010100000011
1111101100011010
1111000000111000
0001001011000101
0000101010011110
1101110110010001
0000010111101010
1111101100100001
1110011000110010
0000000010000101
0000111010101110
0001111011111001
0011111000010001
0000100101010000
0001110010011011
0010011101001000
0001011010000100
0001101100011101
1110100001110101
0010100101101000
0100000010011110
1010110001001001
0011111001111001
0000011101001000
1110100111110001
0000011101011111
0000011001011010
0010001101000111
1111101101010011
1100101001000101
0010101110101101
1101100010000110
0011000100101011
1111101011111011
0001000101010010
0010000101101011
1100101110110011
1111000000000110
0010010111101101
0000001001010111
0000001111011010
0100101011010011
0000111110101100
1101010110100001
1110010000100000
0010010101001011
0000100011110001
0001010110110000
1110111110101001
1111011001101110
1110110111100011
1111101001111110
0111110000110111
0100011111010100
0000101101101011
1111111100100110
0011000111001010
1101001110000111
0010111001011010
1111111111010010
1110000011100001
0010011110010010
1111111010101000
1111000101111010
0000101000110111
0001000001010010
1110001011100100
0000111011100101
1101110000110111
0001000000101000
0001000111100010
0001100000000101
1111111011011111
0011111010001101
0100001000011111
0000110010001111
1111010001100101
0000000001010100
1100001110100100
0001000111010110
0000001001101101
0101111011000111
1101100110000110
1100011011011111
0000100010111101
0011010000100101
0010110000000011
0000101110001101
0100010111110101
1111011011011001
1101110001101101
0001010001001100
1111100110010001
0000000111001110
0010001111110001
1011001100100001
0100100110111010
1110101101000010
0001010111010101
1111001110011010
0010011110100011
1110101101110101
0001110011001101
0001100101101100
0001010100001001
1111000011100000
1100100010010101
0000001100010011
0010001111110010
0010000110111101
0000110100000011
1111111001101110
1101101101111111
0000100000110000
1110010001011101
0001100000010100
1110101101110010
0001101101010101
1010010111100001
0010011100100010
1101100001101010
0011101101000010
0000100111011101
1110000101111100
0010001000000100
1101111101000000
0010111010011100
1110101001010011
0000000000011111
1110101001000000
0000101110111100
0001111000010001
0001001100010110
1101000100100000
0001101110110100
0000011101111001
0010010010011000
0000111100101001
0001000100010000
1100000001101100
0001011000011000
1111010011000000
1111000100000000
0001000100100111
1111101110000101
0100000011100011
1110001001001111
1110110110001100
0000011111011111
1101101101011010
0000110101010001
1100000111110010
0001100111100011
1111100111101010
1100111111010101
0100101101100110
1011111011110010
1100001001011001
1101100111111000
0011011100010101
0000101000010101
1110100001100001
0000110011000100
1110010011101010
1100111001100001
0010001100000100
0001101100010011
0001111101010011
0010000001010011
0010111100000011
1110011011110010
0010000011000111
1111001100011010
0000110111000000
0100011010000111
0001110010001000
0000010101001010
0101100100100001
1110111101100111
1111001010110000
0010111000100010
0000111000101010
0100100000110111
0010011001011111
0011000010000000
0001011110011111
1111001100100101
0001111100111011
0100000011001111
1110011000000111
1111111100111111
0010101000111100
1110001110111010
1101011100110111
1110100011000100
1101110111111000
0101111001001011
0000011010001011
1110010111101111
0000011000100101
0000100010110011
0001011110111000
0101111000101001
1111001000011010
0010011111110010
0001111110001011
0000010011110100
1100100001111011
0011110000110000
0100011101110011
0001001010011000
0001001110101110
0000100000011000
1110011111111001
1111001011101100
0100100111011110
1101110110001100
0000101100001110
1101010011111010
1111000011110010
0011000110110100
0000001100110010
1111111100001101
0010110111100101
1110111011111001
0001100100100011
1111100001000010
0000110000011000
1110010111110001
0001011101011100
1011110000111011
1101110011011110
0000101011111001
1111101101110100
1101110010111101
0010101010010101
0001001110001011
0001001000001011
1110101100011000
0000011011100010
0000111001110000
1110010100010111
0001010011110001
0001110011110100
0001001111010010
1110111011011111
0000100011000000
0001010010110001
0010110000101000
1111001001010100
0100000101011010
1100010101011010
0001111111100001
0100010011111011
1100100100111100
0001010101010010
1111110100111111
1110001000001100
0100001101101111
1110000000110101
0001110111001110
1101001100010011
1111101011001000
1110001000111111
1111111111101001
1111100001100110
1110100010001001
0000001010011010
0001110011011111
0001110110110111
0000110010010111
1101110110110110
1110001100100111
0001100110010110
0000011010001001
1111010110000010
0000000000100000
1101101111110011
0000111011000101
1100010001111000
0001011100100000
0000011001001001
1110100111100001
1110000010110001
1110101010010101
0010011011110011
1111100010111100
0001011010011111
1111101000000001
0010010010011010
0000001110000001
1111000100101010
1110011011000110
0001000011010001
0000100010000101
0011101110010001
0000101000000001
0001111101100000
0000110110101010
0011011110000101
1111010100100111
0010100011001011
0000011100100011
0001110011100011
1101001101011100
0010101110010110
1110111100011001
0101000011000000
1111111011000110
0001011111011010
0001100111011000
0001000010101010
0001110011001000
0001000010101011
1110111010101001
1110100101001101
0100011100101000
0110010001010101
1100110011001011
0010010111011001
0001101010110011
0000010000001100
1010110101100111
0010010010010000
1101101001011011
0001010000010010
1111011100101001
1100110011110000
1111101000110000
1100111011000011
1111010011011100
0011000100010010
0011101011101101
0001010001100000
1101010110101010
0000110110010001
1111000011110111
0001010011000101
1110110000000101
0001100010010101
0011101101111001
0000111001001101
0100001010010100
1100100110111110
0001111011000011
1101101110111000
1111000011111110
0000111101011110
0000101011010100
0000000111011011
1111101010011101
0000011110111001
0011111011111001
0011000011110111
0010010000000110
0001111100010000
0000110011011011
1011110111001110
0011000100001001
1111001111000000
0000111101011110
0000011000010110
1111100000100011
0011011101111110
0010111101010111
1111101001101000
1101010000010101
0001011010000110
0000100010011100
1110011111111111
0001001101000101
1100110000111010
0010011000010100
0011110100000110
0000000011001111
1110110011100110
0010000010010011
0000011001110000
1111111101101011
1011100100101000
1110000111011100
1110110111001011
0001110001011000
0001000010100101
1110111000101100
0100011011011101
1101101011000110
0010001111000001
0001001010101110
0000001000100010
0010001000100111
0010000110010000
0000101011011100
0001101000000100
0001110101100010
1101010001110000
0010010101110000
1101011110101010
0101100100111110
0010111001100100
1111111010001101
0000111000110101
1111110111000000
1111101010110111
1111101111000010
0001101111101010
1101110011010010
1110001011100001
1111001000100101
0001000110001011
1110011010000000
1110111001101100
1101100011001101
1110100010100001
1110100001101100
0000000000111111
1110011001111001
1101101001001100
0000010110011100
1110101011011101
0001001110011001
0010010110101110
1110011111010101
1101100110100111
0000111010111110
1101000111100010
1111100010000111
0011100010110110
1011000100100000
0000001110001110
0000000011100110
0010010111010001
0001110000000110
1110011011101110
1111101101111110
0000110000100100
1101110110100110
1111100101000100
1110100010100100
0001000110011001
0001001100000010
0010011111001001
0001011001000000
1111011101010011
1111110010011011
1100010111111001
0010001000111011
0001110101011010
0001000101110000
0001001110101010
1111111001110111
1111010101111011
0100000111011010
1100011110101111
0001100111111101
0011100111111100
0100011100111010
1101010011011111
0011010111000001
0011101111110110
0001100111000010
0011100111101101
1110110110111011
1100101111100001
0011110110110011
1111011011011011
1110100110110110
1101010000101001
1111001010111110
1110100100111000
1101101000100011
0000100111101110
0010000110101101
1111001100111101
0010011000111011
0010101000000101
0000011100011001
1101111010111110
1111110101010101
1011111001101011
1111000101110111
0011111101000001
0001101010101100
0001111011111111
0000101111000100
1100110001110101
1110000111001110
0010110111000101
1101101110100100
0001000011100001
0000010110111011
1111101010100100
0001010001111001
0000010110000111
0101101101010111
0000111001000000
0010111100011110
1100111110000111
0000001011001000
1111001101101000
0010101000001101
0001000111001000
1110111101110110
1110101001111001
1101010010010110
1110101111011111
0010010111110010
1111000100001101
1111101011011010
0001111000100111
0000000110101011
0010011011010110
0000010000111011
1111011000111100
0010001001101000
1110011111011000
0010011111100001
0001110110000110
1110001010011111
1111101111100100
1110010001011000
1110010110001111
1110001011011000
1110111000101010
0010000010111100
0100100111101011
0011101000011010
1111110110101111
0001011100100101
1110011001110110
1100010010000010
0010101101110100
0000100000101011
0010111001010011
0001010100010100
0000001011101001
1111010001010011
1100111011001111
1111000100001011
1111101101110000
1111000001110001
1101111100110000
1111110000111011
1101101111011110
0000001100110011
0000000111000001
0000001101000100
0000011011010011
0001101110000011
1101111001011010
0001110010000111
1101100000111010
0000000001100101
1101100000101000
1110100010100000
0000010100000101
1001111000010000
0110000011100100
0000010101011111
0000001100100001
0001001110010101
1110111011101110
0010100010011101
1111101101000011
0001010000000011
0000010000000001
0000110111110110
0010101011100010
1111110011100010
1101111111111000
0001011001110011
0001010111000100
0010111000111101
1110011100110011
0010000101000011
1101100100001011
1111101101100001
0001100010111100
0001111001100010
0000011111111011
0000000111110001
0000010001001111
1111100000010001
0001110000011101
0001110000100101
1111001100011001
1110111110110101
1111011011100110
1101010011001000
0000110100100011
0000001100110010
0000011011101001
0101000001000101
1110000000110100
0000000011101110
0000111011000001
0010001001010000
0001001100101010
0000111011001100
0011000111001111
1100000000111001
0001111111010000
0010011011001010
0010000011010100
0000110100010100
1111100001110011
1101101010110001
0000001101110100
1111110100101110
0010010000010110
1111011010001101
0001000010001111
1110101010000111
0000011100111010
1110111111010011
0010011011110001
0000111101100110
1110001101100010
0001111110010001
1110110010001001
1110110111000100
0011000011110011
0000111101110001
0010000001010111
1110001110111100
0010100001001101
0010001000100011
1100110100101010
0001111111101010
0000011011110100
0000100010001001
0010101001111010
0000100100001000
1111010010100100
1101111110110001
0001000101101001
1101100010000110
1110010111001011
0000011101111010
1110010010011000
0000001001010101
1110011110010010
0011000011100010
0000001111100101
0000101111010111
1011111110101000
0000110110100001
0000011011110001
1111100011011000
0011111000100111
0010000001111000
1111100011001111
0000000011011001
1101011010011000
1110110001010010
0001110111100011
1111001110101001
0000011100010000
1111101011001101
1111111000011100
0000100110100111
1111101001110000
1111010000111001
0000100010001011
1100000011010110
1110001101011101
0001011001100110
0010001011100100
1110010111011101
1110111101100101
1100111001000110
0001001010011000
0000100010010011
1111100010100110
0001010011001000
0001110010001011
0010000101000101
0001011100101010
0011110010010000
0000000111001100
1010110101100100
0001101100111000
0011001101011110
0100000110010111
0000001010000010
0001011101000100
1101101001000111
0000010011001100
1110100010011110
1101010010100001
1110111001000011
0000010111000111
0000000100101110
0000011000100010
1111011101011000
0001101000001110
0010000101110110
1110110101110010
0000111110110111
0000011100000001
1110001111111001
0000001010100111
1011010010100001
0101101010111111
1111111001001111
0001011000110100
0001111111101001
0100011001000110
1110000101110000
0001101101000111
0001111101100101
1110000000000001
0001000010111010
0000011101010010
1111011101011100
0000001100010111
1111111101000010
1101101000100111
0000100101000011
1011010110011011
0011011100000101
1101011111100000
1111010011101001
1011001000100001
0000100011111110
0001100101100001
0000001100010100
0001111111001111
0000001000011011
0010011110101111
1111001010101111
0011000010101010
1111010011100100
0001111110100001
1111101010000011
1110111111011101
0001011001100101
0010110010010100
0100110001001100
1101111011001000
1100010110111011
1101001001011111
0001011110111010
0001000101111010
0100111010100101
0000000111000100
1100110111000100
1110001001111110
0000100101000001
0001011110100100
0101100110000100
1101001111100101
0010100110111001
1111110101101100
1110011111010111
0011000011011001
1101011111111011
1110111111111101
0001001101010100
0001110010011011
0011100011101011
1111010011110100
0000010100011000
0000011100001110
1110100001110110
1111010011100010
0000110011000010
1111111000011000
1100111000111011
0010101100100011
0001110000000111
1100110100100010
1100100101001100
0001000101011001
1011101111111110
0000100101100100
1101000011110111
0000010011000101
0001011010001011
0010000100110010
1111111010111110
1101111011011100
0010100010111110
1110011101010100
0011001001100001
0001010110111100
1110001110001010
0000011110001100
1111110101111101
0001010101111111
0001001100001000
1101000111101001
0010101110001001
0001011011111111
1111100001111111
0000111010100010
0000011101000001
1111101100001110
1101110111000111
0110001111000001
1010110110101010
0001101010001011
0000111110010011
0001010001110001
0000111000011010
0100111100100011
1111010110000111
1100111000001110
0010110011101010
1110011000011010
0001110101000101
0010011100111111
0000010110001101
0100110000011100
0010010010011000
0000100111011110
0010100101010101
0001110000111011
0101000010101001
0100001000001101
0000101001000011
1111110101111010
1111000000101011
0100010111011100
0000010001000010
0010100110111101
1110010001001101
1011101111010111
0000110111101010
0000000010100110
0001000010011000
0010011110011001
1101001011000101
0011100100000000
0000011111000010
1110011101001011
0011000010110000
1111100010011111
1110100111110101
0001111100010110
0000101110001110
1110101011000000
0010010000001011
0011111100001100
0000101010111111
0001001100111001
0001110110011010
0010110110011110
0001000111111101
1110001001000110
0000010110111000
0010001010000001
1100110000100011
1101001100110010
0101101100001001
0000110110111110
0001110110011011
0010101000110110
1101110111111011
0001000101000010
1100100001110100
0010101010001110
0011010001101011
1101010111000100
1110000110100000
0011100101011100
0010001101010010
1111101110110100
0011111000011010
0000011010010111
0001000011010011
1101100001010011
1110001110100111
0001111011101101
0011011110100100
0100100011000001
0000010011100100
0010110100101010
0000001010010100
0000110101010101
0000010001111111
1111011010010111
1110100001010011
0000011100001100
0010001100101100
0010000110000111
1111110010111010
1110000100101111
1110101110111010
1111010011101100
0010001011101000
0000011100000110
1110000100001011
0010011011111111
0011101000011011
1111100111000101
1111101001111001
0011001010000000
0011111010111100
1100111001110110
1100100011000000
0001100000011010
1101100001110000
0101011111000101
0000011011011010
1111011101101111
1111010111100111
1111110001010010
0100100011111010
0000110001011000
0100010010100101
0011100101101111
1101011001010000
1011010011111010
1101101011011010
0000001111010110
1101100110001011
1110010010011101
1100110101011011
1111110100111111
0000111000011010
1110111100110011
1111111001010110
1011101010111110
1111110000010011
1110010101011010
1111100001111000
0001101001111110
1111111101101010
1100110000100001
0010011100110101
0000011000001001
0001000111011010
0000111001101100
1111001010110101
1100011101010000
0111011100001101
1100001000111110
0000110110100111
0000100010110100
0011111110000001
0001010011111010
0110001010110111
1111101000111111
0010101101001000
1111110000101101
0010100000000110
1111110001111110
0001011101001010
1101111111110111
0001011100000101
1100111101111001
0011000100000000
1010111001111110
1110100110110110
0000010111101000
1111001101100100
0001000001010100
0000111011111101
0011001011110010
0011010000101001
0001001100110010
0001111001001001
1111111111100010
0000100011010011
0000100000110111
1110100111011111
1101100001001111
0001000111101111
1110100111111010
0000111001110000
0010101010101100
1101111100011100
1101010101101100
0000111000010000
0001011101000110
1110100111111110
0010001101111011
0011000010010000
0010110001101100
1111011011010111
0000011111110010
1100000011100010
0010110110000111
1111011010001000
0010011100010101
1100010100110101
1110110110010101
1110010011011011
1110110101101100
0100100111000100
0000010111110000
1111110101111100
0001111010000111
1111010001110111
0001000101101011
1111111010101100
1101110010000111
0000010000010011
0001110110110010
0010100000111000
0000000101011000
0000100110100110
0011011010011110
0001101010101000
1001100011101011
0000011011001000
1111100111110100
0011001010101010
1101101110001011
0010001110010110
1100111111001001
1100110110101100
0010000011100111
1010000111100101
1111111100100001
1110110011011100
0100001001111000
0000110011101011
0000001010001111
1101100101001010
1110101100111010
0100001000010010
1110100101010111
0001011101101000
0000001011011000
1101101010101011
0001001001000110
0000111011011010
1110111110100111
0010000010000010
1110000101100000
0101000011111000
0010000101101101
1101101000111011
0010110110110110
0001011011100100
1110101000010010
0000011110101101
1101101101110011
0010110100001010
0010101000100101
0101100001011111
1110100001000101
1110000101100101
0010110000000001
0000001000011101
0001011101110111
1111101110111110
1110010111001000
0001000011100010
0100101100111010
1111111001110001
1111100111010001
1111101101101110
1111111110000110
1111111101101001
1110101100100001
1111101011010011
1111101101000011
0001010000011111
0000110010100001
1110010000111111
0000111101100111
1111001110000010
0010000111011001
1101111110000011
1100111001100101
0011010111011000
1110110010111110
0001001011111000
1110100000011101
1110001100110011
0010011110111010
0011010110110011
0010110101110010
1101010111101000
0010001011111001
0010011000101100
0001011010111110
0000010010111000
0001000100111111
0001111011100000
0001111100111001
1110110111101001
1101000011100001
1101001110100011
0010001100011101
0000111001000011
0011001011110010
0100001110111010
1110000011110000
1101000111000001
0000111010101010
0000000010110111
0100001010111101
1110000011011110
0000010101000111
1111011000010111
1100111000100111
1111101100100000
0000010110100101
0000100000011100
1110010101111101
0011111101100110
1111110100011111
1111111110000111
0000011101110001
1110011111011100
1101100101000100
1110101100011001
0000000101000101
0010100011101001
1110010111000101
0011010100101100
1101001100001110
1111100101000001
0000100101101011
0001010010010011
0001000010110101
0001000000110110
0100110011010110
0000101111011100
0010001101011011
0010011001110110
0010001101010100
1110110100011110
1110110010001111
0011011110111001
1111011010011111
0000100110000101
0000110100110000
0000000000011110
0000101110111000
0100111110110001
0001101100001111
0101010101010001
0001011000100111
0010000100000001
0000010010101101
1011001010000010
0001001111011000
0010010000100111
0000101110100001
1100110011010100
1110101011010001
1110101010011001
0010010011000101
1110110101001101
1111011111100110
0001101110101001
1110010110011110
0010111101011000
0001111001001000
0000010011001111
0010100101111101
1110001000110011
0011001000100100
1100100000100001
0010011110101010
1111101011101001
0000000101001010
1101101101001110
1101100100101111
0010100011101011
0000110101100110
1110111001101110
0000100010010100
0010001100101000
1101011011111010
0001010110111010
0000111010110001
1110011000100010
1111000100010101
1100010000101100
0000100110000001
1111001110110110
1111110001101110
0100110001000010
0000100011000111
0000011111100010
0000110100100010
1111010111010111
1111011010000000
0010011011111111
0000110001111100
1010110111000111
0001101111001100
0000101000001111
0000110001111001
0011001011100011
1111111001100010
1111001011001111
1111101111011110
1100100001000100
0000001111110100
1111000111110110
0000001101011000
0001001101000001
1100011001100101
1101011001001000
0010100101000000
1110110101001011
0011011011011001
0000010001110000
0001101011110110
0100000001011010
0100110000011010
0010010011010110
0010110001010011
0010110000010101
0001100010001001
0010100001000110
1101111111011011
0001101100000000
1111111111010001
1111010001000100
0001101111001101
0100010100000101
0000101100101110
0000101101001010
1111110000100000
1111000011100100
0001011101011011
1111010110011001
1011101011001000
1111010101100011
0000001100010111
0000010100110101
0001110000110110
0001010011000111
0000010110010111
0001011101011110
1111000111000010
1111001010101110
0101001100101111
0010011110011000
1111011001110000
1110101101000100
1110111100111111
0001000111011010
0100000010010111
1111100101010100
0000110100101101
1111111100111000
0000000011110000
1111010001001000
1111001110010111
0011010000100011
0000110011111010
1111000110001011
1101001011000011
0001011000010101
0100001010010010
1110001011011000
0000110011101100
1110000111110111
1110000111100111
1111001111100110
0000000111101110
0001001001010011
0000100000000101
0001100100011000
1110100010110101
0010011101010001
1101010001100111
0110010000000111
0001110011111111
0001100010101101
0001000111000110
1101010010111001
0000100010000011
0010010010010011
0000011100100010
1111010000100110
0001011000101000
1110110100111100
1011001001000001
0000000100010010
0010110011001101
1111101011000101
0001011100000011
0000100010111101
0000101111001011
0001000100000101
0001100011110110
0000011101111100
1110111011101110
1111010011110110
0001110110000001
1111111101101010
0100000000001100
0001011001001000
1111010110001110
0011011011000000
0000000010110011
0001110100001000
1110110101111010
1111011110110010
0010010001000011
0010010101111010
0011001110010100
0000110011011000
1111000001100000
0000011111011011
1110110000110101
0010011010011101
1011101000110000
0100001100011111
1100001001111000
1101100110111110
1110100110110110
0001000000110000
1111001000101010
1110110101010100
1101000011001110
0010111000010000
0000111101110010
1101100000000011
1110011110111101
0000100011101000
0011011001111010
1111011001101100
0010000101110100
0000011100000111
0100011110100101
0000111100001100
0010110100010111
1101111010000000
0010011011001110
1111011111110001
1111010111110000
1100110001000110
0000100101100010
1101111011000000
1111110010010111
0010001001010001
0000101111011011
0010100111011111
0000101101001101
0000000110011000
1110000011010110
1101100000000001
0010111100101111
0001100001100100
0000000110111110
0010000000001111
0011011110010111
1100100000001001
0001011101111110
1110101110011110
0101001010110111
0100111010000111
0000011100011001
1110010110010111
