0001100010000111
0000010010100000
1111000011100111
0000000110001110
1111110101001100
0000101101111101
1111101100101100
0001000000000101
0000111111110101
1111110011101001
1111010111111110
0000000101100001
0000010001010100
1111011111011010
0000010001111000
0000101100010101
1111110101000000
0001100111100011
1111101001110001
0000000111111010
0001101011000010
0000100001111110
0001000011010101
0000001110001001
0000000111011011
1111001000101111
1111110010011101
0001101110100011
0001000011011110
0001010001001001
1111110001100000
0000110001110001
1111000100100100
0000100001111110
1111011100101101
0000000101001110
0000010000110001
1111000101000001
0000100101011101
1110111001010101
1111100000100011
0000111011111001
1111100101011010
1111100000110110
1110101000101100
0000110110001000
1110111100001101
1111110001101010
0000001100001111
0000111100011001
1111110110110101
1111010100110100
0001001000001011
0000111010010111
1111110011001001
1111100101111010
1111101100101010
0000100011001100
0000101101110000
1111001100110110
1111100101100000
1110101010111011
0000000011010110
0001001111111011
1111111101111001
0000010011110100
0000111001011011
0000011111011100
0000110010111010
0000011000100100
1111100110011110
1111111100101011
0000010100001001
1110110010111001
1110001111101111
0000011101001101
0000111001110010
0000001000001011
1111011000101101
0000100010011101
0000000010110100
1111001111100000
0000010111000010
0000111011111000
1111111111111100
1110101100111010
0001011111001100
1111100001000101
0000011111101111
1111011101010101
0001010001111111
1111101010101111
1111111110000010
1111111111001110
1110001110101010
1111001010110111
0000111100011010
1111011011100100
1110111010010101
0001101000001111
1110010001101010
1111000000011101
0000000000001111
0000010001100001
0000011110000010
0000110111001010
1111111001000110
0000100010100111
1111111100110111
0001000100011000
0001001001010001
0000010001010110
1110111000100111
1111111011100010
1110001011110100
0000010000000001
1110110010111010
0000111100101011
1111101011011111
0001100101111100
0000011100101110
0000010111000101
0000001011111101
0001000100001101
0000010001010010
0001011110100011
1110100111010000
0000101101100000
1111011101111001
0000110101011100
0000111110001100
1111011001111111
1111100110100010
1110110000100000
0000100101000001
0000101010101011
1111111111101110
1111011110010011
1111011011000111
0001000011000001
1111001011111110
0000111111101110
1110100000011110
1111101011011110
0000000000110010
0000010000000011
0000100011011111
0001010001110010
1111000100100110
1111000111101011
1110110010110111
0001101000001100
0001000101101001
0000010100001100
0000011001010011
1111111110101000
1111001001100001
0000001111001010
0000101001011001
0000101101100101
0000010001011110
0000011100110010
0000111010000010
0000101111001100
0000010010000010
1111111001011000
1111010110011110
1111001101100000
1110110110011100
0000100000100011
1111101100001101
0000110111011000
0000000110111000
0000000010010001
0000011000011100
0000011011010101
0000000011111101
0001000000010100
0000000000101001
0001011001000100
1111111110110000
0000010110110000
0000101001001011
0000100101111000
0000010100011000
1111110010001010
1111000111100100
0001011111000101
0000111010110110
0000001100010111
0000100010010101
0000110000011001
1101011100001111
1111001000111111
1110100110101001
1111110110101011
1111111100001001
0001000111010111
0001111101010000
0000010000100000
1111111110011101
0000001100101111
1111101011010010
1110110001110010
0000010111100101
0000101111010101
1111011011110110
0000100000110110
0000111010001111
1111110100011110
0000111000000111
1111011001010011
0000100100001110
0000110000000110
1110111100110111
0000000001010001
1111100000100101
0000101001111100
1111011110101101
1111110000111100
1111110000100010
0001010111101010
0000011011000001
0000100101101010
0000111110101100
0000010111011001
0000011001001001
1111011110001010
0000111010001001
1111010110111011
0000000010010011
1111111000001010
0000010101110000
1110110001010110
1111000110011000
1111101100010000
1111110100010001
0000110001101010
0000011110101101
0000111010101011
0000001111101101
0000000000011100
0001011101001100
0010000011001001
0001001111001000
1111001001111100
1111111011111111
1111010111110111
0000110100010110
0000101101010101
1111111101100011
1111100101100101
1111011110010010
0000011101001000
1111100111001111
0010000101100010
0000010101010111
1111000000101000
1111101011101101
0001001010111011
1111000001010101
1111000000010100
1111010101001101
0000001001101001
0001000100101110
1111110100010001
1111000011000000
0000111111000111
0000110010100101
0000101011000010
0001010010001001
1111011101101001
0000100010100000
1111001101111100
1111100001011110
0000111001100000
1111000101111110
1111111010100100
1111000010000100
0001010110010110
0001100111001011
0001000110010111
0000010001101001
1111101011010100
0000011101001101
1111100010011010
0001011100110111
1111101001111000
0001100010001100
0000011111001110
1111011110000001
1110000100000001
0000001001001101
1111000110000010
1110100110100000
1111110011000000
1111110111010110
0000001101111111
1111110101111001
1111110110000110
1111101101011001
0001001011000011
0000001001110110
1111111000110110
0001000101010000
1111011111101100
0000000100110000
1111111111001100
1111011111010100
1111001101000110
0000010011100101
1111011000101111
1111011000101100
1111001110110111
1111111011010111
1111101001011100
0000000000011010
0000010101010111
0000000010101011
1111110010000000
0000001001011110
0000010110000101
1110101010110001
0001001100110110
1111110010100111
0000010001011101
0000001101111011
0000011001101110
0000000100101011
1111111011111111
1110111101100001
1111001000011100
1111011101110111
0000101010101100
0000100100000100
0001000000110110
1111101000110101
1111011001111111
1111011010110001
0000100100100111
1111011111100110
1111010101110001
1110111000111001
0000001110110011
0000110111110110
0001111001100101
1111011101110111
0000110100110101
0000010011011110
1110100011011000
1111011110010100
0010000001001110
0001000010000010
0001000001101011
1110110101100110
1111100110100100
0000010110100101
0000010010111111
0000101110101101
0000000001000101
1111011011111110
1111110110001100
1111100000010011
1111101110011001
1111010101000100
1111101010011101
0000000101100111
0000000100111100
0001111101101110
1111100010110111
1111110001011110
1111110110011101
1110011111110001
0001000010001110
1110110100111110
0000110010000111
0000110110010101
1111101000000000
1110110001011110
1111100100100110
0000010100110111
1111011111111101
1110100000001001
1111101100011001
0000111010111100
1111000100001011
0000000001000100
0000010100111011
1111000101100001
0001000101001101
1111000110010010
0000000000001100
0000010111111011
0001011010001011
1111111111010000
0000010010001111
1111111101001001
1111001110000111
1111110000100001
1110100100010111
1111110111110100
1111111110000100
0000001110010111
0000100001101111
1111011101101011
0000110111101111
0000011110001010
1111111101000111
0000101100001001
0001011011011110
0010110000011001
1111101001110111
1110101110011100
0000110011100011
1111101101001011
1110101011010100
1111001010010001
1111111011000011
1111001010011000
0000111011110011
1111011101011110
0000100100010001
0001110111001011
1111100011110001
0001000100000101
0001011111010110
1110011110010001
1111010110010111
1111101100100101
1110111001001100
1111001011011100
0001101111000111
0000001101011010
1110000010001110
0000101111010001
0001011000100101
1111010111000011
1111111100000001
0000101010001011
1111111111001101
1111100010011011
1111111110100101
0001100011010111
1111010000010010
0000100010011111
0000011101111001
0000100011111111
0001010110100110
1111111010111110
1111101011101111
0000100010110111
1111001000100011
0000011000111110
0000000001001101
0000011011100101
1111100111100100
1111010110000010
1111010011001101
1111110010001011
1111010101001110
1111010001011000
0000001010110000
0000100010001000
0000111100111100
1111111100100111
1111100000011111
0000101010101111
1110101111001111
0000101110010111
1111000000101101
0000100001001100
0011010001110010
0000001110000000
1111001100101100
0000011000100010
1111111001111000
1110011111100010
0001110101100101
0000000100111111
0000011010111110
0000100111101111
1111101001001111
0000101001000100
1111101000110110
0000100010100011
1101110101001100
0000111101001010
0001100001110100
0000000000100010
0000111101001100
0000010010101011
0000110010000111
1111001000010011
0000100001001101
0000110101101100
1111011011010001
0000100001010100
1111111001010100
1111011000100010
0001001001001000
0000111110001011
0000100001010101
0000010111000100
1110100101010001
1111100111011010
1111110101011011
0000011010011101
1111010110101101
1111010111111011
1111111000000000
0000010011111110
0000110100010000
1111110011111101
1111010111010100
0001100000000111
0001011001111011
1111010111011101
1111101011111110
1111010101000100
0000110010000100
0000000001101010
0001010010010111
0000111110011000
1110111011111011
0000100101111011
0001001100111110
0000000110011101
0000111110000000
0001100111011101
0001010011001000
0000011010110010
0001000111001000
0000110111000001
0000001001010100
0000011110101110
0000000111111110
1111111100001100
0001001100011000
0000100110000111
1111010110101000
1101111010010110
1111000111000000
1111010111110110
1111100111010000
1111111001010001
1110011000010111
0001100011110111
0000100001101011
0000101010000101
0000100111100110
1110111000010110
1111010111110111
1111111100001011
1111101100010110
0001010110111101
0001000100111011
0001000010101001
0001011001010001
1110011011101110
1110111111010011
1111010001111001
0000010101001111
0000100111000100
1111111000111100
0000010110001111
1111010000011001
0001000010101010
1111110100101001
1111110110011101
0000011000001000
1110110110001000
1111100010110111
1110111011010100
1110010001011110
1111000101110000
0000110000001001
1111110111011100
1111101001000011
0000101100010000
1111111100111001
1111010111010101
1111110011000001
0000010000000111
0000010110100001
0000110001011100
0001001111111101
1111000101011100
1110111000001011
0000010110001001
0000000010011010
0000100000101110
1111110010100011
1111111100110110
1111001000111000
0000000101110100
0000011000111101
0000111011010100
1111100111010110
0000100101100110
1111100010111110
1110101111101010
1111110100111100
0001100001001100
1111110011011111
1111100011000000
1111101011011100
1101100110010100
0001011010100011
0000010110110001
1110010110110111
0000001101110000
0000001111001110
0001010100100000
0000010101110010
0000001000001110
1111011000100011
0000001100111001
1111101110011010
0000000110110110
1111000100000011
1110111101000000
0010101111100100
1111110110111111
1111101111001101
0000010010100000
1111110110000100
0010001010101000
1111010011011110
1111000010011001
1110101110110010
0010000000000010
0000100110100000
0000010110010001
1111101111011100
1110111111010011
0000010110011010
0000100010101010
1111100000110010
0000100100011001
0000100110111110
0000011111001100
0000111010010101
0001100000101111
0000011001001001
0000000110101010
0001011001100010
1110001000000010
0000011111010111
1111100011100001
1110110100011001
1111011101100011
0000010100001011
1111100000000010
1111110011011100
0010010110101110
1110101001111111
1111101100000111
0000111001101100
1111100011000111
1111001110001111
0010001010000100
0000001011111010
1110111111101101
0000110010011111
1111101001110101
0000010100101010
1111101010001010
0000100110110011
1111011110010010
1110100101100100
0000011111001011
0000000001001011
1111101101010001
0000111100110010
1110000010110110
1111101000000000
0000101111101101
0000001110001010
0000110000000111
1111101011100001
0000010111100001
1111111110100110
1111110000100101
1110100010110001
1111111011010100
0000100111100000
1111111011000000
0000010001000010
0000111001001111
1111101111011100
0000001101110010
0000111100000010
0000100110101100
0010011110100101
0001100010101010
1111110101000000
0000101110010000
0000100100101010
0001000101000110
1111001110101001
0001001111010100
1111111000110011
0000100111011100
1110111101110001
0010000100110111
0001100110011100
0000010001010101
0000110101000010
1111110001111110
1111110110010001
0000001111101111
1111011110000100
1111110011100011
0001010000110111
0000000011110100
1111101010001100
0000001001000010
1111001000101011
0000011111010111
0001011100010001
0000000010110100
0001000100111111
1110100101000010
1110110101001110
1101001000111011
0001110000001001
1110100010111110
1110101010110100
1111101000111100
1111001011011011
0000100000110100
1111011001011100
1111010010110011
0000110111101010
0001000110001011
0000010001010011
0001011010111001
1111111001010101
0000001000010101
0000001010100011
1110101111001001
1111100000101100
1110110110010001
0000010101001110
1111110101010011
1111001100011111
0000011010000001
1111111110000011
0000000010011111
0010001000011110
1111101011101110
0001001011101100
0000000101111001
0000111000101100
1111100111100100
0000011001011001
0001110100011011
1111100110000111
1111101011001110
0001011000001001
0001001010100100
0000010011101011
1111011110111110
0000010000011101
0000101111110110
1110110111010001
0001000010100100
1110111000011101
1111110111110101
1111101110000101
0000001001111011
0000011011011111
0001001001100100
1111001110110000
1110101110101101
1111111110000001
1111111111100000
1110110100011101
0001000011010001
0000110001110010
0001000100111011
0000010011000011
0000011101110110
1111001000010111
1110011100010000
0000001110100101
0000111111101011
1110100101001101
0001000001101111
0000000000001011
0000100100010101
0001010110011001
1111010000010110
1110011100000101
1111110000001001
1110101111001111
0000011110111010
1111111010101110
0000010111111001
0001001100001000
0000100000011000
0000110101100111
1111111011010101
0001000101011011
0000100001110001
1111000011110001
1111010011010000
0000111000000101
0001010010010010
0000011010010010
1111101110000011
0001110001111100
1111110010010010
0001011010101011
1111001011000111
1110111101111000
1111001110111100
1111010000000100
0000011100101111
0001000111001100
1110111111111100
1110010101110110
0001000010000011
0001011011001110
0000010000110111
0000010001010010
0000110000110000
0000000010110001
1111100110001111
1111010110110110
0000010011111011
0000001100101101
1111101001110100
0001000010011001
1110101111010000
0000011100011011
1111100100011000
0000111010110000
0000100110010010
1111001001010110
1111011000011100
0000001010011000
1111111001100001
0000100111101101
1110011110001001
0001011011110011
0000011000110010
0001010010111110
0000011111011101
1110101010000000
0000011001100110
0000110001111101
0000100010100010
0000100111100001
1111010000111010
1111011110011000
0000101011010011
1111100100100000
0001010110101010
1111000000110110
1110110110000110
1111100010010000
1111110111111010
1111111101011010
0001010011010111
1111111000110011
1111000011111100
1111001100110101
0000111101111001
0000001100110110
1110110010100010
0000001000100111
1111000001101000
1110010110111011
1111111001100100
1111001011111110
0000110000010110
1110111010010001
1111011101000010
1111110011000110
1111000001000101
1111101111000100
0000000100100110
1111110101001001
0000110010011010
0001010010111000
0001001000000101
1111101101011011
0000001101010101
0001100010111011
0001011111111110
1111010101001111
0000010001100011
0000100010111011
1111110000111110
0001110011111100
0000001101110010
1110001101000101
0001100011000101
0000101100000110
1111100010101111
0000110010000111
0000111010110000
1111111000000111
0001101001011100
0000010111110111
0000001101000000
1111111000101100
0000100011000000
0001111000101010
0000100000001101
0000110011111011
0000101011000011
1111011001010111
1110110111000001
0000101011011011
0000001101000111
1111100000000010
1111100110011110
0000010010111101
1111001100101101
0000100011110010
0000001000010000
1111100001000110
1110111000001111
0001111001000100
0000010001100011
1111111010101111
0000001000010100
0000000100000010
1111000111001000
0000101010001111
1111111000111000
0000100010111101
0000011101100111
0000100110110110
0000011110100000
1111010010000011
0001001001000010
1111111001011000
0000010001001001
0000011111100111
1111111101101101
0000001111110000
0000001010000011
0001000001001111
1111111111110101
0000101000110111
1111110110011101
0000101010110011
0000110100000111
1111100111001011
0001000000010111
1111010010001100
0001000111000100
0000001011111010
1111011100100010
0000011000100101
0000000010000010
0000010000100011
0000011000111010
0000110010111100
1111111100001000
0000001000110010
0000111001101010
1111111100100000
1110110101010110
0001001011111110
0000101101011101
0001111000110011
1111110110111101
1111111000101101
0000001011101000
1111010000000100
0000011110110000
0000000011011111
1111110001010011
1111101111001111
1111101001001111
0001001110100110
0001000010011011
0000111010000000
1110111001001110
0001000101000001
0000010110101010
0000011101000101
0000001101111110
1111101111101011
0000001010110000
1111100001101010
0000101100110100
1111011010110000
0000000000101000
0000001100110111
0000001111001001
0000011111111111
1111100101001101
0000100111110001
0000001010110001
1111100110011101
0001011011101011
1111110000010000
0000000011011010
1111111100000100
0000100111101110
1111100101010110
0000000100000110
0000111011000100
0000000001100101
0000101010101001
0000001000100100
0000000110111011
1110110101011000
1111110000100001
1111110100111001
1110110010011000
1111010010011101
0000101110010001
0000011010011111
1101110011011011
0001010110001000
0000000111111110
1111001101011110
0001010010110011
0001010011110000
1110111101000000
1110100110011101
0000001010000000
1111011111101011
0000100000101111
1111101101100001
0000011101111101
0001010101011100
0000101011100100
1111100100001110
0000000110010100
1111100110001100
1110001110111001
0000010010011101
1111110010111000
0000100100100101
1111011001010010
1111110110011001
1111001000010110
0000010110110111
0001001010001110
1111000000110011
0001010110110111
0000100100001100
0000001111001101
0000000010010000
1110000101110111
1111110010000111
0000000011110001
1110101000011100
1111111100111100
0001010101111101
1111001111111001
0000001110101100
0001000001011110
0001010011101001
0000000111101100
1111110000100010
1111001101101011
1111110010001001
1111001011011001
1111001010101111
1110001101101000
0001000100001000
0000011001000111
1110010110010001
0000100001111110
0001000111011110
0000101001100001
1110000011101011
0001011111100011
0000010000000011
0001001110101000
0000011101001110
0000010010011000
1110011011110011
0000111011111100
0000110101111110
1111110000000101
0000001001110010
1111111110010111
1111101011001100
0000101000110100
0001001010010111
0000001010001000
1111111100110010
0001010100101110
0000000110100100
1111110110011110
0001100110111011
1111001000001111
0000100010010000
1111111100111001
0000101110100111
1111100001010011
0000001010111110
1111110111010110
0000001000000111
1111000110110000
1111011100000000
0000100000011000
0001101011010110
0001010110100001
1111110010101101
0000101001010001
1111110010010101
1110101110010010
1111101111000101
0000011000101101
1111101100110001
0000111101101110
1111100000101010
1111011111001010
1111011111010100
0001010101001110
1111111101000111
1111111110101000
1111110001110100
1111001010111100
0000011001000001
0000010111101101
0001011001001000
1111100000100110
0001001110000010
0000101110110011
1111110101101001
0000010101011001
1111000101011011
0000011010100100
1111100111011001
0000101100000101
0000110111100000
1111110011110010
0000000001011111
1111101100111000
1101111011110110
0000100000100110
0000010100100011
1111101011101001
1111101010000001
0000001001101011
0000001100000001
1111111111110110
1111000101100000
0000001001111011
1111110100010000
1111001110010101
1110111110110100
0010000000100011
1111101011001001
1111100100110111
1111100100101001
1110110001000001
1110100101101111
0001001101010101
1101111110000000
0001001011001100
0001100011000010
0000100110111010
0001001011101000
0000101100001010
1111101111010111
0000010110100101
0001000011001010
0000001101101011
1111011101011101
0001101001100101
1111100000100011
0001000001000010
0001011101100101
1101111010001101
0001010011001111
1110010010110001
0000111011110011
1111111010110010
1111101010011010
1111111100011001
0001001111011000
0010000000000001
0001010110100110
0000000110110011
0000001111111110
1111110111100000
0000011010010000
1110011100010111
0001010101100111
0001100011111001
0000000110010000
1111011010110111
1111100010010010
0000000110101111
1111100111101101
0001000101111000
1110111000001111
0000011000011010
1111101000110110
0000011111000110
0000001001001000
0010001111011101
1111100011111011
1111110010000111
0000011100010101
1111110100011000
1111110110101110
0000101000000101
1110101010111110
0000000110000101
0000011110111011
0000110011101000
0000010111110111
1111110011101010
1111110100111000
1111110110000101
0001000001011110
0001100100110111
1111110001110001
1111111110101100
0001110110001100
0000000111010110
1111010000000010
0000000101011110
1111100001001111
0000000001011100
1111101101101011
1111111011100111
0000011100010001
0000011010101110
0000010100011001
1111011000110101
1110011100001111
1110101100101011
1111110010111010
0000100010110001
1111011101010000
0000110000010001
0000000101110010
0000110110010101
0000011000110101
1111000101101010
0001000110110010
0000000011000100
1111000001010100
0000001110110011
0001010001001111
0000010100011111
1111101111100111
1110111101110011
0000011101100101
0010000010111100
0000001011111111
0000110001000010
0000101010011001
0001000010101000
1110110010111001
0000000101100101
0000001001110101
1111001010001101
0000010001101001
0010011011011110
0000100010111011
1110110100011110
0001111010010111
0000100001110000
1111100001001000
1101100111111111
1111111001110101
0000011101011101
1111110000110100
0001000111101110
0000000111100001
1111111100011011
1110111111100000
0000111011011101
0000100111110110
0000001011110010
0000111010101010
0001001111110000
0000010110001000
1111100011101100
0001001000001001
0000001011111011
0000011100110010
0000111010000000
0000101111011011
1111000111101010
0000001001011001
0001000010110001
0001011000111101
1111000110100010
1111110110100110
0001001101111111
1111001011100011
0000101101000011
1111110001000001
0000111000011011
0000100100111001
0001001010111000
0000001101011001
0000001101110100
0000101100110000
0000001110101010
0001010101101101
0000111011000010
0001000101100111
0000010111100100
0000011011111101
0010000110011001
0001000011111110
1111110110010111
0000011100111100
1111110101110011
1110111110100111
1111100000001010
0001010011101100
0001001000000010
1111110000100101
1111111110011000
1111100001001101
1111111100000000
0000111000000001
1111000100001000
0000000000100011
0000000011010110
0000011000001100
0001101001000001
0000011111000110
0000000010101011
1101110111011100
1111110000001101
1110100111010011
0001010000011111
0001110110000111
0000000011010000
0000110100101111
1111000111100011
0001010100100100
1111100011000101
1111101010011001
0000100110110010
1111100001110010
0000010011100010
1111001100111101
1111101001111111
0000000000100011
0001011101001001
1111010000110000
1111010110010100
0000001101100011
1111001100100010
1111111000110110
0001000011100000
0001000111001011
1111110101001010
1111111001011100
0000001011001101
0000100010001111
0000000011000011
0000111011100100
1111111100000010
0000010111110010
0001010001101111
1111110011101100
0000000101111001
0000110010011000
0000001100001101
0001000000110010
1111101100000100
0000001010000010
0000100011010111
1111000111100111
0000010000110100
0000011011101101
0000011000100010
1111111011000000
0001010001111101
0000111110011111
0000011011101110
1111100011011001
1111111010100111
0000000110111101
0001001101111100
1111110000111011
0000101010111111
0000110110100100
0000001000101100
0001100110000100
0000010100011100
1111001011110110
1111100100010111
1111010111010100
1111010110101111
0000000011101011
1111000011111000
1111110011101111
0000000010101000
0000111011100111
0000011000100010
1111101101111010
0000110010001111
0000100010000000
0001010011101101
1110101010000111
0001010001011010
1111001101111110
1111110001111001
1110001111011010
0000011011011001
0000000111001000
0001000011111001
1110100001000011
1110111100111011
1111001001110111
1110011000110001
1111100001010001
0000001110001101
1110010011101000
0000101111011110
0000000110110001
0001000110010010
1111101101110011
0001001010111010
0001000101000010
1111001001101001
1110100100011111
0000110100001010
1111100011001101
0001101001101001
0000101100001001
1101101010110100
1111110110010001
1111010001001100
0000011001010010
1111111111000111
0000011011100001
0000101111010111
0000000001100111
0000100100000010
0001100010010100
1111011011100100
0001000000000001
0000010010111101
0001010110111100
0000101111011001
0000110001011111
0001000000000110
1111011111101001
0000011101011000
0000101010010101
1111000111101100
0000010010110111
0000000011101101
0000111110010111
1111110111110110
1110101101011111
0000011010100011
1111101011100000
0000100000110110
1111001010100100
0000100110110101
0000001001010000
0000111010110001
1111100100111110
0000010110000110
0000000011010101
0000000110001010
0000010010100110
1111000100110011
1111010001011010
0000011101000100
0000011001100111
0000000100100011
0001011010110011
0000011001000010
0000011001101000
1111110011001100
0001100001000011
0000001001110000
1110110010100110
1111011010000000
0000010100111100
0000101101010001
0000001000000001
1111110100100001
1111010100010011
0000010000111000
0000100001010010
1110101000101001
0001001100100000
0000111110111110
0000011110001000
1111001101000000
0000010011010000
1111100011100001
1110100110111010
1111100101101111
0000011100000000
1111100100011011
1111110010000000
1111000111000001
0001000110000011
1111100001001010
0000001101001100
0001000100011110
1111001001110100
1111100011000110
0000010101001101
0000110100110001
0000011000101101
1111111110000011
0000001110011100
0001100001011110
0001010000110111
0001001110100101
0000000011001110
0000110010100011
1111111111110100
1111000101000001
0000101101001010
0000011011011111
0000100100011100
0000010110111011
1111101110110111
0000000101100010
0000110110000100
0000011000011000
0000101000101101
0000000111011111
1111101111001011
1111100100000110
0000000111111100
1111000011011000
0000111011011011
0000011110001111
0001000111010110
0000000101100110
0001000011101111
1111011010111011
1111110110011110
0001001011011111
0000110101100110
0001001111000101
0000100000101101
0000111001100101
1111011100100010
1111011011111111
0000011011110100
1111110000001111
0000001110100001
0001001100001111
1111010100011101
0000000100111011
1111000011100111
1111011101010001
0000111000010010
0001100111110000
0001001001001111
0000001000001000
1111011001111101
1111100001110110
0000011001111100
0000001110110101
0001011000000100
1111110100100001
1111110010111111
1111100010000111
0000010110000101
1111001111010000
1111100100110010
0001011101000000
0000110111100110
1101110011101000
1111111101011011
0000010000100010
0000110110110111
1110111011010110
0001000110001000
0000111000001101
1110010010110101
1111100101001000
1111100100011001
0000000101011110
0000011100111100
1111001010110110
1110100101010000
0000011100000001
0000100100011010
1111111011100100
0001010001010110
0000010111010110
1111011100000101
0000000000010110
0000000001100010
0001000101101010
0001110101111101
1111011101100100
0001000001000110
1111010110100001
0000100001101001
1101110110101011
1111010011010000
0001000010110100
1111110001110111
1111101001011001
1111111010011011
1111110011101110
1110010111010101
0000000101011010
1111111101011011
1111001111011111
1111110111110101
0001001100001001
1111100111010010
1111100011110011
0000100110111100
0001001000100111
0010100000010100
1111100011100101
1111110011010100
1111111101111010
1111101111000000
0000111000010110
0000111111101111
0000011011011100
0001110100000110
1111100110011000
1111100011001010
1111000010100101
1111001010101000
1110111101101001
0000101000001110
1111100100010001
0000100111100001
0010011100111010
0000000010110011
1111100000011011
0001100000100010
0000000111011101
1111110011110100
0000001111000000
1111110011100011
1110001101011011
1111010011111100
0000111000100000
0000110001000010
0000101010001111
0000000000100011
1111001001100101
1111111000001000
0000111000101111
1111100011000010
0000000000110010
0000001010000000
0000000001010101
1111101010100110
0000011010010010
0000111111110101
1111011010110110
1101111000101001
0001001000100100
0001010110000100
0000111101001001
1111001001101110
1111100100101001
0000010110010101
0001010001001011
1110110101100110
0000001100000100
0001100110010100
0000000101111011
0000100100010001
0000010010011111
0000110111010101
1111111101010100
1111111001001100
0001010101000100
0001011111101100
0000011110001010
0000001110000010
0000000010110101
1111111000110010
0001010010100110
0001010001110110
1111001000000100
0000101100100011
0000011100101101
1110110100000010
0000010101110010
0000100100100011
1111001110001011
0000000010100111
1111011000000111
0000100111110101
0010010010001110
1111111010010100
1111001010101110
1111000001101110
0000000000011011
1110111011111010
0001100000111101
0000011010001111
1101110111010000
1110110010101111
1110000000010100
1111101001111110
1111011110111011
0000110011011110
0001000001100101
0001110111001001
0001101010001011
0000011111110101
0000001011110101
0000011011001010
1111101101011010
0000001100011111
0001011010001101
1110100100111111
0000101000010000
0000011011001100
0000110100101111
0000101000010011
1111010001001001
1111000110111011
1111101111100111
1111110001111100
1110010110110100
0000010111101001
1111101001111101
1110111100100100
0000100010100000
1111111100011111
0000000100000100
1110110000111011
1110110110000110
0001101000001000
1111110001001001
0000001000100010
0001101010010110
1110000101110001
1111110110100001
0000001010100101
0000101111111000
0001110010110100
0000010010111000
1110111010100011
1111100111010010
0000000011111010
1111001111011110
1111111011100100
1111101001000110
0000011001111011
0010010011001010
0001101011101010
1110100111000100
0000111111111010
0000000110101110
0000100100100110
0001010111111111
1110101100001101
0000100010100110
1111000110100001
1110001100110101
0001001111011100
0000010011110010
1110110111010010
1111100001001011
0000010101011111
0000001100001111
1111100100010110
1111111101011100
1111010111000010
0001100110010111
0001110101110110
0000000001000110
0000001101110110
1111001011011001
1111010100011110
0000001111001000
1111111010111010
0001010111101000
1111000001100110
0000110111001000
1111000110100101
1111111011110011
0000000111010000
1111010000110011
0000101100111010
0001000001011101
0000010011010110
0000010000010111
0001010101111010
0001010110010000
1111000010001100
0000011010101110
0000110110000111
0000101101110010
0001000010100101
1111111010010001
0000000011111001
1111111001011101
1110110110001000
0001001111011101
1111100000110111
0001100100100100
1111110010100111
1111111100110101
0001111101001010
1111011000011101
1110110010111111
0000101001100111
0000001110100011
0001000000011100
1110011010011001
0000101111100110
1111110110111100
1111010010100100
1111100001111110
0000000110100100
0000110111000011
0000110011110110
1111010000000001
0000001010001100
1111101001100110
0000111000010110
1111110010100110
0001011111101010
0000000001111101
0000000110110001
1111101110001110
1110111000101011
0000111001111101
0000000001100110
1110110101111111
1110101100001010
0001001110100111
1111100110000100
0000000000000011
1111111000110010
1111110010110110
0000100000111100
0000100110010110
1111011100110111
1111010011001011
1110100110110010
1111101011101010
0000011110100101
1111100111000101
0000000100101111
1111110111011111
1111100000010000
1110100111100110
1111010110011010
0000100011100110
0000110110101000
1111111111101110
1111000011011000
1111101000110101
0000000110101100
0000110010110001
1111111001100010
1110101111011111
1111011110111001
0000000101110010
1110101010110111
0000000110101000
0000000100000111
0000010111000011
0000000100100000
0001001011000111
0000010111111000
0000011001101000
1111101010111000
0001001111101111
0000011101010110
0000101011111110
0001000001011111
0000100010001010
0000101111000100
0000011000101000
0000000000011100
0001100100111011
0000011010100110
0001011000111101
0000101101000000
0010001000001101
1110101111100011
0000101000011011
0010000011010011
1110110111011100
0001001011101101
0000100000011000
1111011001011011
0001000110101110
0001011101000100
1111110101111010
0001000111011001
1111110101101011
0001000101110110
1111010110100110
1111000010100011
0000101101010011
0001110010100110
0000010001000011
0000100101100000
0000010111000111
1111111010101100
1111000000110001
1111101110111000
1111110110100110
0000100001111011
0000000111110110
0000110001011000
1111111111011001
1111101100111010
0000000100011110
0000010110001010
0000110111011110
1111111101100101
0000010011101100
1111110011101101
0000111101011000
1111101001001001
1110110010011111
0000011101011001
0001110110111100
0001111101001010
1111100100001100
0001000110010111
1111100101000000
1111111011001000
1111111001010010
1111010000101011
1111101010111110
1111011001100101
0000010001100110
0000100001111100
0001101011111111
1111100110011011
0000111110000011
0000101011111111
0001001011001101
1111111100110010
1111011001100100
0001001101111101
0000110101001111
1111001010001001
1111101011000011
0000001001111001
0001000001000100
0001001000000010
0000010000100011
0000110001110001
1111010110110100
1111101101110100
0000110101000101
0001011011001001
0000011101001011
1111011001110100
1111100000111010
1111110001110100
1110010010111001
0000010010001000
0000001111101001
0001011001101010
0001010000000001
0000011000111000
0000100010101001
1111111101101100
0000100110000100
1110000010001000
0000011001111000
1110111101011011
0001011100000101
1111010100000000
0000001000010110
0000100111000011
0001000100101010
0000101011101000
0000000010111111
0000010010110110
0000001001100000
1111001101100110
1110011000000101
1111110100110110
1110111001101011
0000000101100001
1111111010111010
1111000000001011
1110111101001000
0000101111100000
1111110110101110
0000011001101011
0000010101111010
0000000110101110
0001011111110100
0000101011101011
1111011000110100
0000101000100101
1111011111011011
1111110100010101
1111000010011101
1111111110110101
1110110101011011
0000010110010101
0010001000100011
0001010000000101
0000001011111101
1111011010100101
0001010011100001
0001100001011111
0000100111111111
0000000110010111
0000100011110011
0001010101101100
0000100110001100
1101100010101101
0000100110101111
1111111111111001
0001011000100110
0000101101110001
0001011111011111
0000000000101000
0000111001111111
0001101111011100
1111100001000101
0000110010110110
0001011001101000
1110110011010101
0000000110001100
1110111111101110
1111110001011101
0000001101001001
1111111011110001
0000111111000011
0000110000011111
1110110110101111
0000110001000101
1111011111110000
1111110011110010
0001000111000100
1111001010001010
1111010011011001
1111000000101100
1111011010000101
0000111111001011
0000101011111000
0000011101010001
1110101011100101
1111000001001101
0000010100001100
1111111110110110
0000110101101011
0000111100100001
0001010101001010
1111101101010111
0001111100111011
0000110001010010
0000110101101101
0001011011100100
1111010101010001
0000110111100100
0000011010000101
0000101100100010
0000001110011000
1111001011000000
0000011101100011
1111111110110011
1111111000101010
0001001010111100
0000010011011000
0001101010011001
0000100100011110
1110011011010010
1111011001111100
0000010010010100
0000110100111111
0000010000100101
0000001000010010
1111100011100110
1111011111000101
1111110000001111
0000011010111011
1111101000110001
1111110100011100
1111000101110010
1111110011100100
0000100010000100
0001010011101011
0001010100001101
1110100011110001
1111100101001101
1111000011001010
1110111001011100
1111100010010110
1111101110010110
0000001101011100
0001011110101011
0000111100001000
0000000001000101
1111111111010011
0001100100111011
0001100110111010
1111001111111101
1111110100110100
0001011000010111
1111011100010110
0000000101111110
1110101100110011
0000000110011000
0001011011011010
0000001010010101
0001010000101011
1111010101110100
0000000000001010
0000110001101110
0000100100011100
0000110010100010
0000011000010011
0000100100101101
0000100000000010
0000000001000111
0000001110111111
0001110001001001
0000111100001100
1110111001001110
0000000000111010
0000000011101001
0000011101011100
1111000011100110
0000100101110111
0000011111111001
0001001100101001
0001000111011000
1111001110101001
1111100000111000
1111001001100011
0000011100001000
0000000100010001
0000110101110100
1111111100111110
1111001001110000
1111101001100111
0000011100101010
0000101101111000
0001011110000001
0000010000010001
1110111001001110
0000111011001000
0000000111001101
0000101101010101
0001001000010011
0001000000111001
1111111010001000
0001010111101000
1111000111010000
0000110110010011
0000001110110100
1111111111000011
0000100000000101
0000100011111011
0000010001010110
1111101001010101
1110111110010010
0000010010010111
1111111101001011
1111111110011100
0010000000100000
0000000001010010
0000010111101000
0000000001100100
1111000100100101
1111000101101001
1110111011110011
1111110011001000
0001000100000111
0000010101000110
1111110110000100
0001010101010000
1110100110000100
1111001110111100
0000100011110100
1111011101001001
1111100111001101
0000010001101100
0000010100010100
1111110000001101
0000001000101001
1111000001101100
0000001010111111
1111110111100100
0000101010100101
1111010101101000
0000011111011110
0000000011001001
1111101111111101
0000011111101010
1111011011010110
1111111101110111
0000101010100010
0000011000101111
1111110111111101
0000100000111011
0000001001101101
0000001110100010
0000011010100111
0000001111110001
1111110110100011
0000011101111001
1110111011011011
0001011111111110
0000111010010110
0001100110111110
0000011101111100
1111011000001101
0001110000100100
1110110010000100
1110000111101010
1111111011110100
0000010011010101
0000110111110111
1111011011100000
1110001110110011
0000010011101101
0000010000100101
0000000110101011
1111010100010011
1111010100101100
0000001011001100
1111000001111010
1111010101010110
0000000010000000
0010010001000011
0001011111001000
0000111011010010
0000110001001100
1111000100101101
0000001110101000
0000000101100011
0000011011000000
0001000010110010
0000001101111011
0001101100110000
0000010001101110
1111011101001011
0000011011101011
1111011011011000
1111111110101010
1111110000111001
0000110100000100
1110110101001110
1111010010011001
0000001110010001
1111001011100011
1111101001100011
0000001010001001
1111000100010011
1111100100100101
0000011011101110
0000101001110110
0000010010100011
1110110101011100
1111011011010001
1111010011011101
0001000010101000
0000110011101000
0001000010101101
0000010001000011
0010010010111100
1110111101001010
0000110110001011
0000101001110101
0000011111101100
0001010110101001
1111111001001101
0001001000000101
1111010001000011
1111000110100111
1110111000001000
1111101101111100
0001101011111000
1110001011000001
0000001001101011
0000001000100110
0001000100001111
1110110001111111
1111000110001011
0010001110110101
0000011001111111
1111110010000011
0000110000111100
0001010001011001
0000000111001001
0000010000111011
0000000011010101
1111011011100001
1111010010011001
0000100101000000
1111111001010011
0000111100000100
1111011001100111
1111100100111000
0000010010000011
1110111111100011
0000001001010000
0000110010010111
0000000111110111
1111011010111111
0001110100100010
1111111000001010
1111110001000111
1110011111010000
0000011101001101
1111111100101100
0000110000000101
0000110111001111
1111011101010000
0000000110111001
1111100101000101
1111111110111011
1111001001000011
0000110010100101
0000001010001101
1111111001100100
0000110001001000
0001010010000110
1111011111001100
1111010101000001
0000100110100101
1110111100001110
0001011000011110
0001100100101101
0000101111000000
0000111010100110
1111111010000101
0000000100001010
0000001110100101
1111110001110110
1110110101101011
0000111001111001
0000100000101000
1111011010000101
1111011100100110
0000010100100110
1111011011100001
0001011111000101
1111111100101101
1110111010110010
1111111101001001
1111000111110011
1111001011100011
1111011100111001
1110101110100011
0000110000011001
1111100010000001
0000101111001110
0010000100101001
1111110101000010
0001100000101111
1111101010001101
1111000011011010
1110101011101100
0000101000100100
1111001000010101
0010001110111011
0000110111100111
0000000011011100
1110001000011111
1111111110111111
1111100110100110
0000110011010001
1111110011100100
1110011011010010
0000100101110101
0000100100111111
0000001000011011
0001001100101011
0001000011010100
0000101000011101
1111100011000001
0001011101011110
1111100101011111
0000000110100000
0000001011000011
0010001101011100
1111000000000010
0001000111110010
0001001111111110
0000000010100110
0001000000010010
1111111100101100
1111101011111001
1111101001011000
1110101001001100
1111001100110011
0000001110101010
0000100001010101
0000110101111111
0000011001110111
1111101000011001
0000111101111111
0000101110101110
0000101011011000
0001001100001011
0000100101101010
0001011000011001
1111001101000111
0001101000100000
1111110000110100
0001110010001100
0000110101101011
1111111111011111
1110110110100000
1111111001001101
0000001001110001
1111101111010110
0000011010110010
0000001110010001
0000110110111001
0000100111011110
0000100101101010
1111001000110000
0000110010110010
0000010000111110
1111010101001011
0000111011101100
0000010111111011
0001001001111111
0000100001011001
1111100101111100
0010010000100001
1111110001010000
1111101010010010
1111001010100011
1111100100111111
0000100110101011
1111011111000010
0000101000100100
0000100101100011
1111000111101111
0000111101011000
0000101010111110
1111111110000110
1110110010111111
0000011011100110
0000001110010011
1111101110001011
1111110011100110
0001001100011100
1111011110011100
0001101111101001
0000000010101101
1111110000000101
1111000010100100
0000001010100011
0001011001101101
0001011100101111
0000001101001010
0000101111100101
1101100001110101
0000011011011001
1111011110100111
1111110011011000
0000100011010010
0001111111000111
0010000000011001
0000010101101100
1110011010010000
0001001000111010
0000011010111100
1111101101100011
1111000111001001
0000110100001100
1111111001111101
0001010101011110
1110110010101010
0001011010010110
1111110001111100
0000011010110011
1111011000010110
0010001001001111
1111111000101101
0000111111000110
0001011110010111
1111101111110001
0001001100111010
0010001101010101
0000000011000111
0000011010110100
0001101110001010
1110110001010010
0001110000011001
0001010100110110
0000011010110001
0001101001011110
1111011011000011
1111100111000000
1111011011110011
1111010000001000
1110111011010111
0000010111000110
1111001111101000
0000111100101000
1110010010101110
1111001000011111
0001000000010100
0000010001100001
0000101111100110
0000011010111011
0000001001110110
1111101001101101
0001100001001111
1110110010000101
0001100001100100
0001001000011010
0001000100000101
0000001010000100
1111011000001001
0000001101100010
1110111100101010
0000110100110001
1111110111111000
0010001000010001
0000110111100100
0000101110011001
1111111000011011
1111011001000110
0000001110110001
1111110010000111
0000101111001001
0000101110101010
0001100000100111
0001010111100111
1111010111111000
0000101010101100
0001110101111100
0000001000111110
0000000111001110
0000010110010010
1111110110100101
1101110100011100
1111000001110100
0000001101011010
1111001110010111
0000100110101101
0000101010100111
0001011101100000
0000001011000000
0001011001110000
1110101110000000
0000100101110111
0001011010001000
1111000001111011
0001101010111110
1111110110110010
1111100010010010
1111110111100001
1111000000110111
0000000000110101
0000100010011011
0000001101101000
1111011100100001
0001010111111001
1110011010100010
1111111010010101
1110100111000001
1111100000110111
1110101011110011
0000111110000110
0001011011111000
0000101100100110
1110101110001001
1111101101000010
0001000101000100
1111001001011110
1111000011111001
0000111011001010
0000010011111010
0001010100100001
0000001110110010
0010000000011001
1111101101101001
0000101000100110
0000110010110110
1111101001110001
0000000111111111
0001001010001110
1111001101001011
1111011001100001
0000001101111011
1111011000100110
1111100000101101
0010011101001110
0000100001010010
0000011011000001
0000011001111000
1111101101100000
0000001010101000
0000110011010011
0000100011011110
0000011000011100
0001010110101010
0000011111000110
0000011000001100
0000010001111010
0000110101000101
0001010010010111
1111111111110100
0001000000001010
1111011101101011
0000000000101000
1111000111110010
1111011101111100
1111111110111010
1111111111010011
1110100101111100
1110100111111100
0000101000010000
1110101000001010
0000011110100001
0001100110100111
0000101110110001
1111110101111011
0000011011010001
1111011100010110
1110111111001100
1101110101000011
1111001111001101
1111001001101100
1111000100001110
0000011001010110
1110101001110111
0001101101011110
1111011111000010
1110111010011011
1111111100001110
1111101100011000
0000110100110010
1111011000011011
1111010010101110
1110100001100011
1110001110111001
1111111011001000
0000001111110100
1111110111001010
0001100101101101
0000000111000011
0000001100000101
1111110000110100
0000000111111111
0000001011011001
1110101100100010
1111111111001000
0000111000110100
0000100001100111
0000111011111110
0000100100001000
0000010010001111
1111110110101100
1111011100110100
1111010111100101
0001001101111101
0001111100101011
1110010000000011
0001011101000110
1111110001001000
1111001100000011
0000100011011000
0001100010111010
0000011110001000
1111100111110000
1110010001010100
0001000111011110
1111110000011010
0001001001010000
0000001110111110
0000010011010110
0001000010100101
1111001110111001
1111110000110110
0001000001010110
0000000110111101
0000110011011011
0001000011001000
1111010101110010
1111001111100001
1111110110001110
0000101000011111
1111100100101111
0000001110101010
1111101000111101
1111100001011010
1110111100000010
1111110011001011
0010111011000111
0001000111101001
0000101110111010
0000100110101101
0001110101011101
0000000010101011
0000101000111011
1111111110110100
1111100010110001
0000010011100001
1111110100010111
0000010000011101
0000110101000010
0001011000001000
1110110100000101
0000101101010110
1111011101010001
0000001011111111
0000011010001001
0000000110011100
1111101110001001
1111110110110010
0001011100110100
0000110010001011
1111110000001100
1111101000110001
1110100111011000
0000000100100100
0000010100110000
0001010010100111
1111100111101011
1111101010000010
1111111000011100
0001101100011001
0001001010010000
0000000000101100
1111111101111010
0000000000000001
1110001001100011
1111010000111011
0001001100000100
0000101000100010
0000111111101101
1101110000000101
0001010000011101
1111011001101111
0000011010001010
0000101000111011
0001101101101101
1111100010001101
0000100100000011
0001101110110100
0000111111010000
0000000110001110
1110100100100101
0001001010110011
0000111011100000
0000111101010001
0000010000000101
0000011111110001
1110011110011111
1111101111110101
1110111011111011
0001101000111110
0000000010001111
0000001111111010
1101111101100111
0001001100100101
1110101101011100
0001101100110100
0000001110001100
0000000011101011
0000111101001001
0000100010001010
0001010110101100
1111011101010101
0000110110010000
1111101100001000
1111110111010101
0001010110001001
0000010101010110
1111110011000110
0000110000110111
0000000000001011
0001000111100100
0000001001010111
1111101100110010
1110001000101101
1111110111111111
0000101110001011
1111011100110011
1111100111111000
0000000100100010
0001011000111110
1111000000100110
1111111000111001
0000001001001101
1111110010111011
0000100000011110
1110001001010010
0000111000010101
0000011010000011
1111001111010110
0001111001101101
1111001011001011
1111101010110101
1111011100100111
0001010000001000
0000000000100010
0000011111000100
0000011001110100
1111110000000100
1111001100111010
0000000001101111
0001101000010000
0000011001101110
0000011101011110
0001001001010111
1111010000100011
0001100111000100
0000000010001010
0000101000011011
0000110101010110
0000101011100110
0000101010010011
0001011110000110
0001001110110010
0000101110011110
0000001011111010
1111101111010101
0000111100101111
0000001011001100
0000101100111100
0001000110011110
0000100101001101
0001010111000010
0001001111000110
1111011000100101
0000000000101010
0001100000111010
1111101001101101
1111110000011111
1111111110100000
1110111110111010
0010000111111101
1111101011010001
1111110000100111
0001010010011110
0000000001110101
0000110001011001
0001110011010101
1110111001010011
1111111111010011
0000010101011011
0001010011001100
1111000111000010
0001001111110011
0001000101000101
0001010011101010
0000101110101110
0000011101001111
1111001110011001
1111111000001010
0000111010100010
1111010001010001
0000110001100011
1111101110001001
0000001101010010
0000011000101100
1111110100010000
1111001100000011
0000000100110101
1111000111010111
0000011011001101
0000010001110001
0000010110100000
1111100111111011
1111001001011111
1110100001111101
0000000100010100
0001010101010100
0001011000001111
1111010100010010
0000100001011010
1111010110011110
0000101111010110
1111001011001001
1111101010000100
0000100000011010
1111000010100001
0000000000000000
0001000100110001
0000010010001100
1111001010001101
1111011101110011
0000100110011010
0001010000001000
1111101011001011
0001000010010010
1111101000111000
0000001100111000
0000101101010110
1110110001110100
0000111010001101
0000001011101001
1111111100010011
0010001100000101
1110100010011010
0000101111111010
1111100110100101
1111100111001101
1111110110110010
0000001010010001
0000110010000010
1111001001000001
0000000110000101
0001001110101010
0000110111100000
1111110001110111
1111001001111101
0000011010101010
0001010101101010
0000001111100110
1111100101000010
0000011000100100
1110110100100001
0000100100001101
1110011001000111
1111100100010011
0000110000100011
0000001110010011
0000000000001110
0000000000011100
0000111011001100
0000000000000100
0001000000100000
0000011111101001
0000100100110000
1111001101100110
1111101001000110
1110111101000011
1111101111010000
1111001001100000
0001011010101101
1111111000110010
0000000110001001
1111100110110000
0001100001101000
1111100110000111
0000101111100011
0000000110011010
0000010110001000
1110001101000100
0001001010110110
0000010101010000
1111111001010000
1111111101110001
0000110110010101
0000011101011110
0000111110110011
0000011011100111
0000110011111011
1111000101110101
0000011000010000
0010011000111011
0001111100101111
1111110110101101
0000001010011101
0000101100000000
0001010000111001
1110001011110011
0000000110100011
1111101011011011
0000001000111010
0000111011110000
1110111101000001
0000000111001111
1110100000011111
0001001100001111
0001000000011000
0000101011000000
1111101011000000
1111110000011111
0000101110000111
1111110110010101
0000001011001111
1111110000011100
0000001100110111
0000100010011110
0000011000001110
0001110000111101
1111111000010100
0001011111111001
1111101001110110
0000101001000010
0000111011000100
0000100000001101
1111101000101011
0000000001011110
1111111010110111
0000001111010111
0001000100011100
0000010000001010
0001010101111001
1111111011111001
1111010111001101
0001011110000101
1111001011001000
0000001010000110
0000010100100001
0000001010001110
0001100011010100
0001000011101000
1111110001110010
1111111100001101
0000000001001100
0001000000000110
0000000010000001
1111011101001100
1111100010110110
0001010011101110
0000111011011011
1111011110101101
1111000011011101
0001011101001100
1111110011101101
0000010111000010
1111001010011010
1111000111110110
1111101010001010
0000100010011000
0001000111101100
0000001110001011
0000000010100111
1111101000000011
0000011010011011
0000110001000010
1111111010001010
0001011010001110
0000101000111101
0000011011110001
1111101011010000
1111011100110100
1111110101111010
0000101011010110
1111110100001101
0001111110100111
0001001000010010
1111100111011010
0001001101101011
0000000010110101
1111011110000100
1111100110101110
0000101101011001
1110001001101001
1111010001011101
0000001101111100
0000001001111101
0000101100011001
0000010011000010
1111110110110100
1111000000110100
1110010110111100
1111110101010000
1110111001101111
1111100100111001
1111000110100011
1111110001011010
0000000110110001
1111111111000011
1111001001011100
1110110101000101
0000011110100001
1111000110011111
1111111110001010
0001010101110100
1110001110100010
1111010000011000
0000101110011100
1111110000110100
0000101000111011
1110101011110111
1111110110000101
0000101100111001
1111011001000111
0000100011101110
1111111011101101
0000001000001001
0000100001111100
1111101111011110
1111010101001101
1111111101011011
1111010110011010
1111001100101001
0000110001110100
0000101100110010
0000110000111011
0001001000011111
0000001001000111
1111111100000010
0010001011000101
1111010101010011
0001101110010100
0001000011111110
0000111001110101
1110100110101110
0001001111101100
0001110101111110
1111111011111100
1111101111000100
1111110010001100
1111011110011001
0001110111001001
1111100101010111
1110001011001110
1111011010011010
1111101010100010
1111110110100000
1111100001110000
1111111100011010
0000101000000001
0000010001001111
0000101101110010
1111110010101001
0000001010111010
0000100110101110
0000001001000111
1110011010001000
0000101101101011
0001011001011001
0000110001000011
0001001001101100
1111111101001001
1111001110101000
1110111101001100
0010010000111101
1111100111000101
0001100011111011
0000000101110000
1111001011000110
0000111100011111
1111110001001001
0001111101000011
0001000000110110
0000101001010010
1111010110010110
1111111100000010
1111001100111010
0000101111001011
0000110000100110
1111010000010110
1111001011000001
1111111001110100
1111110000110000
0000111010101110
0000000101011000
1111001111000111
0000100101100110
1111101011010011
0000111111110011
0000011101000101
1111100001000000
1111100011110101
1111011010001010
0001101011000011
0000001100111100
1111101100111011
0000001100010000
0000011011000101
0000010001101000
1111001110011110
1111101110001111
0000010010101110
0000110001111110
0000111001001111
0000011001001110
0001000011011000
0000000110000011
1111111100110010
0000001010000010
1111111011001111
0001001011001001
0000100010001110
1111110010000000
1111100101011001
1110111111101010
1111111101001101
1110000110001011
0000011111100001
1111100001011010
0000000111010011
1111010010101100
1111111100111110
1111100000100110
0000101101111001
0000101011110101
0000100010111000
1110001001000011
0000111001011010
1111100110000100
1111101101100110
1111010001101001
0000011000110101
0000101111010110
1110001010010001
0001100001011011
1111111110011011
0000101100110110
0000000111101100
0000111000110100
0000101101111011
0001010000000000
0000110111010000
0000011001011010
1111111001110001
0001100111101011
0000010011010011
1111101001100110
0000000110001011
0000110110000111
0001000101110010
1111000110101101
0000100111011010
1111000101101001
1111011111101100
0001000010101010
0001001000011001
1111110001011011
0001000110100100
0000101100000101
0000000111111011
0000110001100010
0001111010110010
0000001100101010
0000001000000100
0000100110001011
1111100010111100
1111100110000001
1111101110100100
0000001010101101
0001100100101001
1111100011110001
1111101110000110
1111110111100110
0000101001110010
1111101100001100
0001000001001101
0001001101001000
1110010101001101
0000010110101000
1111110101000001
0000110001110110
0000001011010000
0000000010011001
1111010101101101
0000011010110101
1111101010000101
0000010000000110
1110110100001111
0000011111110110
1111000101100010
0000101001011111
0000011101011110
0001010101100110
1111101001110111
1110100110110100
0000111100110110
1111001101111110
1111100100000001
0000101001100100
1111110101010100
1111110000101011
1111010000100000
0000010100010101
1111101100010011
1111100111101001
0001110100010000
0000000000010000
1111111110011010
0001011001001111
1111101010111111
1111011010001011
1111101000110011
0000101110011001
1111111111101010
1110111000101101
0000100101111100
0000000110110010
0000000000101110
1111001001111110
0001100110111101
0001011000011101
0000100100000110
1110001000101101
0000000001101010
0000110000000111
1111011111101000
0000001010100000
0001000100111000
1111010111011000
1111100000011010
1111001100000000
1111010001000011
1111110110111100
0000110111100110
0000100100110000
1111110010011101
0000000111001101
0000010010011110
1111010011100000
1111111110011001
0000011101110010
1111101011110110
0000100100011010
1111110100010111
0001001001110111
1111001110111100
0000001111110001
1110111001110101
0000000110000101
1111100111001110
0000101001001000
1111101101010101
1110110000001100
1111111111001010
0000000110000100
0000111011110110
0000000010011101
1110010101011101
0001110100111100
0000010001010000
0010110101100000
0000010101101101
0001011100000000
1110110110000011
0000111010001110
1111011101110111
1111010111010110
1111000110101100
1111110100011100
0000101110001000
1111001100000101
1111101101100111
0000000001010110
0000010111000100
1111100110000110
1111010000100001
0000000111101011
1111001000011001
1111100100000001
1110110001100100
0010101111101111
0000000110000010
1111111111000010
0001000110100101
0000011000000110
1110101100000000
0000110011111011
0000011000100011
1110111101101000
0000011000010010
0000110011001101
1111100111010110
0000011001000110
1111100101111100
1111100100011010
1111111000111001
1111100011000011
0001011101000000
1110100101110111
1111010111011110
1110111110010011
0000011111111000
0000110001010111
0000000100010010
0000010011001011
1111101000101110
0001000101000010
0000010100111101
0001000100101100
1111011001011001
0001000010001101
1111100000011111
1111110100110110
0000011011111110
0001010100011111
0001000101101101
1111110010001010
1111111010011011
1111110011001010
0001100001000100
0000101111110101
0001001000111100
0000100100101111
0000000100011100
1110010000000010
0000000000110101
1111101001000000
0001011011110001
1111000011100011
0000010100110011
1111111110100011
1111100011001100
0000111111010100
1111101100110110
0000010010000101
0000011111011101
0001111001001011
0001001010010011
0000000110000110
1111100100101101
0000001110010010
0000010011000010
0000101000111001
1111011100111000
1111101100111010
1110010100010011
0001010011100000
0001001010110000
1111001000010001
1110110011000010
0000100010110011
1111100000100110
1111111100010010
1110001100000101
0000010010000111
0000011110110011
1111011010111101
1111000000110111
1110010111110111
0000110001111101
1111110010100011
1111010101010111
0000010001110010
1111110111111100
0000001101100011
0000001010101100
1111011011000000
1110111010001100
1111000001101001
0001101100100100
0000111111001011
0000000001011010
0000100101101100
0000000000110100
1111101110001110
0001000011010011
0010011100101110
1111011111111010
0001010110001000
0000011010110000
0000000110100000
0000011011010110
0001000111100010
1111001110011111
1110111001001100
0001001010010101
1111001110011010
0001001111001111
0001100001110110
1111111110011001
0000110101011001
0001000010110111
0000100010111111
0000011000110101
0000100010000000
0010100010100110
0001111000110111
0000110011100111
0000011010100001
0000000001001111
0000101110001110
0000110110001100
0000111101010001
1111110000111101
1111001110000110
0000110101110011
1111011111110100
0001001111000011
0000010100001011
1111111011001100
0001001110000000
0000001101010111
0000000000100100
1111111001110000
1111110001000010
1111010100101000
0000110000111000
0000110101010101
1111110000000010
0000110001110000
0000100111011100
0000110101011100
0000011010001000
0010001100011000
0000011110100111
0000101110111001
1111101100011100
0001011001001010
0000100111100000
1111110001100010
1111101010011101
0010010000011010
0000000011000110
0000111001100110
0001001000010101
1110111001101111
0001000000100111
1111010100100011
0000101110100011
0001010111100011
1110110011100101
0000001100000100
0001000110111010
0000001010011011
1111111110111100
0010000101100101
0001000010010101
0000110100111100
1110111011001110
1110111110001110
1111101001011110
0001010111111100
0001101000111100
1111111100100000
0001101101001111
1111011100011111
1110111101011110
1111111100011100
0000101001110011
1111011011010011
0000101100010001
0001101000101011
0000010000111110
0000110101010111
1111000010001011
0000001111111000
1111011110111100
0000101000110010
0000011010000100
1111010010010110
0000000111100111
0000001000111000
1111101111100010
1111110000011100
0001011001000011
0000000100010101
1111011100111011
1111001101101011
0001100100111100
1111000111100111
0001101000010111
0000100010010101
1111101011110101
0000010010011100
0000110001100100
0000010101000000
0000011001101001
0001110011011111
0000010110000000
1110110010111010
1110001101000001
1111100100001100
0001010001101010
1110101111111100
0000000000000100
1110110101000000
1111101001101010
1111010001001110
0000000110101101
1111011111011010
1101110101011000
0000100101010101
1111111000111101
0000011101101100
1111011001010111
0000110001011101
1110011111011110
0000011000100001
0000110001000001
0001000100100101
1111100010000001
1111110110010111
1110011101011000
0001111111100111
1110100010101101
0000110001001000
0000100100110100
0000111000011000
1111100010110001
0001010100011000
1111111100011101
0000011001011111
0000000001001110
0001100111000000
1111100000001111
1111110110010101
1111100100111010
0000110110110001
1110110110101000
0001101011000100
1101011000010001
1111010001111111
0000000100111100
0000100000010101
0000110001000011
0000011010001011
0001100000000110
0000001011110110
0000111000010100
0000101011001010
0000110100001000
0000000100110001
0000010000001110
1111100111101010
1110110011001000
0000111000101111
1111100101100010
0000110100011101
0000010110111100
1110010001110100
1111010011000110
0000100010000111
0001101011001001
1111011010111010
0001110010100000
0001100101000111
0000011011000010
0000000110011001
1111111110110000
1111010001001100
0001101011010010
1111010001110110
0001100010101100
1111000111101111
1111010100001100
1111011101100011
1111101000101111
0001110000000000
0000110010110100
1111111101011100
0001000101010110
1110101011001011
0000011011000111
0000111001000000
1110010100110011
0000110001110100
0000001101010110
0000100101010011
0000011000101000
1111111111101110
0001111111110000
0001010001001001
1101110011100010
1111110110010100
1111011001000010
0001100100001000
1110100011000011
0001010000111010
1110111001011111
1110101000110011
0000001100011010
1110110100110110
0000011100010100
1111011101010110
0000100000011011
0000011011100100
0000000000111111
1110110001111001
0000001010101100
0001101101100101
1111011000000100
0000011110111000
1111101010001110
1111000010010100
0000010101010110
0000100000110010
1111100011011101
0001100001101010
1111100001110100
0001111011111100
0000110100100111
1111111001010011
0001010100111100
0000010101010110
1110111111101010
1111101101101000
1110011011001001
0001010011010001
0000011101101010
0010000010011000
1111011000010011
1110101101101001
0000001011000001
0000001100010110
0000101111110010
0000011011011010
1110011011110110
1111011010000011
0001001000001110
0000101000111100
1111000101100010
1111000111110011
0000110001001100
1111011110001101
1111111010111101
0001001111100001
0000011000001000
0000101110000001
0001011001000111
1110111101010111
0001010011101100
1110110100111110
0000100010011011
0000101000000001
1111010100110110
0000001100010110
0000100101010001
1111100000001110
1111011101011001
0000010001111101
0000010100100100
0001000010010010
0001001100111100
1110100011000100
0000110001001100
0000010111101100
1111101110000100
0001001001111110
0000110101000000
1111110100110010
0000000110001011
1110111111111101
1111111010010001
1111001001001111
0000011000000000
0000001010111100
0001000110100100
0000110010000010
1111110101111101
1111001100000000
1111011010111011
0001000011101100
0001001000110110
1111001000011111
0001001111000001
1111110111100001
1111010110010001
1111101001111100
1111111001000111
0000001011110011
1111100111110001
0001001111100111
1111001111000010
0000101001111110
0000100000110111
1111000011000000
1111001110100000
0000010100010011
1110110111010000
0000011111101111
1111101000011010
0000110010010000
1111011001110000
0000011111001001
1111111100000001
0000111111001010
0000000010001000
1111000101010010
0001010110111110
0000100101000110
0001110011001001
0001100110011100
0001001110010110
1110010110111101
0000001101111011
0000100001010111
0000000010101100
0001100010001110
0000010001101010
1111011111000001
0000001111110100
0000110100001110
0000010000011011
0000100111011100
0000011111010000
0000110001111010
1111000011000111
1111101010010111
0000011010100101
0000111100100001
1110110100011100
1111110010011011
0001001001011111
0000000110010110
0000011100001100
0000000110101101
0000101001100011
0001000010010010
1111110111111101
0001010011111110
0001011111001110
1111101101001011
0000100100010110
1111101010001100
0000010010000010
1110011011011110
0000111101100100
1110101111100110
1111101001111010
1110101010100011
1111101000101001
0001010010110000
0000111010111101
1111101010000000
0000011011000010
0000001100111001
0000100100111101
0000100110110011
1111100010111000
1111110010011010
1111011010111010
1110100101100100
1111000000001011
0000001000011010
1111110110110101
0001010110100010
0000010101100101
0000011110010010
1111111111110100
0000011011001010
0000010111010000
0001101010010001
0000000010000111
1110010011110100
1111100001111000
0000001011000011
1111100100111010
0000110101010011
0000011100110011
1111011010001110
0000010101010011
1111000010101001
0000010011001111
1111011100100000
1111100110100111
0000100010101011
1111100000011110
1111000010011010
0000111010100001
1110100100010100
0000101010100100
0000011100111111
0000000010110011
0001110101101110
0001100000000101
0000000011011100
0001011110101111
0000011111001101
0000110011111000
0000000010010100
1110111010110101
0000010111010110
0000000010111110
1111111001110010
0000010000111100
0001111111100001
0000010111010000
0000100011101011
0000000111111001
1111110011100110
0000001000000111
1110101000011100
1110001101111000
0000100100000111
0001010011000000
1111111000100000
0001001110011011
0001011100001111
1111100101111110
0000000010111101
0000001010010111
0000010110111011
0001110100011000
0000111101100010
0000000100100010
0000001010010110
1111010001000001
0000010110110101
0000111100110010
1111000010010001
1111110011000010
1111011001000001
1111100101011010
1111001011110010
1111001010111111
0000111000101101
1111111101001110
0000010010101101
1110000011100101
0000110111010101
0001000001001001
1111010110000101
0000011001000001
1111100101111110
1111110010000110
1111010010011111
1111011001001011
1111010100001111
0000000101111000
0000100010001110
1110110000110011
1111110001110100
1111100000011010
0001100100101011
0000111100000000
0000110001010110
0000111100100000
1111111011000000
0000000100101000
0000010110000011
0000110100001011
0001001001110010
0000101110011010
1111000100010010
1110111001110011
1111011110001100
0001100000100010
0000101111100001
0001001101100001
1111011101000010
0001001011101001
0000010110101110
0000100110110101
0000100011101111
1111101100111111
1111110111100101
0000100101000011
0000100000011101
0000011100100000
0000011001000101
1111110100011101
0000001011001010
0000001101101110
0000010010111101
0000110001011111
1111100100000111
0000001011000100
0000010010011100
0000101101100101
1110100000001000
1111010011111100
0001001101001000
0000110000110111
0000001110010100
1110100011111101
0001010110110111
0000010100101100
1110110111111000
1111111100101110
1111110011001111
1111100101010000
1110101110110111
1111100111011011
0001001001011010
0000010110111001
1111101101100111
1111101011000010
0000010101000001
0000100100111100
1111001111000010
0000011011100111
1111011100110010
0001000001101111
0000000000010110
1111110101111111
0000000010100000
0000101101111110
0000100101000110
1111011001001100
1111011100000111
1111011101001011
1111110110011101
1110101000110011
0000100011110001
0000010111000010
0001110001100100
1111110110101001
1110111011101001
0000011010111011
1110001001110100
0001101001101011
0000001101110010
0000100100010100
0000111011011000
0001001101101010
1111001000010101
0000111110001100
1111101110011011
0010000010101100
0001100010100100
0000011000111110
1111111011001100
