0001101111111100
0000111001101001
1101000100000011
0000110010110011
0001000101011001
1110001001110100
1110010001001011
0011000011000011
0001100100000000
1111010010011010
1100001001111100
1110100010111010
1111101111010100
0000101010110010
0001001010100010
0010010001011011
1110010111111101
0011110110101100
1111000110001010
1111001111110101
0010101111110101
0001011100101000
0010100000000000
1110001111001110
1111101010100110
0000000111101000
1111110110100110
0011101011110101
1110110111110100
0010010010000001
1111011101110001
0010010110000011
0000011110111011
1111111100001111
1110111110010011
1111011011011111
1110001111100100
1101110011011001
1111100001010101
1100101010100001
1110010011111010
0011011110100011
1111100100100000
0001111010000010
1011101111101100
1111001011010101
1101010110010010
0001001011000000
1110010111001101
0001111100011011
1110111101000000
1100010111101011
0010101101010111
0010001101011110
1111001011001000
0001000010001010
1111100010110011
0010010011001000
0001010110100101
1101101100110100
0000001110101111
1101110011000011
1110010001101101
0001100100000011
1110010100101100
0001011011111000
1111001101110100
0001011101100100
0000001010000011
1111100100000110
0000011011100010
0010001100001111
1111100110100010
1100001111010101
1101001010101101
0001101100011011
0100110111101001
0001110101110100
1110011101010111
0001011010100000
1111001010111011
1110111011000110
0001001001001000
1111111011101100
0010010100101000
1010110101010001
0011000010010000
0001001100110111
0010011010111001
0001011000111001
0010000000010000
1111111001100111
1110011110001101
0000100111100001
1101101101101000
1110011001110011
0001110001101001
0000010101010011
1110111100010011
0000111000100010
1010111100110110
1101111000111100
0001111000011000
1111110110100000
1111101011001101
0000111100111000
1110001110001000
1101000110011100
0000001001111100
0001011001111100
0010110010100001
1111100010001001
1100100111011000
0010010111110111
1100100000001001
0000010011011110
1110010110000100
0100110101101100
0001000111000001
0101110110010100
0000110110001101
0011001110001011
1101101110111010
0000011110111000
0001111001101010
0011000011111001
1100011101001010
0011011111010110
1111111110111000
0001001011010000
1111110100101001
0000000001101111
1110100011100001
1110110111011101
0000011100010111
0000001101110001
1110111001010111
1110011101001011
1110111010111010
0100001101001111
0001000010011000
0001111101001000
1101001000100010
1111010011100001
1111011001010101
1110100111110101
1111110010110110
0011100000010011
0000100000010000
1111000101001101
1110110010010000
0011100101101010
0001100101110101
0000001011010110
1111001111011111
1110100101010000
1110100000011100
0001001000110011
0010000100000100
0000101001010010
1110101011010010
0100111110000111
0010100101001011
0010011011101000
0001010111101000
1110101101100000
1111001110100111
1101100000001011
1111010111110110
0001001101001010
1110001001111010
0000100000011010
0001011001010111
0001011110111010
1111101010100110
0000110100010010
1111000010101100
0001001000110001
0001001111010000
0010001101110100
1101110001110011
1111101100101100
0001011110111101
0010000010001100
1110110100001111
0000100111100110
1101001100000001
0010000111001110
0101010001010001
0000000011001000
0010010011001011
0001011001011100
1010111000110000
1111010100011101
1101010000100100
0000100111101101
0001100011001000
0000101011000100
0010101101000010
1111110100111000
1110011110100010
0010101000100011
1011110000001111
1111100100101110
1111100011011010
0000010101010101
1110010110110000
1110101000001101
0011000110000111
0010011001011001
0011001001111000
1110100110000001
0011101011101000
0001011101000111
1110100100110110
0000001010110101
1101001100000011
0000110011001100
1110101011111010
1110110001001111
1101101011011010
0011000100001100
1110110000010101
1101100000000010
0001010011101110
0011100100111101
0001001010111111
1111001110011010
0001111100001001
1110001111011111
1110001010111000
0011100000000010
0010010010111010
1111000101001100
1101100010000110
0001101000010111
1101010100111001
0000010111010110
1111111111101010
1111100010101110
0000110101000001
0000001000100001
0101101100010001
0011101001111001
0000011010110010
1101101100101001
1111110001100011
1111100101111100
0000100000100111
0000100010101101
1110000101000110
1111000101111100
1110111011110111
0011010101011101
1110111010100000
0110000000010011
0000011110111010
1110001111101010
1111010101110010
0010000100000011
1111011001011101
1111100100101100
1110111111111100
1111100100110001
0010001111110110
0100111111000001
1100000101000011
0010100101011011
1111110101110110
0001011011010010
0010101010100000
1101111111101110
0011111110110100
1110001001100111
0000010111001000
0001100010001110
1100100110011000
0010000100110000
1110001011110000
0010000000010100
0011110111001101
1111011001111100
0001101111001101
1100101010011111
0000010110000101
1110101110111111
0011110001010100
1110100111101010
0100100011101101
0010011000110111
0001001000001110
1101101111110101
1111101010001111
1100010010111010
1110010001010110
1101101110010010
0001000111001101
1111011001111101
1111101101101000
0000101100001000
0000010001001101
0001111101110111
1111101000101101
1011111110001100
0101101001101101
1110110100000100
1110110101011110
1110100110001100
1101001101100001
0000011011010111
0001000101001011
1110011010111110
1111010000110010
1111100110011000
1111011101101010
1011100110101001
0000111000101111
0000111010000001
0000011010010001
1110111010001011
0000011111001000
1111101110010010
1100111111010001
0010000100101101
0010010010101100
1100110011100111
1110101101100100
0010111010111100
0000011000100100
1111111100010111
0000001110101000
1110000100101011
1110011101001100
1111101111010100
0000010000010011
0001010101101110
1100110011000011
1110111000100110
1111101011000010
0000110010101001
1110001011010111
1110101001001100
1101100110000111
1111100001100000
1111010000100011
0010111001100110
1110101001110011
0000110110001010
0001111000001010
1101111011110100
1110100011101101
0010010010110101
0000000111010011
0001000110110001
1100110001011011
1101100101000101
1110001110100100
1111111110101111
0000010000111001
0010011001111011
1101110111000110
0000010001110100
0000001110001110
1101001101101101
1111000101111001
0001110001000000
1110111001000010
0000110111001101
0000100110100000
1110110010110011
0000011000100110
1010111111110100
1011000101001100
0001101011010010
1011000100110100
0100101010000001
0001001101110101
0000000110111010
1110100101010010
1101101011111010
0001101010100011
1111100001100101
1110101011101010
1101110000000111
0010111011011011
1101000010101101
0000111100000111
0000111011011000
1100100110111001
0011100110111111
1100111110111000
0000101111010110
1101100010101110
0010010111111110
0010000001111111
1111010111101110
0010011010011101
0000100110111000
1111001100100001
1101111011011111
1101101111110110
1110110000000111
1110001011010000
0010000101100010
0000001100000000
0011001100000000
1111001001010101
1110100111011101
0001011101000101
0000001111101100
0100001000001101
1111000110110011
1010010100000011
0001100111110100
1110000110000001
1101001111010000
1110100101000101
0001000101111010
1100100110110011
0001000001010010
0000010100010011
0001110011110101
0100111110110110
1101111111111100
0001101011100000
0110110111111110
1110011001010011
1110010110011001
1111010101110111
1101110110010111
1111011011000000
0010110001001011
1101111100011110
1101000100010110
0010111010001010
0001101010000111
0001010000011100
0001110011011100
1111100100101010
1100111110000001
1101111001011101
0001001110010001
0010100110000000
1111110101001010
0010111000100101
0000011101001010
0010100001000101
0010100011101100
0000110011101101
1110111001001100
0010100000100111
1110110111101111
0001111011110010
1110001101111101
1111110100010010
1111111010000011
1100101101110111
1110001011101000
1111000000101101
1111011010000001
1101011110100001
1101000011001111
0010101000100111
0001100110101000
1110010111111011
1111010010110110
0010001000011011
1110101101001010
0001100111000101
0000001010010010
0010011001110000
0110111101001011
1110011001111001
1101011100111110
0001000000001000
1110100101101111
1010110011100110
0100011100011110
1101010011000111
1100001010100111
1111110010111000
1111011010110010
0000001000101001
0000011010001001
0001001000011111
1110110000101000
0000100100111101
0110010100111100
1110110111111101
0001011110101001
1111001100011000
0001110001001100
1110011111010100
0001000000100011
0010111011001001
1110001010100100
0000010010111010
0000101110000100
1110101100100011
0001000000011111
0010011110100011
0010111111010111
1101101111001101
1110110000000001
1110111111110110
0010111001001100
0001110001111011
0000010010110000
1110001100101001
0001101110011001
1111011001011001
0011010111100011
1110110010010111
0000010110101111
0010101011111100
0000011100110000
1111000111101010
1111001110100110
1101011010010010
0001001010111100
0001010001101000
0001111010100110
0011001010111011
1110010000100011
0001110000111110
0000111101001010
0010011111011110
0000111100001001
1111011000111011
0001111110110100
0011000111101010
0000110010011000
0010000111001100
1101010100011110
0010011000111110
0000100000011011
1111111010110011
0010111011100001
0000110110011001
0000011111000101
1101000111101110
1101101000011000
1101110100100111
1111001000101101
1100001101111000
1101010011001110
0100100000100100
1111110101001000
0000100101000011
0000100111100111
1100101110000001
1111110110100001
1111011101001100
0000110011000001
0011011110100110
0001010100111011
0001011000010110
0011110000111000
1101101000101011
1101100011111000
1101010011110010
0000000101100011
0010011110001100
0000011000010010
0001000101110011
1100000100100000
0100000100001000
0000011101001101
1110100100010100
0001110011101011
1010110111101001
1101000101011011
1110001100010101
1100000011101010
1111001100111100
0001100110101000
1111101100110101
1111101100010000
0010000101100101
1111010010001001
1110101000111111
0001010101001001
0000110011100001
1110111101000010
0000011101111110
0000101011111100
1010111101101010
1110001011110100
0001011111000001
1111101000110010
1110101010100001
0000010101101100
0010001010111100
0010011110010000
1110111101001001
0010001101110001
0000110000010100
0001010110011110
0011010000100100
0001001000000000
1110010001001001
0000110000011101
0101001010010100
1110111110100100
1111110010111010
1100110101010101
1011011101001110
0011010101000001
1110011100011110
1101101011000110
1111110000011100
1111000000100100
0011101100011101
0001111100100011
1111110000001110
1011010011111001
1111110011011100
0000110100110001
1111101000101110
1110101101001100
1110100101110101
0110011000000010
1111110011110010
1110001101110000
1111111000001000
1111101100010011
0011110010000111
1101111011010011
0000110001011001
1101100101100001
0001101101111011
0011101101011111
0000000001000011
0000100000000001
0000111101111011
1110101111110101
0001001000111011
0001000001000100
1111111111101010
0000111111000110
1100111011111101
0000000111110101
0110100101111011
0010010011001001
1101100001001110
0000101011101101
1100110010101011
0001111001110111
1110101110111011
1011011110001000
0000111010101110
0000011011101100
1101010101101000
0001110001000110
0100000011001111
1111100100010111
1111111001011111
0000101111100101
0000100100100011
1110011000100100
0010010000111111
0000110001011101
1011110010000101
0001000010011101
0001000011101000
0001110010100001
1110111010001111
0010110001010100
0000010011000101
1011011010010111
0001000001111111
1111001100011111
1111011101011000
0110001011110000
1100001011011100
0000110101100011
0010010010001100
1111010101001010
0010010110000010
0001010110100000
0000001101001000
1111111011100000
1011101101011001
1101101010011111
1111010110000101
0001010010101011
0011000111110111
0000100111010010
0000101100110001
0001010010110110
1100010000111000
0011110100101101
1111010100000011
0101010110000101
0001001111101011
1111000011111101
1110101100011110
0010010100101110
1110110011110111
1100010000011110
1110110111011111
1111101000000101
0011110111000111
1101111111101011
0100010111111111
0011110011100000
1111101101001000
0001110010101111
0001111110111111
1110010111000010
0000111110110110
0000010011110101
0000111110110010
0011000110010100
1111111010000001
0000110101111001
0001000010011111
1110010111000001
1110111000101010
0010001100000111
1100110100110010
1111100101101101
1100100100110111
1110000101101000
1010010111010000
0100000100101110
1100110010001110
1010111100001011
1111111010101011
1011101110000101
0001100110000001
1110101011010011
0000010001001011
0011000011011111
0001101110111011
0010001010010010
0011101001110101
1110101010111011
1101101110111100
1111111101001011
1100110100110111
1111001010010111
1110111110010100
0010010100010100
1111011000111110
0000100100000000
1111001111100101
0000001100101111
0001100100001000
0101000001111111
0001100011100111
0000001000111010
1110100101101011
0000110110110100
0000001011100101
0000010001001000
0011010010101010
1111011001101001
0000101110001100
0011010000000101
0000001001101101
0001010100000001
1111100010010101
0011100001001111
0010010011111010
1101100011000011
0001111010110101
1111110101001001
0011011100111111
1101101111001100
0000111110010100
0000100100111000
0001001110000011
1011110111000100
1100010010001011
0001101101101001
1111111100011010
1101011111000011
0010000111101110
1111110100101100
1110101011011001
0000011010100010
0010101100110000
1111110111000011
0000100011111101
0001111010100101
1111110111110001
1100111010100000
0001011011001111
0000010110111101
0000010111101010
0100111010100110
1110100110101100
1110100111100111
1101101110011010
1101100100000000
1111001110000100
0000100011010101
0000010100110010
0011100100101011
0000010100000100
0001110110000000
0000011111111101
0010000101001110
0000000100010000
1100011111010101
1110101001000111
0001000011001000
0010111010111110
1110110100000110
1101111001101010
0100110111000001
1110010010100111
0000110111100000
1101100011110011
1100010000011000
0000100100110010
1111011101000100
0001101010001011
0001001010010010
0000011100100000
1101101100111111
0000001101000000
0001011011111000
1111100010000110
0000100111011111
0000110010001000
1101111101100010
1101110001001010
1110100100001010
1111011001111111
1100001011001110
0001000101010000
0001111100100010
1101011000000111
0001011101100001
1111110101000010
0000100011110011
0010111010001000
0000010101000010
1111011001111010
1110110100010100
0000100011110000
0001101001000001
1110000101000000
0000001001110011
0001000111100010
1111111001001000
1101100101011011
1101010100010100
0000000100111000
1111001111011000
0010001011011101
0001001101001101
1111111001100110
1101010100100001
1111001101000110
1100111110011101
0010101000110110
1101100010011100
1101011111011101
0000100001101011
1110011101010100
0010101001010001
0011111100100100
0001000011001100
1101010000110111
1110100101111011
0001010001111001
0001101000111110
1111000110101101
0000010001111111
0000011000110110
1010101100110100
0000000110111101
0001110010100000
0001010111010101
1101011010110111
1111010000111100
0001000111111010
1110110000111111
0001100111110100
0001001000011001
1111011000111001
0000100100001101
0100101010110001
0001000110110101
1111110000101111
0001010001000101
1110111011010000
0011000000101100
0000000101010010
0011001100110011
0010011111110000
1100111110100010
0101100000110110
0000011010010101
1010111011001000
0100011011101010
1111100100010100
0000000111110010
0000101010100010
0001000101100011
1111010111001001
0011010111001100
0000111010110101
0010010001000010
1111110000110111
0001000101001110
0011001001011110
0001000011111101
0011010100011010
1111010111010100
1111000011101101
1110101101000000
1111100100100101
1110010010001110
1110110000000001
1111101111100010
1111110010101001
1011100001111000
0000001010100110
0001111001000100
1110000111000100
1101011001001100
0010011001111111
0000100110111000
1110100100110100
0001110000110101
1111111000010111
1111001100011001
0001011101110110
0000000100010101
0000111011101100
0010000001100010
0000100111101110
0010010100111101
1111000111111110
0000100001010100
0000001000001110
0010111110011110
0010100000011100
1111110011011010
0010101100010110
0001000110010100
0010000111111110
0010010010011110
1111110110000110
1111100000010110
0011110001110100
0001011000010111
1101110011010110
0001010011001110
1101011001111001
0001110110100010
0011001110100101
0000110110111100
0010110110011000
0000000010111010
0010010000101000
0001111100000110
0010100111101101
1111101101000010
0000000111001100
0000100010110111
1101011100111011
1111011011001000
1110100111110000
0010101101001111
0001111111111000
1101101010010001
1110100101001100
1111001000010111
1110100100101000
0000010100000010
1111011010110010
1111110001011000
0000011101001000
1110001010100001
0010110000110000
0010100100011010
0010001010110110
1110000000110010
0000010010010111
0010000100000101
0011011101001111
0000000011111000
0010000110101011
0000000110101100
0000000000000111
0001110010100101
1101011100101101
1110110111110110
0000001100110111
0001001010010011
1111110110100000
0000110111110011
0001011001011111
1110110010011011
1100100100101010
0011010101011110
1101100011110010
0000000001001111
0000000100101010
1111100101110011
1111100001011100
0000111011100000
0010100010001010
0010100001010111
0001011100010011
1101101001000100
0001001100101111
0000010000110110
0001010001100101
1111111000000110
1101111110101011
1110010111101010
0010010111100000
0000101110110111
1011100011101101
0000111101000011
1110111111100010
1100010110011110
0001100100110100
0010001100101011
1101110011110011
1111011000010000
0000100110110010
1111101001011010
0001011111010000
0000000010010010
0010000111010010
0001111000111111
1111011100111000
0001011001001010
1111111110010101
1111101011000111
1101001101110111
0000110100011110
1110101110101001
1111111011111100
1111101011000111
1101111110010100
0000000010100011
1111011011011100
0010010110110011
1110100001010001
0001101111001111
0001110111100001
0000111101100101
0010010101001000
1011101000000110
1111000100011000
0000101101110000
1111100011110111
1111110111111010
0001100110101111
1110001110101000
1110101000011011
0001000001111110
0001011100001010
0000011001010011
0001110101011110
1100101101000000
1111011110101000
1111010111001001
1101110001000100
1100110110000001
0011001101100011
0001010010111111
1011110110111011
1101010011011000
0100000011001000
0000111000111111
1101001111111101
0010001110110001
1111011011110101
0000101100001111
0000000111000011
0000110010001001
1101011011111111
1110001010100111
0011001000000111
1110000011100110
1111001001011011
1110110001111001
1111010111000010
1011001000110111
0010001111100011
0010101100100101
1110010011110011
1111011001001101
0011010010011010
1111110011011111
0000011011101011
1100101001001100
0001110111011111
1110111010101001
1111010111101010
1111000100100001
1110010100001101
1111010111101100
0000001100101010
1110100000010010
0000011100011110
0001101100011000
0001111100101100
0010111110001011
1110110101100000
0010010110011111
1111111011100001
1101110000100100
1111011010101111
0000010101011011
1101000000000011
0101011101011101
1110110100101100
1101000100011110
1111010010010100
0011101000100111
1100011110111011
0000111011001011
1111011111111010
1100001100010111
0000110010110101
0000111101101011
0010100100101011
1110100110110011
0001001000000010
0010100011111001
0000011100110110
0000100111101010
1111101000010100
0011100111101100
1110111000011000
0010010100010011
0000110111001100
0000111011010101
0001110010000000
1111000110000111
1100100011101011
1100000011110110
0000110010010001
1100010100011101
1110100010101101
1111111111010100
1111111000111000
0000010001000011
1100110100110100
0000000001111001
0001000010111010
1111000001001110
1101010101100110
0100110011111011
1100010111100100
1111010100110001
0000000001111010
1111000111100000
1011010000110010
0010100010110110
1100100100000111
0101011001110101
0101100011100001
1101110100110011
0001111111000000
0000101100010110
1100110100001010
0010101101011011
0011101100000110
0001111000101000
0000100000101011
0010101010101111
0010001101110001
0001110000011000
0001111101111000
1010001001001101
1111111100010010
1110000000101000
0001100001011100
0001100100100011
1111111010110010
1111000000000010
0010111011111001
0110100010010000
0000011100111101
0001001111001111
0000001110001000
0001010110111111
1111111001111101
1101110001111101
0101000010000001
0001100101000101
1101110010110111
1111001001101111
0000110100011110
1110111000001101
1111111110100100
0011001111111111
0000000100101100
0000111101101111
1110000010110000
0010100000100101
1110110001010000
0101110010100110
1111100100000000
0011011111100011
1111010111000000
1110100011010101
0001010001111000
0000111011100011
1100010001101000
0010101011111100
0010000011100100
0001100111110010
0001100000011000
1110011100010111
0000100111110110
1111111011010111
0001110111001101
0010001001110001
1101111001100100
1111110011110110
0100101101111001
1110011110101001
1101111101000101
0010001000000001
1110011100001100
0001010101100011
1100001101111101
1110010110001101
0000100010000001
0010001011110011
1111011110101110
1110011001111100
1101111110111011
1011001110011001
0001010111011100
1111111111110010
0010011010000000
0011000111001011
1110011000110111
0000010110011011
0001111111101011
1100111001100000
0001110001101100
1100011111100100
1100110100111110
0001110110100011
0100010001010010
1101111100011011
0000111000001000
1110101100010111
0000111000001010
0001011000110011
1100010110101000
1111111001101001
0010011110011011
0000010000100110
0001010010101100
0010010010101000
0000001000010001
0011000000110001
0001110111111011
0100001001100000
0001010000111111
0000011100110111
0011011011110001
0001111110010111
1011110100000100
1100011111110001
1101111101101100
0001101100010110
1111011001000000
0010110100011100
0001001111101101
0001000011010010
1101011001010101
0001010111010101
0010010001111011
1111100101111100
0000001010001000
0010110010110100
0000101011110010
0000001101010110
1110110000000001
1111101000101100
0000000010001111
0001001100011111
0100110001011000
0000001000000110
0000100000000110
0000110000101000
0010001110001000
1100000001001000
1111000000011001
1111110100110011
1100001111111011
1110111101110011
1111011000110000
1111001001011111
1111101001000100
0011100000100000
1110111100001011
1110100110101111
0010100100001101
0000101001001001
0011000000010110
1100101010000001
0001000110111010
1110110000011000
0000111110111011
0111111111111111
0001110101110000
0010001001100110
0001111011101000
1110101110010111
1101011100011111
1110011100000101
0000111110111100
0010011010111010
1100100110011100
1111101110001101
0000011001011100
0001000000111110
0001001100110000
1110011110001000
0000011000011010
1111001111111011
0001011010011111
0011111100011100
1110010010111111
0000101011001010
1010011110110011
0000110110000000
1101010110101110
0011011011001101
0100100100111101
1110101101011011
0001001100001010
1010101010001010
0010011100101101
0001101111011000
1110000001110111
0010011100010110
0000101000011101
1111110000010010
0000010011101101
1111000011001100
0000010101100100
0011000010100011
1111100011000000
0000010000011110
1101110101010110
1110111110110110
1101110010000011
0000110100010111
0010101111001101
1110111101010101
1111001010000100
0000011100010100
0000110011101110
0000111111101010
0100010100011010
1111001100000010
1110111010101110
0010111011110001
0000110010001000
1111000011110111
0001110010001100
0000100000111110
0000111000010010
1100111110111110
1101000001100111
1111101111010111
1110011100110010
1111010010100001
1111100111010010
0000000000000110
1110110000100010
0000100010000010
0010001001111100
0001011100011010
1110011001100011
1110011011100111
0001000100010101
0100011101101111
1111101111100001
0011010101100111
1111101101101101
1101010100010110
0010000111110001
0000110110011111
1110100000001010
1111010011001100
1110000110001101
1101111100101001
1101110100010100
1101001101000111
0001100010101100
0000011101000111
0001011001101111
1101111101001010
1110000111010111
0001111111111101
0010110101100001
0001010101111011
1100111101111101
0011110110010101
1101101100001000
1110011110001001
1011000000110111
0001010111100111
1111101110101110
1111101011100101
1110101111101101
1110011100010010
1111111010111000
1101101011000110
1111001101011100
1111100111011111
1101001000100110
0000010100000000
0011010011101000
0100101101000011
0000101110001101
0011110111100100
0010101110110100
1100111101111100
1110111011110001
0010001101010011
0000101011011101
0011101101000110
0100101000100100
1100100100111111
0001111001101101
1101101011000101
1110110110110111
1110010111111100
0001001010001100
0001001100100110
1101100110110011
0000101110111100
0011110111101110
0000100001110111
0100101001110100
0000110000100000
0011100000100111
0001001110110000
1111110110111100
0000011110010010
1101100110011100
0010011010110111
0001001011000011
1100010000110011
1110111010100010
1111000101101110
0001110101110101
0000000110100111
1101110000110100
0001100111010010
0010111001101110
0000111001100111
1111000110000111
1111101011101111
0000111000001110
0000111000110001
1100101000011111
1110101111001011
0000111001001000
0000001101101110
1111010110110101
1110000010010001
1101001111000111
1111111111001110
0001010011100100
1111011110101111
0100010100101100
0010010100011110
1111010101110010
0001001011110101
0011001010100010
1100100100010001
1101100101111001
1100101110001001
0011000111100001
0000011111011100
1110110111101001
1101110000001010
1110001010001110
0011100010110110
1110010101101000
1101111010110110
0011100011101001
0000101111110011
1111001011110101
1110111011110110
0000111010101110
1101111100010111
1100011010000010
0001100011011111
0000101001010110
1111100010011011
0001011011101101
1101110101011111
0011001111101000
0001110000001110
0001110110010111
0011100001000111
1110010010011100
1111011010000010
0010100010010010
0001111101110110
0000101011001001
0001001101000001
0000111100001101
0011100111100001
0010000101011000
0010001011011010
0011000111100001
1111001011011100
1111001101001001
1100101000000111
0001010110000100
0010000010001111
0010010111010100
1111000000010001
1110110001111010
0000111011010101
0001000001011011
1101110010100000
0001110101010001
1111110101010001
0001111000011100
1110100101000101
0001001000110000
1101110001101011
0001011101100010
1110110011000110
0010001011101111
0000101000000101
1111100000100000
1110000001011010
1110100110001011
1110101111100110
0001100111011001
0100110111001000
1111001000100111
1111011000001100
0000111011011011
1110110111100011
0001000011100011
0001011010110000
0000001110010010
0000001011111011
1111101101100011
0010011011011000
1101110110101111
1101100010101001
0000110111000111
0011000011011010
0001001010001100
1111100110101111
1100001010001000
0000000001100110
1111111110011010
1110011010100111
0100000000100010
1110001011111110
1111110111110111
1111101010000000
0010111001000110
1100011100111101
1110000110010011
0100011101110101
0101001010011111
1011010101001010
0001111101110000
1110111000110100
1111101001101001
1111001010111100
0001100110100100
0010001000110101
1010001100000111
0000011101101100
0001110101010101
0000001011111000
0001111010111001
1100011100010011
1010101110001010
1110101000100000
1111011101000010
0001101010101010
0010011000001001
1110101001100001
0000100101100010
1110010001100111
0000011001111111
0001101011011001
0100111110101111
1110010100101101
0001110001000000
1111001101100000
0001011111101001
1001011010100101
1010111110000111
0010000010101101
1111010010010001
1101111000001011
0001000010100000
0000000101001010
1101101110000000
0001100011001001
1110011011010100
0000000000001001
1111011011110011
0010111001011011
1111001011100101
1111100101110010
0010010111111111
0011110101111101
0100110000010111
1100000100010010
0000001010010110
0000111010100111
0000110001100100
0010101000010110
0011000111001010
0000101100000110
0100000100011000
1110011011011101
1110001111000101
1101010110110000
1101111011110001
1111000010110110
0011010100101001
1111000111111010
0000000011111010
0011100101100110
0001001100011011
1101000100001011
0100110111000101
0001001011100001
0011001111100111
0000011010111100
1101011110100000
1100011110111110
1111110010001100
1111100010000001
1111101100101101
0010011000111100
1111111110100001
1110101000110010
1111111111101111
0001100010010110
1110000001001000
0000101000010101
1100100001110111
1101100100001110
0000100010110110
0010101101000101
0010001001110011
1110010111010011
1100000000010110
0011011100010010
0001101010111011
0011001011010110
1110101111101000
1110001010101000
0010100010110001
0001101001100110
1010111001111101
0000011001111010
0100111010110000
0001010011001000
0001001011000110
1111101101110001
0011001111011100
0000001100111010
0000010010011101
0000001110111000
0000111101100000
0001111100101111
0000000111001011
1110001100110110
1100110111011111
0001000101000101
0010001010000010
1111011011101111
0001010111000101
0000101001101111
1101101101111000
0000000111111101
0000111000111101
1111110101110000
1100101011010011
1111010110000111
0001111010100101
0100111010101110
1111111110111010
1110110000001011
1100101110011010
0000010101100111
1101001110101101
0011011100111100
0000011110000000
1011001011111000
1101110110001001
1101111011001001
1110010110101100
1110100110101110
0011011101000111
0001110001010001
0101100101000101
0010011111110000
0001101111000011
0100100110011100
0000111110001100
0010110101000000
1111110011100111
0010100101110000
1100010000000101
0000001111011000
0001001111110100
0010111111100000
0000001000001000
1111011001111110
1101111111010110
1111110111101000
1110001000000000
1101010011100111
1111000010110010
1111111100101010
1100101000000101
0000001100111111
0000000000001110
1111101100101011
1100110010100110
1101101001111011
0010011111000111
1111000011011001
0011100000011111
0100000011100101
1010010001100111
0000001111010111
0001100101010010
0000010001001001
0011110100000000
1111000101111011
1101101100001000
1111010010011111
0000101011000000
1111000001010010
0000100010010011
1100110100110001
0000010110000000
0100101100100111
0111011101101110
1101111110110000
0001000101010001
0001001001011100
0010010000111011
0011110111111100
1010111110111110
0000111101110110
0001000101100110
1100110100110001
0100100001010101
0000101010101001
1110001100001110
1111011010001100
0000011110100010
1100011011111011
1101000111101000
1110110001000110
1111011010000101
0001100000100111
0011111111110011
0000001000100001
0010000010110010
0001001010111011
0000010010010101
0000010110101000
1111010010101100
0011101011101100
1111101100100011
0010100010001100
1101110010000111
0000001011000110
1111111100100111
1111010010000111
1111101101110110
0000000110101011
0001100100101111
0001011111010000
0010111001010101
0100011011011111
0000011001101101
0010100000001100
0001011010101011
0000110010011100
0100100111010011
1110010111010010
1111100000000111
1111101001011111
1101011010001100
0010111000010001
0000010100010110
0100011111000010
0001100001101110
0000001101101111
0100000011000011
1111010110101011
0001000011001101
1111110111010101
1101111111100110
0000111010000101
1011100100110110
1110110011111100
0001100110001001
1101111000101000
0001011101111101
1110111001001100
0000010010010011
1111110010101001
1110000111011000
1110111101101111
0001000101110001
0000110101100011
1110101011001011
0010001010001110
1111011101000011
1110101010001111
0001000001101001
1110100101011010
0000101101000011
0001000101010001
1110000111000001
1101101100110111
0011000101010010
1110101111010111
1110111110001110
1111111011000011
1110101000101011
0001010110010011
0010101100011110
1110111001101011
0000100001001110
1001001101001111
1101110010111011
0010010011000011
1110110000110101
0010000111100111
1110110111100010
0000000001011110
1101010111010000
0000010010101011
0001011110111010
0000010000010001
1101000010111001
1010111001010101
1100111101010010
1110010001001001
1111100110010100
1101101000110000
0000000100111000
1111101000111110
0000100110001111
1110100001110111
1111100011100110
0010010100000010
0000010110010000
0000010100010100
0011010110100111
0001001100010110
0010101101110100
1101011001111110
0011010011001000
0000111101010010
1111100101111010
0001000011101111
0011001000111011
0001111000010011
1110000100110011
1110001000001100
0000011101001000
0011110100010101
0100011001100100
0010101111101101
0110101001101000
1011101100011101
0000011100010010
0101001001000001
1100101101000111
0000100011010110
0001001110100101
1111110010010001
0000101011100010
0010101100111110
0001101010111000
0001100000110011
0001111111010101
0000101001001010
1111100010110111
1011001000000101
1110000011000000
0010000010111101
1111000111100110
0000100010110011
1111100101000011
0001101001000111
1111100000100001
1110001000110111
1101111101011110
1110111001101000
0001100011010010
0000110000010010
0000000110010100
1101110011011101
0001000010011101
0000001100110111
0001010111001010
0000101001101001
1111010110110110
1101011100001000
0010100100001011
1101101001100111
1110011000011001
1111000011100111
0110011000100000
0100101001101011
0000110101000011
1111010110110011
1110010000001111
0010001110100011
1110100101011011
1101100111001101
1111000101001011
0000110111100000
1110111011001000
0001110000010100
0001001110101110
1100000110101101
0000000101111100
0011001000110010
0000011011100010
1110110001110011
1110100010100001
0100111110110111
0001110110110110
1101110010010011
1110101101101010
1101111110001100
0010111100010101
0001011001111110
1111101001010001
0001001010110001
1110110101111111
1101111001111000
0010001010100101
0011010001010111
1111111101001010
0000100101100001
1011100000110000
0010011000001100
1101101000001001
0010111110111100
0000100000001111
0010010001011101
0011011100100110
1111000100110011
0001010001110101
0001100110000111
1111111000111101
1011101110001100
0001000100011100
1101111111000100
0010000110111001
1110010100011011
1100011110110101
1111111000011110
0001011110001011
0010001011000010
0001011010101001
1111001111001101
1111110101001010
1110101110101011
0001000110010110
1111100000000100
1100110110101000
0000001001111001
0001111011010000
1110011110110111
1110100101100101
0010011101010000
0000010110100011
1110111011000011
0010101111010000
1111000010101111
0001100010111101
0001001000110001
1110001110010001
0000101010000100
1101000011100010
0001000101011101
0001000011010010
1111101000110000
1110001100011101
0001010110000100
0101100110111110
1111001100010011
1111001101001000
1110100000100000
0011101011011011
0011000101111100
0010101000010001
0011001111101111
0000001111011010
0000111000100001
0010010000000011
1011100101000000
0001100011010111
0010001011011011
0100000001100100
0001000000001111
0010110011101010
0000010000100110
0001110100100001
0100000011111001
1111011101111101
1110011000001011
0000101100100000
1101010000110011
1101000011111010
1100011001011110
1111010010000110
0001001000100111
1111110001001000
0000101101010011
0011110000111011
1111001100011010
0010011000111000
1100011110010011
0000001000100001
1110111101001000
1101000000100111
1110111001101101
1101111000111101
1101100110111001
0000110010110001
0001110010111010
1111111110000100
1110010111001000
0000101100111001
1110111001011000
1110111001001001
0010010101101000
0001010110100011
0100001101101100
0000000000110000
0001010001000000
0011100100001111
1101101101011101
0100011110001010
0000000000100010
1110110110011010
0011000011101010
1111001011000110
0000000111110010
1110010001011001
0001111111101010
1111101111001111
1111001011001001
0001010001000101
0000111111110011
0000100111010100
0000101010101000
1100101101011111
0000110011001101
0001010111010111
0011000101100101
0010000011011100
1101110011100010
0001001111010011
0000001000100110
1011010110010001
0001000011000111
0001011000000101
1110110011110111
1101011011110101
0001000111011001
0000001010111111
0010101111001001
0010000000001001
1111000000110000
1110010000010011
1111100011111111
1101010110011100
1110010110100001
1111101011001101
1111111101000110
0101110000000101
0100110001110000
0011001000101111
1110010001101001
0101000111010010
0010110001001110
1101110100010001
1111001001010101
0001001010011111
1111000110011110
0000000110101111
1101011010001101
1110111000110110
0010010000001010
1111010010111011
0001011001111110
1111011101001000
1110110001101101
0100000011011111
0010001111000011
0001010111010011
1110100101110111
0000110110100100
0100000011000111
0010110110110110
0000001100010100
0100000000001111
0010100010111100
1100001101010000
0001001110101101
1110010110001100
1110101001111011
1111111010100011
0001011010011001
1110110101011010
0010101011011001
0011100010100011
0000100101010000
1111010111110100
1101101001110001
0000111000100101
0001110111111001
0011101001010010
0000011100000010
0000100111011110
1101111001010101
0001110011011101
0000111000101001
0001101111011101
0001001001101000
1110101011001011
0000100001111110
1111111110100101
0000110101100111
0000011110011011
0010111110001110
0001110010010011
0010101010010100
1111001110000110
1110001110100001
0011111000110111
0010110101000111
0000100101010111
0010100000100101
0001100101100100
1111010100101011
1100010010001101
1111101000001001
0000110111011110
0001000001011001
0010100000011100
0001001000011100
1111011000000001
1111111000001111
1101111001100100
1110101101000111
1101001010100011
0000111100101011
0010111100100100
1111111101010010
1111110111101111
0100010001101010
1100001010010011
1100110100000011
0001011001010110
1110001100110011
1101011000000110
1101011000111000
1111010110100010
0000100011100011
0000110000000011
1111011101011100
1110101110111011
1111111011101100
0001001100100000
1100000111010110
0010100100110111
0010011101110000
0000010000011010
0000111011011001
1110011000010000
0010101010010000
0011000001101000
1110110001101010
1110100011011111
0011010010111101
1110011011101100
0010011110010100
0010101100110010
0000011111111010
1111101001100001
0010001111011010
1101111101010110
0101110011010000
0001101100110010
0001110100100011
1101100111011111
1111111010000011
0000011001011111
1101010110011101
1010011110101001
0001000001111010
0001011011001001
0001110101111011
1110100001100001
1101110001110110
0001000001101010
0000101110011011
1110100001000011
1101001101101111
1101010111000001
1111010101110100
1010111100000110
1100111011101011
0000111010101110
0100110100111111
0010010101000000
0000010100101100
0001101101001101
1110010011011000
1111100001000001
1111101100001001
0001010001000101
0011001100101101
0000110010111000
0100101101101000
0010000000011011
0000110101100001
0001010011001110
0000001001010110
1101000111010110
0010111101101000
0001100001010010
1101101001000101
0000011101010101
0001100101000010
1110101110101111
0010001000100010
0001101011100100
1111000101110000
1110110110000111
0001011011110101
0101100001000011
0010000010000010
1101000011110010
1110110000010101
1111010010000101
0100110110100110
0000110110000010
0010010000111110
0000000001110010
0100011111011011
1110101111100011
0000000100110011
0011000011110001
0011101010011111
1111000111111110
1110000111010001
0011010110110100
1100101100001101
1110111101111100
1111100001001000
1101011111000110
0100100100000100
1011001111111011
0000000101001011
1111111010101100
0010111010001010
1011101100101010
1100110111010100
0010100011110001
0010011110100001
0000000100010110
0010011011010110
0011101101011101
1111101100011010
0000010101011000
1111010001010000
1110100000011010
1101101010101000
0001011111010101
0001101100010011
0100111000111101
1110001011110001
1101111100111011
1111010100111000
1110100011110111
0001000101101111
0000110110101100
1111000010110001
0000010110110000
0011110000110111
0000101010001001
1111000000101010
1101010010010111
0010010000000010
1111010110010101
0010001110010111
0011000001001001
0000011111011001
1111011000000010
1110000001011111
1111011000101101
0000111001101011
0010000111111110
1110010011001000
1101111000110101
0000011111101101
0010011100110000
1111000011011011
1111010110111010
0011010001011010
1100011011111011
0000101101110001
0010010011010011
0011011011001101
0011001001111001
1111010101111000
1110101101000010
0001000000000010
1111000100110100
1110111110100100
1110011011100110
0011101011101101
1110001101111101
1111000010100001
0001001010000000
0000111110010000
0101000000111101
0001011011111101
1010001111001100
1111110101001111
0000101101001111
1111100101011000
1111010100111110
1101001110111101
1111111001011001
1111101101010011
0010011010111110
0110100111110010
1111111100010110
0010101000111010
1101101101100000
0000100110010001
1101001010110111
0001101000110010
1111011111000101
0010101001110101
0001111110101001
0010001000010001
1100100111111011
0000010011100000
0000101100110100
0000100001111110
1111100100010010
1101111111110100
1110011001101001
0010110101010011
0000010000110010
0000001010000101
0000111010001000
0000011110110000
0000100001101001
0010100101101011
1111010110110001
1110101100110101
0001100111100111
0100000001011001
1101011101011010
0010000110010110
0001101111001001
1110101100010100
1111011000101111
1111100011001110
1111101100100100
1110010101110100
1110011100101011
1111110110111111
0000110000010100
0010010010001101
0100100101100110
0000011100110010
0001110110110001
0000000110000100
0000111010001001
1111101000010101
0000110110110010
0010110110001101
0011000100111110
1110100000101001
0010011111000110
0000100000101000
0011010110111010
0001111111011111
0001010110111001
1110001000100001
0000111111001101
1110110001100101
0010000011111111
0000111001010110
1111000100010101
0010101101000100
0010001111000100
0001000100001010
0001000100011101
0011110111010101
0001001011011000
1111010100100000
0000100011111010
0011110111011101
0010111000100010
0000001000001001
1110000011001111
0001000100011010
1111101111110100
1101111001111110
1100011000011011
0000110101101011
0101010000101001
0000000100101001
0000111011101011
0001101001100011
1100100111001000
0001110001000011
0000110111100111
1111010001100001
0000101000011100
1111011000111110
0000011111000101
0000110001111001
1101100000001101
0001100101100001
1111111101010101
0100000000001101
1110100101100000
1111101100101010
1101010001101111
0011110100100111
0010101111000110
0101001001001011
0001110000101001
1110011100001110
1010110111000001
1111000011001100
0001000110111011
0000001101100011
1111111000001101
0011100010100011
0011010010111100
0001000110111001
1100111000100100
0100100110011100
0001101110000111
0000011101100110
1110011000111001
0010110001000001
1110000100101010
0011100111001000
1100011111010011
0000110001101000
0010010110101101
1110111100100110
1111011010010000
0011111100000100
1111111110001100
0010011111101110
0011100101001001
1111001011100011
0001110011101100
0010100010111001
0000110101011001
1111011011001110
0011000101111101
1101111110000111
0011010010000000
0001110001000001
0000010101111111
0011110010101011
0001110011110011
0000101101010010
1111101100010111
1101111101000001
1110101111111110
1110010010100010
1111110111010011
0000110110110110
1100101100101001
1111100011111111
0011010111011110
1101010100011011
0010110011011010
0000100100100011
0000001010110000
0001010010111101
0010011011111111
1110000011001111
0011000010000101
0000010011001010
0010000001100111
1111011011001111
1110011010101000
1111111100010101
1110101000110001
0010110110100000
1101110100010101
0100010111010111
0010001110111100
0010011000011110
1111011101011000
1110000001100010
0000100000101001
0000100000111101
0000000111101000
0000011101101111
0001101101110110
0011001101111011
1101001000010001
0010110100101110
0101011011100110
0001111101110111
0001001011001100
1111011011011010
0000000001001101
1100011101001001
1111011011101111
0001001010001101
1111101100100010
0001001000010110
0000100101000011
0001001011010100
0000011101110111
0010100110010011
1100011100000001
0010001010011000
0011000101100000
1011001110111001
0101000101011110
1110111111010110
1110001100001101
1110011110100010
1110110100001011
0010010110011011
0010010001011111
1111000001101010
1110001011110110
0010100001111010
1011010110110010
0010100101001010
1111000001001011
1110110010010101
1101001100010111
0010111000110001
0000011100111111
0010110000011101
1110011100100010
0000111101111010
0000001001111101
1110111011010110
1111100000111011
0010001010010111
0000010001111001
1101110110110111
0001101100100100
0100011111011000
0001001100010011
1111100111101000
0011100010010001
0000001000010010
0001100001010010
0001001101100011
1110001110110010
1111000111111000
0000001001011101
1111111001110000
1111111110011001
0100000001111100
0000010101110111
1111100111010101
0001110100101001
1111000010001101
0000110100110111
1111110100010010
0011100101000011
1111010010000111
0010111011110010
0001100011011100
0001110100001001
0010001010110000
1110110010100010
0001100101111111
0001111111110110
1111011101000101
1100110100110101
0010001110110111
1110000000100011
0000000001101111
1110010011000100
1111011111110111
1100110100101000
1101001111011000
1111101011101101
1100100000001110
0000000010001011
0100100010010101
0001101101110000
1110000101010001
0000011100011010
1111010111010110
1110110011011110
1111000101101110
1110011001100100
1111011110100111
1111010101000000
1111110000110111
1110001111010110
0100011000000110
1111101111010000
1101010111010000
1100111101100000
1100111011010100
0010110100010000
0000101010101101
1101101010111011
1111100000100001
1011011010110000
0000011010101100
0001001011011111
0000011111111000
0100011100100001
1111101110011100
0010110100011101
1110110010101011
0000101111101110
0010001111100000
1011010110110011
1111000010001011
0001001100111100
1101111110100100
0010101110110000
0000001101010101
1110100011010111
1110000101000000
1100010111001001
1111001111001111
0001101110000000
0010110110010011
1111000011000011
0001001111001111
1110101110010001
1110100000100011
0001011111100100
0101000100010100
1111011101011010
1110111101000000
1101001111100101
0001001101111101
0001100110110010
0000111110010100
0001001001000010
1111111111000110
0001100101101111
0000100011100110
0000001010010110
0001001111010100
0000001111001110
0010100110011000
1111000010000000
1100101100000101
1111111110000101
0001001100111011
1111111001111111
1101111011110101
1111011101000100
1111101111110111
1110111010000110
1101011000001011
1111101000101100
0010100100101011
1111011101111111
0001111000001011
0010001100001111
0011011000000110
0010111011010110
1111010111010001
1111111100100010
0000010101000111
1110100110101101
1111011100001101
0001110100010011
0010010010101001
0011110110010010
1101101000000001
0001100100101111
0000010100010100
1111101001110001
0000010100111000
1110110110101011
1111000101011001
1011100101001111
0000111111101010
0001111111001000
1111110110011111
1110101100100100
1110111000001000
1111001000110011
0000111111101011
1110101000111101
0001000011111010
0010010110110101
1111000010010100
0010101110101010
0001010110011110
1111010100001111
1011100000110010
0000100100101001
1011101011100001
1100001000010110
0100100110101000
0010001000000110
0001010001011110
1100110110101001
1111110101100011
1111001011101011
0000000101001011
0011000010010011
0011100101010101
1111101000110101
0000001100001110
0100100010000111
0010001011011111
0001010010011101
1110011010011100
0011111100001010
0001000010100100
0001010001101010
0000000100110010
0001110110100111
1100111001001111
1110100110000011
1101111101110111
0100010010110101
0001011010000111
1111001010111010
1110011011011111
0001110010001100
1101111010011101
0010010011101011
0000001010101101
0010000111000010
0001010000000100
0011111011110000
0001111000000100
1111011100000111
0010111111010011
0000010000101101
1110110010011011
0010111000010100
1111111111000111
0010001101111001
0000111101111101
1111100010101101
0001101010101010
1111100100011100
1101110111110100
1101011000100010
1110001011010001
0011010000001111
1110111111100010
1101100110000111
0000100001111100
0000110111000001
1110010110100111
0000110000101011
0000000001000100
0001100100010101
0000111101100001
1101010100011111
0001011111100111
0001110100011100
0000010100101001
0010000000101011
0001001001011100
0010101011110001
0000011011000001
0000111110111110
1111011001100011
0011001100010101
0000101000001110
0000110011111110
0000010001110101
1101111010000011
0100000100010001
1111011101101001
1111100110111010
0001000111010101
1110111100011100
0011101001010000
0000111011001111
0001010111111010
1110100010100000
0000101000000010
0010000000010111
1111101000001011
0101011000111011
0011011001100100
1101110001100101
1110001100011011
1110110101110110
1110001110000011
1111011100111001
0010011010101100
0010110110111101
0010110110110011
0000010100011100
1111011100100010
0000000101010110
0010101101101101
0000100010010001
0001101100010001
0001010111100111
1110100001111110
0001100111100000
1110011100100000
0000110001111000
0100001011000000
1111100011101011
0001001111110001
0000011111000111
1100111101101000
1101011101101101
1111001101100110
0100010010010100
0000010100101011
0000101001010111
1111010110011110
0011011101011010
0001010110011111
0001000111000000
1110110000101101
0000011000100100
1110100111011100
1111100100100100
0010000010111111
0001101100111011
0001101011001100
1110010000011111
1111001001101010
1101001100001001
1101011001100000
1101111011110111
1111111011101010
0001011101110011
0000011111001010
0000010011001000
1011100001110101
1111000010100100
0010011011110010
0100000001101110
0101001010001000
1111110010011111
1111001011110001
1100011110111111
0001011111001111
1110011000110000
1110010110111011
0000111000110101
1110010010010010
1110101100010000
0001111111010011
1111110001000001
1110000110010101
1101100100000110
0000110101000001
0001101010101100
1111101101000100
1111100100111101
0010011000110101
1110101110000010
1110001100011010
1111000110100111
0001111000011110
0000110100001001
0001101010101110
0011100001100001
1100110100001111
0000110010001010
0001011001110100
1110111101001110
0001010110011011
0000100100101010
0011001111010010
1110011011011101
0000001011000101
0010100010101000
0001001101010111
1110011011101010
1111001010000110
0011010001101000
0011001000100001
0000011101000001
1111001010100110
0001010110010111
1110000101010101
0001000100111100
1110000010010101
1101000001100100
0010010010011111
0010001011000011
0001111101111111
0001010111001110
0000110101011101
0000011101010001
0010001001100010
0010000111111000
1111101111100010
1100111111110010
1111101010010111
1101111000001100
1110000001100010
1100011101010000
0001010010011100
1110111110011111
1110011000001111
1101110000000100
0001111011000011
1111001111110111
0000000100111101
1111111010000110
1111011010101011
1100011100001011
0001011010010001
0010001110101111
1010100101000111
1111111100111111
0001100000101100
0000000000110101
0010011011010110
1111101110011101
0001110100111001
1101110111101101
0010110000100011
0100000000000010
0000100111101010
0010101011111111
1110001101100100
0000110000110000
0100001101110100
1110101111100001
1110000100111011
0001001101110101
1111001111001101
0011110110100111
1111011111011100
0000110000110110
1101110011010010
0100111010000111
0000011111010011
1110101100010100
1101100100010000
0001110010100000
0001101100101111
0000011001111100
1111010100101010
0000011000111010
1111001011001010
1110001100000000
0000011100011010
0010000101000011
0010111101110110
0011011000000000
0001000010110011
0011001101000101
0010010011010110
0001000110100010
1110100110000111
0000011010110000
1111001110111010
1100111010011011
0000101110000101
1110101001000011
0010110011011011
1110111110000101
0001111000100010
0010001000011101
1101110110000100
1111100110001111
0000110000001011
0001000011100110
0010000001001010
0000110001101110
1111100100000101
0010100010010001
1110101010000101
0011000000001010
0001100111001000
1100110111110100
0001101000000001
0010001111101101
1111011110000001
1110000111000010
1101110110010111
0011000111001010
1110111010110001
0001010011110000
0001011101111001
1110110010000000
1111111011100110
0000001000001011
0010111010111000
0001111001011010
1011101101110011
0001000000001110
1111001110011010
0001100010101010
1111100010110101
0010110110010101
0000001010100100
0000110110101101
1101001110100100
1100001110000110
0010001010100010
0000000011011110
0001110111101000
0001011010101011
0001000101111111
1110101110110111
0011011001110010
0000010010111111
1110011101001010
1110110111100100
0000110000110101
1011101010010010
1111001111111100
0001101000101100
1111011101000010
0100000010111011
0010001001101000
0001111100010010
1101111110000100
1011101010110101
1111011000111111
1101101101101100
0000110110111110
1100011110011100
0000100000111100
1111001001100011
1101100101111001
1110011111110001
1110010000100010
0000110000111010
1111101101001000
0000010111010111
0001001100100100
1110101010010101
1101001001010111
0010100000101000
1100110011000001
0000100000100101
1100111010110010
1111101110111100
0001101110001000
1111111111111010
0010011001001110
0001001110001111
1111010110011010
0000101011111100
1100100110011011
1100001111101101
0000011001100101
1101111010100001
0000110010100010
0000100111001101
0000101000111010
0001100111001100
0010110001101000
0000100110010111
0000011100000010
0011100100010100
0001001010010010
0100011110000011
0000001000011000
1110101111100011
1101110000110101
0001000010101110
0010110001001110
1110001010100111
1011011100011001
0000011000010001
0001011001101011
0010101110011011
1111000110011010
1010111100010010
0000101010011101
1111101001000111
0000111001100001
0000101100100010
1111001011100011
0000000110110011
0001101111111110
0000001000111110
1100101000101100
0000001010001011
0100001101111101
0000101010110111
1110011110001011
0011011011101001
0000111111000011
0001000010101111
0010001000100001
1111000110110110
0000011111100110
1110001100100100
0101001001011010
0000111001010100
0100011101101111
1111111101011010
1101011010010111
0010000011111100
1110110101010110
0001001100101111
0010101100001111
1111010101011111
0000101110100110
1111100110110100
1101111101101111
1111111110100110
0001100100101100
1110011001101011
1110011010110001
0010010111110011
0000011010100111
0000110111110100
0001001110110010
1101100111110000
0000001100010100
1110110000001010
0001000110001111
0001010101111010
1110111001011110
1100010010110001
1111011010110110
0011011010111100
1110110111101001
0000110010000011
0000111011110001
0011001110011000
0010101000000100
1111000101100000
0000001000100001
1110111111010001
1110001001000000
1111100001111101
0001100010011100
0010010001101000
0001111011100100
0011100010100110
1101110101101000
1111001110011110
0001010000011000
0000100100101011
1111000010110110
1111010000100111
1111100001010001
0000110001111101
1001100011100010
0010101101101001
0000010111000110
0000101000110110
1111110000010101
1111101000011110
1110001001111100
0010010101001100
0001111111101011
0000001101010000
1011100010000011
0001011000110110
0001000011011010
1110111101011000
1111111011011110
0010110101010011
0010010011010100
1111100111100010
1111010100111001
1111100100111010
0010010010000001
1111001100111000
0100001101000111
1111111111111001
0100101101110010
0001110011010100
0001001001110010
1110110010000110
0011000011000000
0001010000101110
0000110000111010
1110111100000001
0001101000010001
0000111101110001
1110011000101001
0000000110010010
1111001101100001
1110100000001111
0010001000101101
0010000110011010
1110101100100001
0011110001101101
0010001010100110
0000111011110001
0000111110101100
0101000001100010
0001100000010110
0001011101101011
0010101011010111
0001000110000111
1101101111100110
1110110101100011
0000001010001011
0000100010101110
0000011011011000
1110111101000000
1110100111010000
0000001010011110
1101101101010011
0010101011010110
0001001001011100
1110000101100001
1111010000101110
1100111110000001
0000101100111100
1111110011011100
0000100110101010
1111111111101011
0001010001000100
1110111101110011
1110101000100100
1100011001111100
0000101110010101
1110000111001101
0001110101110011
0010101000111010
0010010010111000
1101110100001000
1100110111001010
0001011000110110
1110011100111111
1111100101111111
1111001111001010
1110011100011101
1101001000011011
1111001001000111
1110100110101011
1100110001110001
0001110101001101
0100011011010110
1111100101000101
1111011000001110
0010010001100101
1110010001100101
1110100111101011
0000101111001110
0001011110010111
0010011100101011
1101101100101111
0001101000001111
0010000101100111
1111111001001101
1110100010101011
0010101000011101
0100101001001001
0001010000010010
1101011011100111
1111001111010101
0010001110010101
1110101010001100
1100101100100010
0001110001101001
1110001101000111
1110001100111010
1111101101110010
1110101000101110
1101101000011011
0011110101111011
0001100101101110
1111100100111011
0000100001000000
0000011010101011
1101111000111011
0000101001011100
0001000111001001
0010110101011001
0011110011001111
1101111101001110
0001111001100101
1110111011000110
0001111010001010
1111001110110011
1111001011000111
1110000110000101
0010101110110010
1101101010110111
1001110011101010
1101110111111101
1110111000110011
1111100001010100
0000000001011110
1111010001101101
0100110000100101
1101101111100010
0101111011010111
0001000010101101
0011101000001110
1110010001011011
0010111010101000
1111100100110101
0000011101110001
1101111100010110
1110111111111111
0010011110010111
1100101111111010
1111100001100110
1110011100100010
1111001011101100
1111101110101010
1100011001010001
1111111111000111
1110101011100001
1110010010011100
0000011000001010
0100000010010100
0000011100000111
1110100011110000
0001111001111001
1100111100000110
1101010001010000
0001001010011101
1111011001001110
1110010101010011
0000010010111101
0010010111101111
1111001011011000
0001001100011000
1110100110110111
0000110101110100
1111000001110100
0011000011001100
0001101100101110
1101100001110011
1110011101000100
0001001111001011
0001001100101111
0001001000111111
0000000010110101
1111000100100100
1110100101010001
0001010101010110
0001111111010111
0000110000001101
1110100011111011
0001101011100011
1110100110100010
0000011001000101
0000001001010010
0001111000011000
1111000101010001
0001010011111010
0011010101010111
0010001001000111
0011111000010010
0001100011001101
1111000111010011
0001111010110110
0011011000101001
1011101010001100
1111011101111000
1101010000001000
1111011110010111
1111011010101101
1110100010101000
0000000101001011
1111111010110010
0000011100011110
0001011100010110
0001111111111111
0000100001111010
0100111001111111
0000100011000000
0001000001110000
1110001011000111
0000010110010011
0010100001011101
0010111101000001
1101010000110010
1111000100000110
1101001010010011
0001111010101011
0010011000001100
0000000110011100
1111001010101010
0000110101101001
0010100001000001
1111001101010100
1100100010010011
0000101100111101
0000010010101101
1011111000001110
1100100101110011
1100010100011001
0000001101101001
0000110011000111
1010011111101110
1111100111111100
0001010101010111
0000010001101101
0000101111110011
1100100111001011
1010111101000011
1111011011111010
0011010001101100
0010000011010111
0000100010111101
0001001010101100
1111100101110110
1111010100111011
0101110110110101
0010011011000101
0011010111111000
0011000110010101
0000100000010011
1111000101001111
0000101000010001
1111000000011000
1101111010110111
1111001101011100
0001010011001000
1110111000010000
0010100011000101
0010111100111101
1111100100000111
1110001100010101
0001011010000001
0001010100001111
1110110010011110
0000000111010011
0011111100001100
0010100011000101
0010001101011100
0001100111110111
0001000011101101
1110001011111111
0010101110100011
0000110001101000
0000111001100111
0001100000001011
0010000110100100
1110001011101001
0011010101001000
1110101000111101
0010100011111011
0000101111110001
0000010000001110
0001100100110100
1100100111001001
1111101000100110
1110111110110110
0000110000011100
0010001110010100
0000011100100011
0000011111110000
1110001111010000
0010010001111110
0000001111011101
0101111001111010
1110110101110000
0001011101110110
0000110001110000
0100100100010100
0000000001101001
0010011100010100
0001100111000100
0010010010011011
1111010011111110
0001010101001110
0001010110110111
1110001111101001
0010011111011000
0001000100100100
1111111010010111
0001100011110111
1110011010110000
0010100100001001
0000010101010001
1110010111100011
0000001101011100
0011011111111000
0011010000001001
0001110111111000
1110101011100001
1110001000110110
1100110100100111
0001011000011000
0001010000000001
1111100000000010
0011001101100100
1101111000001001
1011011111011100
1111100001011010
0010111001011011
1111011100111010
0010000000010100
0011100101011010
1110110101111000
0011001001110001
1110100000101010
0010001001001101
1110110111011011
0000000100100100
0001000000000010
1111011010011010
1101111110111100
1100110110111110
1111011110101101
1111011111000101
0001110000110101
1100010100011000
0001001010001000
0000101011000100
0100000100011110
1111010110110111
0000010001111001
0001011101111101
1111011010111011
0001101001100110
0010111101111100
1100100110010100
0000101001010001
0010000101101111
1101101000000011
1110010110001011
1110010101100011
0000110010010001
0100010001011000
1101111110110010
0001101101110001
1111000001011011
1110111100000010
1100100010001100
0001011010111010
1110010011011010
1100101010111010
0010010011101010
0001010001101100
0010000111000101
1100001101011100
0010110001001010
1101111010001100
1110111001110101
0010010101001011
0010101011000100
1101011100010100
0000010011000110
1110000110000011
1111100110111100
1110101101001011
0001110111000101
0001011111010101
1111001001010011
1101000100101111
1110011111011100
0000001010011111
1110101100111110
0000010011100110
0011001100000011
1110011101101111
1110000000101000
0000100000010110
0001100101100011
1110111110101100
0010110110100000
1011110101000010
1110110110011110
1111111001110011
0010100100101111
0001101100000101
0000100000100101
0010000111111110
1101011001010000
0001111010010011
0000011111011110
0010111000110010
1111101101100010
0000011000011110
0000000010011100
1110001110111101
0010000000110101
1111111010011111
0001111111101110
1110100110011100
1011111101111111
0000001011100001
0001000000010101
0100011101101110
1111010100111010
0100000110111011
0010100011001101
1110101101111001
0000111011001111
1111011011110101
0001010110111111
0011000101001011
1110000010101011
0011000000100110
0000100100010001
1110101110110010
1111110010110010
1111111000000100
0001100100111011
0010011011111010
0000000000111111
0001111011000011
1100000010001110
0000011010001010
0011001110110110
1100010010111000
0010011111110110
1110111000011011
1111100011000001
0001010001101101
1111011000011001
0011101001001011
0010110100010000
1110101011101110
1111000010100111
1110001110011100
0010010111010111
1101001001001100
0010001111101110
1111000111100100
1110010100111111
1110101000010000
0001101110101100
0001100111100100
1111010010000011
1101101000101111
0000101101110010
1111111001010000
1110000110101011
0001111000111001
0001111011001001
1111001101011011
0000001111100100
1110100111100111
1110111011001110
0000000010010111
0000111000011111
1111011100011101
0011010111010000
0000001111110010
0001110010010011
0000110100010011
0001111111011000
0001110101011011
1111101111111000
1101110100010000
1110100000010100
1100101101101000
0001110010010000
1111000000010000
0001101011011100
1111010010100010
1101010111001101
1101110110111101
0000100011001101
0001001011000100
0001110001111100
1100000110110000
1100110110010000
1111010010011011
0010010110111110
1101001010000000
1101001011100101
0010101111110010
1110001010111001
0001000001101000
0100101101110101
0001101000010001
0001010010001110
0100001000100010
1110000011011010
0011101010010001
1100101000101011
1111110010010101
0100001111011011
0000101101110101
1101010100010001
0011010000110010
1101000011110000
1111100101001101
0010110010101011
1110101001110100
0000010011100001
0001011010001111
1101011111110011
0000100010000001
1110111011000100
1101100101100111
0011110010101000
0001110110011010
1101011100110100
1110011000111100
1101100101111010
0010101000001100
1111101111110101
1111001000010111
1111101101100110
0000101101101011
1110100010000000
0001011000101110
0000000001001011
1101000010010001
0011101100011110
1111110110100101
1110111000010000
0100000010001111
0000001001101011
0000110011110111
1111000101100000
1111010001000101
0000001001010001
0000010100011001
0000011011110111
1101011110011001
0010010110010000
0001010110011011
1110001000111001
1111101011111011
0010011011011000
1011111001101100
1111001100100100
0000010101100000
1111011100111110
0000101100100011
0010001001000111
1111001100010001
0010001101000000
1111000100101101
1011101111100010
0000000000001001
0001010011101111
0100001001101010
0011010000010101
0010000111101010
1011011000001000
0001111111000000
1110010111000100
0000101111000000
0100110101001010
0000001001101100
1110001010111100
0000001001000001
1101111001110111
1111001101110100
1100110110001001
0000010101111000
0000101100011010
1100010110000010
0011101001011100
0000001110100110
0001000101011000
1011000110010110
0010011100101100
0101011000100010
0001101100000010
1111010000100110
0001100010011111
0010110011010001
0001111011101100
0001001101000100
0001101011011111
0011010111100010
1110101010001100
1111011010100011
0000101010000101
1101110111001100
1101111100000011
0000111010111111
1011111000000111
1110101100101110
1101100100101010
0001001000101011
0010000000111010
0010011010110100
1111111000011111
0000111101010001
1110100000111100
0100100110110001
0000110010001111
1101011110001111
0000110111011011
1110111000100001
1110101111100100
1011111000010101
0001001110110110
1111101101110111
0000000000111001
0000101001001100
0001001011100001
1111001010110010
0010001000101010
0001111000001101
0011011011101111
1111010101100000
1111001010011001
1100100110010010
1111111110110101
1101101110010011
1111110000111001
0001101100010001
1110101111001100
0001011011110110
0000000110000000
0000110100001101
1110111010101010
1110011000111000
0000101101100100
0001110110111110
1111001101000111
0000101001110111
1100000110101010
1110111011000101
0001010100101101
1110011110000011
0010011110110100
0000100011010011
1101111000110100
0010011101101001
1110111101111111
0001010101010000
1101100111000110
1110001100000000
1111100110100100
0000001011001101
0000011000111100
1111001100101010
0010101110101111
0000100101011110
0001010000111111
0000101011011010
0000010000100101
1110111111010001
1011110100000010
1110000001011001
0010101010001000
0100011001000100
1111010000101011
0010100100011010
0011110010111110
1110001101100110
1110101100111101
0001011101100111
0010000110010100
0001001110101100
0000111011001010
0000110110010011
0001110111011111
1110011100111000
0000001001010100
1111010100100100
1101000000011001
1110011101011011
1101111001010001
1110011110001111
1101110110001111
1101110110001110
1111110111111101
1111000010010001
0001111011111101
1011111101000100
0001101011010011
1111011100000001
1111100000011100
0000100100110000
0000011100000101
0001000111001110
1110001111011110
1101101111000001
1100011100000000
1111110100101101
0000010100100111
1101000101001000
1100110000100101
0000111110101010
1111010011110101
0001100000001011
0001001011101111
0010001110110101
0010011011011010
1111101110010100
1110111011101000
0010011011111011
0100110100010001
0001001011011011
1101110111111101
0000111110110001
1110000100001100
0010100010000110
0010111100111011
0010110110000001
1101100001011010
0011011100001110
0000001100001110
0000100101011101
0001100000011010
0000000001000010
0000001110010111
0000001100111110
0001110101000110
1101100100100011
1111111111100101
0000000000111101
1101001100011110
0000101101101110
1111001110111000
0011111001000100
1110111110100101
1110010110000101
1110101011010010
1111010010110110
1001111001101010
1110100010101100
0011110001001110
0011111011111010
1110011000001000
1111010001110011
0000100110101000
0100111111010001
1110011010000100
0001001101100011
1110010010000111
1111011000110000
1100101011110100
0001100101111001
0001001011010011
0000010011001000
0001011110111100
0000010110111010
0000100110101101
1110101000101101
1101111001001100
1111011011110101
1101100111011001
1111001001110100
1111000101000000
1100101000001110
0010001110110111
0000000111010100
0010100011011010
1110011111000001
0001010000000000
1101011111010101
0001100011010001
1011011001010100
1111110101001100
0000100010000010
0011101010000010
1110110001101100
1100000111111100
0011011011110100
1011111110001010
0010111000111001
1111001111001011
0001111001011100
0001010001101101
0000110100001011
0000011011000010
0001111101111001
0000010011011010
0010000011001110
0000100010010110
0000111011110111
0001011000101001
