0100001101111100
0011010111011101
0011011110111101
0011001001101011
0011010010000111
0010111011110100
0010011011010101
0001110011010011
0010010010001111
0001101110000010
0001101001011011
0001100101100101
0001011111100111
0001001000011000
0000011100010000
0000011110001001
0000110010000110
0000100111101110
0000000010100001
0000010110111110
1111100001010001
1111101101010111
0000000100001100
1111010100001001
1111011010101011
1111011110110110
1111100000100000
1111111010111000
1111101100100010
1111101110010010
1111101011000011
0000011101010111
0000010101111001
0000111100101010
0000101110001001
0000111000100110
0001011111001011
0001011011111010
0001011001011001
0010000100110111
0010011111101010
0010000010110001
0010111010111000
0010111100010011
0011101001000010
0011101001010010
0100001000001001
0100001011000101
0100010110101111
0100100010101000
0100110100111000
0101100010010011
0101011101100000
0101111011010011
0101110100010100
0110100001111110
0110011101001001
0111000100111111
0111001111110100
0111001010111100
0111001110000110
0111101100100000
0111101110000010
0111101000100010
0111110101100101
0111101110010010
0111011100010110
0111011000001001
0111011000011010
0111011111010011
0111100100110011
0111000110000001
0111011011111110
0111000010111110
0110101100111001
0110110011111010
0110011101111011
0110001010000001
0110001001001111
0101110101001011
0101101110011011
0101100110011000
0100111011101101
0100111101110011
0100000010101111
0100011101111010
0011100010011011
0011001110010001
0011011110111011
0011000100010000
0010001111100000
0001110110010110
0010010111001111
0001011110101011
0001010100001100
0001011001100010
0000110101100010
0000110010100110
0000001111000011
0000111000011101
0000010111000111
0000000101000100
0000000010101001
1111110001111001
1111110010100000
1111100010111111
1111110100110111
1111111110001100
1111110001011010
1111111001011101
1111100011110111
1111110001111011
0000001110100011
0000001111011101
0000001010110011
0000011001111000
0000110000110011
0000010001101111
0000111100100011
0000101001100001
0001001011100011
0001010011000000
0010000001110000
0001011111010001
0010011001000111
0010110011101101
0011000011110101
0011000111010100
0011000010000110
0011010100000001
0011010001111000
0011111000000001
0011110010100011
0100100011011010
0100100001100101
0100011010001111
0100110110111000
0100100100010001
0100110101100101
0101011000000100
0101001110110110
0100110111101111
0101011101111101
0101010011000000
0100110110011001
0100111000110101
0101001100100000
0101001001001101
0100110100010111
0100111000101001
0100101000110010
0100000111011000
0011111010111111
0011111110100111
0011011111100111
0011100101110011
0011100110110101
0010110100000101
0010011110110111
0010101101000101
0010011001011010
0001100011100000
0001001110111110
0001000011111011
0001000101010100
0000010001101001
0000001101110100
0000000111011010
1111110110111111
1111100000011111
1110101001000000
1110101001111011
1110010101100010
1101111101100000
1101011111111001
1101101100010111
1101011101010100
1101001111100100
1100110011000100
1100101010010110
1100000101101110
1100001101111110
1100010011111000
1100010110000111
1011101100001110
1011100110000110
1100000101010101
1011011110111100
1011111110110110
1100000101010110
1011100000101100
1011100100011100
1011011110010000
1011100101110010
1100001101000001
1011111011100100
1100101010001011
1100001110001110
1100011001010000
1101010100010110
1101000001011101
1101001001001011
1101010101101001
1101100110111100
1101110111010000
1110010001011111
1110000101100101
1110001111111100
1110110110110111
1111011101000011
1111101111000101
1111010110110000
1111011110001100
0000010011101001
1111111011011010
0000011101111010
0000111010100011
0000110010101000
0001000110101000
0000011100101001
0000101001111000
0001010101100011
0001000010110101
0001011111010001
0001010111001110
0001010011111111
0000111110101000
0000110001000110
0000101011111001
0000100111111111
0000101101111101
0000111110001011
0000011111100001
0000100111001011
0000000110110011
1111111001011100
1111101010111010
1111011001101001
1111100101101011
1110100001110110
1110100001001101
1110000001001010
1110010011101000
1101111110100000
1101111110100111
1101010011000000
1100110111001111
1100011000110010
1100011110011000
1100010010000110
1011101011101001
1011000101001111
1011001011110001
1011001110101100
1011000001101001
1010111010011100
1010101000101110
1010000001001000
1010000100011001
1010000000101110
1001011001010110
1001111010100100
1001100001011010
1001100000011000
1001000110100010
1001010110110001
1001101100011001
1001001011100011
1001100000100001
1001010101100101
1001101000100100
1001110011100101
1001101010100111
1001110101000110
1010001101101100
1010100100000100
1010010110100010
1010100111101100
1011000000011001
1011001110101000
1011100111111001
1011101101011111
1100001110011111
1100010000011011
1100010001110001
1101000010000100
1101100101001101
1101101110001101
1101111011010010
1110000001100011
1101111110110110
1110110000010011
1110110000101100
1110110100101101
1111011101010000
1111111011001111
0000000001001101
0000100001010010
0000101011100101
0000000011010111
0000011110110000
0000110010011100
0000101001110000
0001000011010011
0000101001000010
0001001010100010
0001010100010010
0001100100001100
0001010111101110
0001010101011001
0001000000110000
0001000111111111
0001001100000100
0000011100001110
0001000101100010
0000111010110111
0000011110111100
0000000000001000
0000010111110001
1111110110101100
1111110110000001
1111010110100010
1111100111000110
1110100101101110
1110110010010111
1110010100011011
1110100101101110
1101111000111011
1101111101110011
1101001011100000
1101001110101110
1101001001001101
1100111000100011
1100110011100100
1100101011001001
1100000011110001
1100100110111100
1100010110001000
1100010000101111
1100001011110010
1011111110011100
1011011111111000
1011100001100101
1011110100101011
1011101111111010
1011010110011001
1011011011010000
1011101010010001
1011111000001010
1100000011010010
1100100100111011
1100011101001100
1100011001010111
1100101110100100
1101000011001111
1100111001010111
1101101111100100
1110000111110101
1110000101001011
1101110111100010
1110110111101110
1111000000010000
1111011010000010
1111001100001101
1111110100011110
0000000111000111
0000010000101011
0001001100010000
0001100001111010
0001100000111000
0010010010011011
0001111000011100
0010110101011000
0011000010101000
0011000010010000
0011011101101011
0100000000111111
0011111110100011
0011110110011000
0100001001011111
0100001011111011
0100100111110010
0100101100011001
0100110111010111
0101000110010001
0100101100100001
0100111110000011
0101010001000101
0100111001001000
0101010010000000
0100111010100110
0101001010110001
0101000001011111
0100111001001111
0100110110100001
0101000101001011
0100011001100011
0100010010101011
0100000010000100
0011111011111101
0011101000000000
0011100000110001
0011011001000010
0011010111001010
0010110000101101
0010010110101101
0010011010100101
0010001100111001
0001100100001011
0001111010100100
0001101111101001
0001001000011100
0000111001111011
0001000110101011
0000111110111101
0000111111010011
0000010111101101
0000100110111010
0000000100110110
0000010001111000
0000001101010011
1111100010101101
1111101100001111
1111110001010100
1111111011110001
1111110011110010
1111101111011110
1111110001110101
1111100010000000
1111111100010000
1111111111000110
0000000011111111
0000101101001000
0000110010110100
0001001001110001
0001000000100011
0000101111101010
0001011111111101
0001111100011100
0010010110010010
0001111100011101
0010101001110101
0010110001110010
0011011011111010
0011100010010001
0011011001100101
0011111001010011
0011111100011010
0100111100101011
0100101100000111
0100101100101000
0101100110011110
0101111111010100
0101101100101101
0101111010000011
0110101111011000
0110001111000001
0111001001100111
0111000111001001
0111011001011101
0110111101101100
0111010011000110
0111000011101111
0111110100010100
0111100110111110
0111011010110100
0111011110001110
0111111001001010
0111011010001011
0111000101000000
0111000110101011
0110110111001011
0111001100011101
0110101001011111
0110110101100011
0110010010011101
0110101010101011
0110000110000010
0110010000100110
0101010100010110
0101100011001011
0101100101111100
0100101110010110
0100111110010011
0011111110101010
0011101001101100
0011100000010011
0011110101001010
0010110000100001
0010101001001111
0011000000110011
0010000001110010
0010000000101001
0001100011111000
0001101001100011
0001101010011110
0001010001000101
0000111101110110
0000010010110100
0000000101011101
1111110110101011
1111111101010110
0000010011110110
0000010111000111
1111011010110001
0000000100111000
1111110111001110
1111110010110001
1111100001000110
0000000011110100
1111100110111101
0000000111010010
0000000111011111
1111110100110011
0000010010110111
0000011100000000
0000101001000110
0000011000110101
0000111110011110
0000110000010111
0001010010101001
0001100101001100
0001110110111111
0010000101000110
0010011111010101
0001111100111111
0010011101000001
0011000110110000
0010111010100110
0011101100011110
0011101100011011
0011010111100000
0011100100010011
0011101101010000
0100000101000011
0100100000001100
0100100110100010
0100111101001000
0100111101101110
0100111111110110
0100101100000100
0100110110101000
0101000011101101
0100111110111000
0101011010110010
0100111110111011
0101001110010010
0101011101100100
0100111011111011
0101001101111011
0100111110010010
0100111001010001
0011111111111001
0100011011001000
0100010010110000
0011011000110011
0011000110110010
0011011010010101
0011000110000100
0010101111010100
0010100001101110
0010001000011110
0010000000011111
0001001000100111
0000111011110000
0000011010100001
1111111010110111
1111100111111110
1111111110100101
1111001100010110
1110111110110101
1111000100001010
1110001001010111
1110011010100011
1101111100100111
1101111000101010
1101010001010000
1101011110101101
1100101101000100
1100101001000001
1100001001001010
1100010000111010
1100000011000110
1100001000110101
1100000011000110
1100001110001110
1011011110110111
1011011000000010
1011110001001001
1100001000110100
1011010100110011
1100001000011110
1011011100111101
1011111110111111
1011110011011001
1100011001100010
1100001000010010
1100111001100111
1100010111010110
1100111001010110
1101011011011101
1101101011100101
1101010110110110
1101101011000100
1101111011101101
1101111000001111
1110000110100000
1110101100001011
1111000110001000
1111000010001000
1111001110001100
1111010111111100
0000000110101001
0000000101100100
1111111011100110
0000110000111001
0000100111111010
0000011001110010
0000111011110101
0001000010000110
0000101001101111
0000101000000101
0000111001001111
0000110011000101
0000110001001110
0001011101011101
0000110101001010
0000101001011101
0001001100111011
0000111011101110
0000100101100101
0000100010010101
0000000100010001
0000101011010110
0000011101111100
1111101101110110
1111110001101100
1111001011001100
1111010100001000
1110110100011100
1110110101110101
1110101111101011
1110001100011101
1110010001011000
1101110011101101
1100111100001010
1101001111111110
1100011000011000
1100011111001010
1100001110011011
1100000010010001
1011011010010111
1011001101000001
1010111111001110
1010110111000010
1010001111111100
1001111000100110
1010011001010001
1001111110010001
1001100011001001
1001010100001011
1001001111111000
1001011000001011
1001010011100101
1000111100001001
1001101101001110
1000111111110000
1001001110010111
1001001100110110
1001001000110101
1001110111111101
1001011110000110
1001111101110110
1001110100111100
1001111111000110
1010010001000111
1010001010111110
1010101101010111
1011000011000011
1010101111010000
1011101110110001
1011111110001011
1100001010000000
1100001110110110
1100001011110111
1101001000111011
1100111000000111
1101011001100101
1101010011110110
1101110111011111
1110101010010010
1110111010000010
1110101110110110
1111011111000000
1111011000010001
1111101100010001
1111111101111001
0000001110000000
0000010111111000
0000100111001000
0000100111010100
0000111011111001
0000111000001110
0001000011110010
0001011101011100
0001011000111000
0000111110011010
0001001110110011
0000110100010010
0000111001101010
0001010101111101
0001001001111010
0000011110111110
0000110111100000
0000101001011111
0000111010001111
0000001100101011
1111110101010111
0000000001000111
0000010001100011
0000000000110110
1111011110011110
1111010101011100
1111001101101110
1110011000110100
1110000011110100
1110010011101010
1101100110001001
1101110000101111
1101010011101000
1101100111010011
1101010000000100
1100100000101000
1101000110010100
1100110011011011
1100110001000111
1100011110111110
1100000000110010
1011110110011101
1011111010000010
1011111000011011
1100000000001110
1011111110100001
1011101100100100
1011111111000100
1011101101111010
1011100001110000
1011111011111000
1100000110110111
1100001110110111
1100100110110101
1100100111001000
1100110000101100
1101000100101111
1101011001101110
1101001100111010
1101100100001000
1101111110100000
1101111100110010
1110010011110110
1110010011001001
1110100100110111
1110111110011110
1111001100111101
1111100100010010
0000001011110000
0000110100001100
0000101100101110
0000111110110110
0001111010111111
0001011100001110
0010010001101010
0010100010101010
0010111100000000
0010111010110011
0011000111011100
0011100010011001
0011101011000100
0100001110101010
0100101010111011
0100010100110011
0100101011111011
0100011011110011
0100100110100011
0100110011010011
0101001000010000
0101000111110101
0101100100101101
0100111100011000
0101001001111000
0101001010101000
0101010110100000
0100101111100111
0101010010101001
0101001100010000
0100010000000111
0100110001110111
0100110001110101
0100011110111101
0100011001001101
0011100011000010
0011110000110001
0011110001010000
0011000001100011
0011000001001011
0010110011011100
0010000001011101
0010101010010101
0010010110101101
0001111100001101
0001011111011001
0001100000011001
0001001101110010
0000101111010110
0001000011000101
0000001101011000
0000001101010101
1111111000111010
0000000001110010
1111110110111110
0000010011111001
0000001001000111
1111100100100000
1111010110000010
1111010011000101
1111110100000101
1111111111101001
0000000110011110
0000000001011010
1111110001010010
1111110010011011
0000010111111011
0000110010100001
0000110110000010
0001001000101010
0000110010011001
0000111110001100
0001011100100011
0001010111001001
0001101010100010
0001111100001011
0010100110111000
0010010110111110
0010110011101110
0011011111101001
0011011110010100
0011110001001000
0100011011101111
0100111011110110
0100011111010010
0100101101101110
0101000010011111
0101010101101101
0110010000011011
0101110011011110
0110011101010110
0110010110111001
0110100000011110
0111000111110010
0111001000011001
0111100111100000
0111001011111101
0111100111010110
0111111001100101
0111101000000101
0111111010110110
0111110011101000
0111011101010010
0111101110010111
0111001010000110
0111110001111000
0110111111100011
0111011000011010
0111000101100011
0110100001000000
0110001101100011
0110001111001100
0110101000000100
0110010111110111
0101011110101101
0101110111110010
0101010110100011
0100100001000000
0100101101110010
0100001111010100
0011110010010000
0011011101010101
0011000100010000
0010101101010101
0011000111001101
0010001000101110
0010100111110101
0001111000010100
0001111100100010
0001111010011100
0000111100101010
0000101110100110
0000101001101100
0000001101000001
0000010100011011
1111110111011000
0000011010001101
0000011110010001
1111100101001000
1111111101010101
1111011101101010
1111100101011101
1111011010011110
1111011111111010
1111101011100001
1111011111101000
1111101010000000
0000010110110010
1111111110111010
0000001101101011
1111111110110000
0000000100101011
0000010111011110
0001001010010110
0001011000110110
0000111110100000
0001111010001101
0001111000011111
0010010000001011
0010001000101001
0010011000100101
0010011011101101
0010011101101111
0010111000000010
0011000010001100
0011111010000010
0011011010010011
0011100001000010
0100000001101100
0100011111111111
0100110101100000
0100101110010001
0100011101111010
0100101110100011
0100110000000110
0100101000010011
0101000010010001
0101010011001001
0100110011111100
0101011010101010
0101100100011000
0101010010101010
0101010001111001
0100101100110010
0100100010111110
0100011110000010
0100101101101000
0100110001010001
0100010001001001
0011111110000011
0100000000010011
0011101101101000
0011010100111100
0011000011001010
0010111000111110
0010101110000101
0001111110011010
0001111100101110
0001011101101101
0000110101010011
0000110100000110
0000001101010001
0000011000111011
1111101001110110
1110111110000111
1111001010101100
1110101101011000
1110001000111101
1110010010101111
1101011011000001
1101111100110101
1101000001001111
1100101111001101
1100111100001101
1100001010101011
1100010001111110
1100000011111100
1011101101100010
1011101000011110
1011110100000011
1100000110001101
1100000101100111
1011010010111110
1011111010011010
1100000001111010
1011111101000100
1100001101010101
1100000000111001
1100001011101101
1011111100000111
1100100011001001
1100001101110011
1100000111101011
1100111000100010
1101010010010010
1100110001010011
1101001101100010
1101001001000101
1101101011110010
1110010010011011
1110000110000101
1110001101001011
1110100010000000
1111000111000111
1111010000100010
1111101111011001
1111110111001101
1111101111111000
0000000101110001
1111110001001001
0000010111111111
0000011101010111
0000111101111101
0001000101110001
0000110111000011
0001001110111111
0001001100010000
0000101010010001
0000110011111011
0001001001100001
0000101110111011
0000110111110110
0000111010010101
0001010110011000
0000101110111111
0000100100001100
0000100110000001
0000110011101001
0000000011000111
0000001001100000
1111111001001001
1111100011110001
1111010111110011
1111100100110100
1111001101000000
1111000010101100
1110011000011111
1110011001101100
1101100001000010
1101001010001101
1101001000110111
1100110101101110
1100101001000100
1100110010000010
1011111011110000
1011100100100111
1011100110000101
1011010001101101
1010101100111110
1010110000000110
1010100010001110
1010101000101000
1010011010001011
1010010001111011
1001111001110010
1001101110100101
1001101001110110
1001000110110001
1001000101010110
1001010000110001
1001010111011100
1001000110100010
1001100101001101
1001010001001111
1001000000111110
1001100110001011
1001101011100100
1001011111011000
1001100010011110
1010011101100100
1010000011000011
1010001100111110
1010010010001101
1011000001000011
1011001101100001
1011000100011100
1011110100101010
1011111011011100
1011111000010001
1100011100100001
1100101000010010
1101100001111010
1101100100000110
1110000101010001
1110001010100000
1110100101111001
1110100011001011
1111010011110111
1110110010001100
1111011011000000
1111101011011010
1111101010111101
1111111101011000
1111111000010111
0000011111000111
0000111001111100
0000011011011011
0000100100100110
0000100101000100
0001010101010010
0000110001100101
0001011110110010
0001001010101000
0001100011111001
0000110010000001
0000101010110110
0000111001011110
0000110101110001
0000101110010111
0000100111100101
0000011100000101
0000110000011001
0000010111111011
0000011100110100
1111100010101011
1111110110111100
1111010011110010
1111001010001000
1110100011110011
1110110010111000
1110011001000001
1110100001111111
1110010011001010
1101101100110101
1101010110111001
1101001101111100
1101100100000001
1100111011001001
1100101000011110
1100110011100110
1100010010110110
1100100111000100
1011110101100001
1011111000100101
1100010001101001
1011110101101001
1011011001100100
1011111011111110
1011010001001100
1011110011101100
1100001001101001
1011101100111000
1100000100100100
1100000111111001
1100100000000110
1011111100101001
1100011101000001
1100111100111011
1100100010001000
1100111110100001
1101010100011110
1101010111000110
1101101101000001
1110001110000001
1101111101000111
1110001011110011
1110110010100101
1111011001100100
1111111100011001
1111110111011111
1111111001000010
0000100010110100
0001010010101011
0001000111000000
0001011001110110
0010000111111100
0010000001000001
0010001101110111
0010111110001000
0010110111111110
0011010100011000
0011111010110100
0100001100010110
0100010000001111
0100100000100000
0100111000110110
0100100010101111
0100011100100001
0101000110010010
0101010110110000
0100110010001101
0100101110100100
0101001001101100
0100110100100000
0101010011101010
0101100010111100
0101000011010111
0101000011010000
0100100010011111
0100110011110011
0100100111001100
0100010110101110
0100001100010001
0100011011100011
0011101001111110
0011011100000100
0011110011011011
0011100111111111
0011010011100000
0011001101100000
0010100101101011
0010010010110000
0010000111011010
0010001011101100
0001011110010000
0001110100110000
0001010010111111
0001010100001110
0001010111000010
0000100110111001
0000110000101110
0000100001110010
0000011010010001
1111101011100001
0000001001010010
0000010011111100
1111111100001111
0000000010011101
1111010011110000
0000000000010001
1111110111111011
1111011111010110
1111110110101000
1111101001011111
0000000010001111
1111101101100000
0000010100010001
0000010100001111
0000010010000101
0000010111001011
0000100100111101
0001000000100011
0001110011110101
0010000101110101
0001111110001011
0010101000001111
0010101001001001
0010100001110001
0011010100111000
0011101110111001
0011010011111011
0100000110110110
0100000011100011
0100101010010011
0100110010010010
0101011110100010
0101001001001001
0101110001111010
0101101111010110
0110000110111011
0110010100111001
0110101111110110
0110100001100101
0111001000000010
0111011010011101
0111001001001101
0111010001011000
0111110101100111
0111110110000011
0111101110110001
0111011010000001
0111111000001011
0111111111000010
0111010110000100
0111111001110011
0111010100011100
0110110100101101
0110111100110000
0111001010000011
0110110011111000
0110010000100010
0110001001111000
0110101000011100
0101110110011111
0101011001101001
0101000001111000
0101010100010100
0101000111111111
0100001101000100
0011111110101100
0100011000111110
0011111110100011
0011100001001001
0011010100000011
0011010001011000
0010100111001001
0010100010000100
0010000111000010
0010001011110000
0001000101111000
0001101100000011
0000110000111111
0001001011111010
0000110001010111
0000011010011010
1111111000100110
0000000111001011
0000010010111001
1111101111010111
0000000001011110
1111100100111001
1111111100011111
1111111011111010
1111111101000010
1111111000011011
0000010000011100
1111100100111100
1111101101011011
0000010111010111
1111110011110100
0000011000001101
0000001110010011
0000110000100110
0000101010110100
0000101011110110
0001010000110001
0001110100000101
0001110010111110
0001100001000011
0010100011101000
0010000101111010
0010111010100000
0010111101001011
0011011001011100
0010111110000100
0011101010101111
0011011001110100
0011111011010011
0100010011100101
0011111111101100
0100011101001101
0100010000011011
0100110110001010
0100111100110010
0100110001010110
0100110101011100
0100101100100000
0101000100000000
0101011010010110
0101001111100110
0101000100010100
0100110101000000
0101000010011110
0101000111111101
0101001001010101
0100111001010111
0100111101101100
0100101010111100
0100001000100000
0100010010011101
0011010001000010
0011100100001011
0011100100101100
0010011111001011
0010011010011011
0010011101010110
0010000100000101
0001010001110000
0001101011010010
0000111111101010
0001000001010001
0000100100010111
0000001000110001
0000000101011111
1111000010101100
1110101011111110
1110111011000110
1110001110001100
1110000011110010
1101101010100000
1101000110010100
1101001000011100
1100110100000111
1101010000100001
1100111110011000
1100010010110010
1100000100000111
1011110000010011
1011110000110110
1100010000001000
1011101010000100
1011110100100111
1011011100010000
1011111011000001
1011010111110110
1011101001010111
1100001000000010
1100001100010111
1100010000000111
1011110110011100
1100100011111011
1100011100011110
1100001100010001
1100011000101110
1101001101111111
1101100000001110
1101011000000110
1101011000010111
1101011111010011
1101111010011110
1110010100011100
1110001100101111
1110101000011111
1110111001000101
1110101111101001
1111100101100000
1111001010001111
1111011110011110
0000001110001011
1111111001101110
0000000111011010
0000011001111110
0000101000000111
0000110010000001
0000111111110000
0001000101110001
0001011111011001
0000111110110010
0000111100001100
0001010011111111
0001001001110011
0000111010101010
0001001000101011
0001010010000000
0001010010110110
0000101111001101
0000100101011110
0000111100011011
0000011011101001
0000100010011001
0000010011011010
1111111111101101
1111101001011111
1111000011110100
1111000001011010
1110110100100101
1110101010010010
1101101111001000
1101011111111100
1101110110110011
1100111101010010
1100100010100000
1100011111010010
1100101001010110
1011110101100111
1011110111101111
1011111001011101
1011000110101001
1010101111011000
1010101001001000
1010111101100111
1010100001011010
1010010000111000
1010001101101000
1001110001100111
1001011011100010
1001011001000011
1001101101111100
1001100000100010
1001011110110100
1001010110001000
1001101011101100
1001100100111111
1001001101101111
1001101001011001
1001011101101111
1001101101011101
1001011010011101
1001101111101101
1010001011110010
1010100111010101
1010111000010101
1010010000100011
1010100100110000
1011000101010110
1011000100100001
1011100001000001
1100001000111010
1100101100011011
1100011101111101
1101001000111100
1100110100100111
1101110000011001
1101100000011001
1101101001101100
1110001011001110
1110101011001011
1110100011101001
1111011110010001
1111001111101100
1111101000000111
1111110011010111
1111110111000101
0000101100110011
0000110111001010
0001000000010110
0000101100111011
0000101101110000
0000100001101000
0000101111101100
0001011001001110
0001010001000000
0000111111101001
0000101110010111
0000111111011011
0001010010100101
0000110100110101
0000101000100011
0000101111001001
0001000001000100
0000101010001111
1111111111101110
0000001000101111
1111110111001000
1111100010000100
1111011101110101
1110111110100110
1111001001001011
1111001000001111
1111000001110000
1110101110111011
1101111110000000
1110000101010001
1101110100111100
1101111100111101
1101010011100101
1100101111010011
1101010110110101
1100010100001101
1100100111011101
1100110010101010
1100100110111110
1100001110010101
1100001011100001
1100010010111000
1011110010000000
1011011110100000
1011110101001101
1011101110100001
1011100110000100
1011111111001011
1100000101011111
1011101100111101
1100000010110101
1100010100110111
1011110010111011
1100101100000101
1100101101100100
1101000001000011
1101010101100011
1101000110010011
1101011011001001
1101010110010001
1110011000000000
1110011100101001
1110101101111101
1111010110010010
1111001110100000
1111011111100000
0000001011100100
1111111000010100
0000101001011000
0000101001010011
0001001000110001
0001011000010010
0001111111111111
0010100110000000
0010000100000010
0011000101010100
0011010000010110
0011110010010001
0011001110100111
0011011100100100
0100010010100001
0100100100001000
0100010000000110
0100110011111110
0100100101111100
0100100001100110
0101010101011000
0100101100111000
0101010110011011
0100110101011110
0101001000011110
0101010000011000
0101010000111001
0101000111101010
0100110000100001
0101000101001011
0100100101011010
0100111000100000
0100011100111000
0100010010001110
0100001000000000
0011101101000000
0100001001110101
0011001011100000
0011110001000100
0011010010000011
0010100011000010
0010110100011011
0010101100010100
0010011110001101
0010010001011111
0001110011101011
0001100001111111
0001010001100011
0001001110110000
0000100010101010
0000110001010000
0000010010111011
0000001100000110
0000000100000000
0000011010000010
1111111011011011
1111111100000011
0000001101110001
1111101011011001
1111111000000100
1111011100101011
0000000000001001
1111101010000010
0000000100110001
1111110000100010
0000001111001001
1111110010101000
1111111011001011
0000100000111110
0000001100110001
0001001000100100
0000111100011001
0000111000001010
0001001101101100
0001010101010011
0001011111110011
0001111100111111
0010110001111011
0010111101011100
0011001110010011
0011001111011010
0011100111111110
0100010110110110
0100011111010101
0100011100101111
0101001110011110
0100110101000101
0101011001100100
0101101001000000
0101110111111110
0110000001010001
0110010111110011
0110110110001000
0110011111110010
0110110101010001
0110101011101011
0111000011001001
0111100111100110
0111100110000100
0111110110000110
0111001011100010
0111100100110101
0111100001011001
0111011011010101
0111111001000110
0111001001111101
0111010001011011
0111101011100101
0110101111111001
0110110100100111
0110011110111110
0110010010011000
0110001000000101
0101110101111110
0101111111111101
0101111101001110
0101011000111000
0101011111011100
0101001011110100
0100001100000011
0100011101101100
0011101100010111
0011011111001111
0011110011110011
0010110101001011
0010100110000000
0010111000010010
0010011110011010
0001101000110001
0010000010000011
0001010111000011
0000111101000011
0001000100001000
0001001100100010
0000100100010100
0000011110110110
0000011101101110
1111101101000000
0000010100111111
0000010001101000
1111011010111010
1111011011101101
1111101001000111
0000001010000010
1111110110100010
1111111011001001
1111110001111110
0000001100000110
0000010000110100
0000000111100010
1111110101110000
0000001010010100
0000100101110101
0000011000110011
0001000011111111
0001000101111111
0000111100110000
0001110110011011
0001011011010111
0001011110111001
0010010100100111
0010010011001010
0010100000111110
0011001101110110
0011011110111011
0011010010101000
0011000110101011
0100000010000110
0011100011100011
0011110001101110
0100011111110111
0100001011000111
0100001111101001
0100011000100101
0101000101101111
0100100100101100
0101001111100100
0100111000001110
0101010001101111
0101001100011010
0101001111101000
0100111101011010
0101011100110100
0100101010100001
0100101111111010
0101000110101111
0101000111110001
0100001000101111
0100110001000000
0100100001011101
0100010101101000
0011110000000010
0011110110000110
0011000000111101
0010101100000010
0010001101100110
0010001001101010
0001110011010011
0001100101000001
0000111011000001
0000110100001110
0000011010111001
0000011001001001
0000010101000010
1111011100100100
1111011010101110
1111000010000100
1110010111010110
1101111100100001
1101111011111011
1101101011101110
1101111110100010
1101101011000100
1100111110110011
1101001101001011
1100100111000010
1100110110010001
1100101010111011
1100010100001010
1100001000000111
1100001101111001
1011011001010100
1011101000110011
1011010111000010
1011100011111111
1011010001111001
1100000010000010
1011011000001101
1011110011101001
1011100011001111
1100001111000100
1100000011011001
1100011001111101
1100011100100011
1100011000000101
1100011111001111
1101001011100011
1101011001101011
1101001101110010
1101101001011000
1110001001000111
1110001000010000
1110001010110010
1110101111100001
1111001100011111
1111011110000110
1111101100010011
1111111110101001
0000000000111111
1111110110110011
1111110001101101
1111111111010000
0000111000110101
0000101001110110
0000100000111111
0000110100001000
0001010001011011
0000101110111011
0000111100101000
0001011011001001
0000111110000001
0000110001010011
0001011111111000
0000110001001000
0000111001000110
0000111000110101
0001000100001000
0000100100011110
0000110000111011
1111111001101011
0000100011000111
0000010000001001
0000001001100000
1111010000011010
1111001101101111
1110110100000100
1110010011100000
1110001110111110
1110010010101010
1110001111110000
1101001000110010
1101100010010111
1100101101001010
1101000110100001
1100001001100011
1011110101010111
1011110100001011
1011100100101100
1011100010111110
1010110100000111
1010100010101111
1010010011100111
1010010111111110
1001111000011011
1010000110111100
1001101000100111
1001101001000110
1001100011110010
1001101000001101
1001000111010100
1001001000110001
1001101100010101
1001000100100110
1000111111101110
1001010010101001
1001100011011101
1001001111000111
1001100010101100
1001111011010000
1001110000000101
1010011101000000
1010011111011110
1010011000001101
1010011010100110
1010110101010011
1010110111001001
1011000010101010
1011010111001010
1011100011110101
1100100101111001
1100011110110011
1101000111010010
1101011011101110
1101010110101110
1110000010010001
1101111001001001
1110000011100100
1110100111011101
1110100111110100
1111001101110101
1111110100110011
1111100110111011
0000001000100001
0000000000111100
0000000010011100
0000100100010000
0000011111001001
0000101011110001
0000101100000011
0000111001110111
0001001101101010
0001000111001011
0001100100111000
0000110111110000
0001001100110001
0001000110111100
0000111110110010
0000111111111010
0001010101100010
0001000110101011
0000010110110111
0000110110101010
0000101001101010
0000000101010110
0000010000000100
1111011100110001
1111101100000101
1111101011001000
1110111000001111
1111000001011101
1110011110011111
1110110100111001
1110000011011010
1101110101100110
1101100111011010
1101110010011011
1101010110101111
1100101111110111
1100101010101010
1100111100110100
1100111111100010
1100100101100010
1100100001011011
1011110110110100
1100001111101011
1100001111000101
1100000110010011
1011111111101000
1100000101101001
1011101000111101
1011110110110110
1011010011000101
1100001110010001
1011110010010101
1011110100101001
1100001110011000
1100001010010110
1100101011000111
1100100100110100
1100100001111100
1100101010000100
1101001111111111
1101110111000110
1110000111100100
1110001101001000
1110000010100111
1110100101101101
1110011101110011
1111000100000010
1111110001000111
0000001001010110
0000001000100001
0000011110000001
0000101011000010
0000110111010000
0001101001011110
0010001011010110
0010000000110011
0010011110010010
0010011001010010
0010101101110010
0011010111100011
0011110011011111
0011011100000001
0100100000001101
0100010001110000
0100101001001110
0100111001101001
0100110010100001
0100111001100110
0101001110011111
0100110110000011
0101100001111110
0100110011011001
0101001110001001
0101100010001000
0101011101110000
0101001101010011
0100110011100101
0100110100010110
0100101010110111
0100100001010100
0100111100001000
0100011010010010
0100011000100110
0100010110011011
0100010000000000
0011111100110100
0011010011011011
0011010001101111
0010110101001111
0011000000101110
0010011111010111
0010100000010111
0001111001110011
0010001011100100
0001001000000000
0001101110110101
0001010011110001
0001000011001001
0000101011101100
0000010000111101
0000101100011000
0000101010110000
1111110010110010
1111110010010001
0000010001111011
1111111111110110
1111111001010101
1111110000110101
1111010010111100
1111100000001110
0000001101000010
0000001001100101
1111011101110100
1111111110101011
0000000001111101
0000011110110110
0000011000010111
0000100101010010
0001000000001100
0001000010011101
0000110110000011
0001000100001011
0001110011101011
0010010111011011
0010000011100011
0010001011101101
0010010111110110
0010111000010011
0011001100101001
0011100010000011
0100010110000000
0100011011101010
0100110001110110
0100111011000100
0101001110111010
0101100110100001
0101010100101010
0101111110100110
0110011111000001
0110000011111100
0110110110010011
0110010111110101
0111010101101001
0110111011001010
0110110010000010
0111100100100001
0111010000101111
0111101100100011
0111001011011111
0111111000111000
0111110001110110
0111111001010011
0111110110101111
0111101100010011
0111100001100000
0111100111110111
0111011011000000
0111010010000101
0110111100010010
0110010100101100
0110101011011011
0110011010011000
0110000001110101
0101111010111111
0101001110101110
0101001011101101
0100110110000011
0100111000111110
0100100100011101
0011110011100110
0011110111001100
0011001101000101
0011010000000101
0010101001011111
0011000000010100
0010100001000111
0001111111101110
0010001001010010
0001010111101110
0000111000100101
0001011011011110
0000111111010000
0000101110100000
0000110011000111
1111110110100011
1111111110000100
0000011100010100
1111100100101010
1111111011110100
1111110000110111
1111111100101101
0000000011110101
1111011101110000
1111101111010010
0000001011100000
1111011101100000
0000001101001111
0000010110000001
0000000010011001
0000000110111011
0000011111101011
0000110101011111
0001010000000100
0000111111101111
0001010000001111
0001000111001110
0001101111011111
0001110111010010
0001110111100111
0010000101000010
0011000000100111
0010100010000011
0011100010000101
0011011110111111
0011111100100011
0011111111100011
0011100000010100
0011111111001010
0100010111001010
0100010100001101
0100110010110010
0100101000101101
0101010100011101
0100110110111110
0100101000111100
0101011010000001
0101100110001010
0101000000111001
0101000100011001
0101010111101110
0101000011000111
0100101010111100
0101010111111010
0100110110011011
0100010110101100
0100001100010111
0100101010110010
0100010101001101
0100010111111000
0011111110011101
0011101100011111
0011011010011000
0011010000100010
0010010000000000
0010000010110000
0010010011001101
0001111000011110
0001010000001101
0000110101001110
0000101001011100
0000000001000110
1111111111100100
1111101100010010
1111010110000100
1110110001001101
1111000101010111
1110011001111000
1110000011100011
1110000011011110
1101101111101011
1101010111110010
1100101001010001
1100011011110111
1100101110111110
1100110000110111
1100001100101001
1100010011011101
1011100111001000
1011011101101110
1011110100100101
1100000101100011
1011111111010010
1011111110100001
1011011100101011
1011111100010000
1011100011000100
1100001000010101
1011101011001001
1011110100001100
1100001011001100
1011111110001110
1100100110010111
1100011010011010
1101010000111100
1100111001111001
1101010000001000
1101110011000110
1101100011001110
1110001001010100
1101110011111110
1110101001100101
1110101000100011
1111010010101001
1110101100001010
1110111100110100
1111110001110100
1111111001010101
0000010110111101
0000001000001001
0000010110010100
0000011011100101
0000100100011010
0000101011000110
0001001100111100
0001010001000011
0001011010111111
0001011010000000
0001011110000000
0001011001100011
0001000101011010
0001000011110000
0000110100011011
0000100011110001
0000110010100011
0001000101101110
0000011101101001
0000010011110000
0000001011010000
0000000111101011
1111101100001110
0000001000000111
1111010011100110
1111011110101011
1111010100101010
1110011110101101
1110000110101011
1101111111100011
1110000011010000
1101001000011010
1101010010100001
1101000000010010
1100110011101011
1100011100000001
1100001111011001
1100000001111011
1011110111111100
1011101011000000
1011010111011000
1010011110100000
1010111101110001
1010101011110000
1001101101110100
1001110001000011
1001100001101100
1001110001000010
1001010010110110
1001111001111000
1000111101010000
1001010010010000
1000111111111010
1001011010101011
1001100011011111
1001001011000111
1001011101010100
1001010110100101
1001010110000010
1010000000011011
1010001011101101
1010010001100101
1001110110110101
1010100100010101
1010100010100011
1010111111110010
1011100010011110
1011011011100110
1011101000001000
1100001111110100
1100100111010101
1100100100011101
1100110000010100
1101100010001111
1101010000010010
1101111111000100
1110001111011010
1110101100100010
1110010000011000
1111001110100110
1111001110101100
1110111101100100
1111011001110110
1111100001110001
0000011010100001
0000100011000111
0000101011100110
0000111000011101
0000111010000101
0000111110011111
0000110110001101
0000110001110100
0000111001101000
0001000111110001
0001000100000110
0001010100111101
0000111101011111
0000101010110111
0001010000001011
0000111101110011
0000011011010011
0000101011111000
0000110110010011
0000010110111001
0000011110001101
0000000001111110
0000000001000110
0000000100011100
1111010010100101
1111010011101110
1110111111000100
1111000001010011
1110011111101100
1110011110011111
1110001110010101
1110000110100111
1101001001000101
1100111101000111
1101001001011000
1100110000011001
1100010100001110
1100110101010010
1100000001001001
1100000101010111
1011111110011101
1100010010001100
1011011101011111
1011110100011000
1011110111011100
1011100111010110
1011011100001111
1100000100011000
1100001011010111
1100001010110100
1011110001010011
1100000110100111
1100000111000100
1011111101000100
1100001100100101
1100000111010101
1100010011100001
1101011001100011
1101011110100000
1101101100001100
1110000100110100
1101101010001111
1101111011011001
1110101000110110
1110011101110001
1110111001001001
1111001010001000
0000000111110001
1111110101101111
0000110000001101
0000100100101100
0001010101001011
0001100010000001
0001111000111100
0010000011101111
0010001000100010
0010100101010010
0011000110111010
0011000010010001
0011010001100001
0011110110101101
0011111000100101
0011111011101111
0100011101110000
0100100001010110
0100100100011110
0101010011100010
0100111101100010
0100110110011100
0101011011100010
0100111111101001
0100110001000010
0101100110111100
0101000111111101
0101001011101100
0101000010000101
0101010110100000
0100100101101101
0100110101100001
0100001110011010
0100010010110111
0011111000100111
0011111000000111
0011110111000101
0011001100101011
0011001001100011
0011000100101100
0010100110000111
0010101001100101
0010000100001101
0010101011001010
0010001010111111
0001110111110001
0001101001100010
0001100111110000
0001100010111001
0000110111001100
0001000010100001
0000011101101010
0000010100101011
0000100110010011
1111111110110100
0000010010000110
0000010110101111
0000000101110101
0000000110011001
1111111001010100
1111100010010010
1111100001000001
1111101101011110
1111111010100001
1111110100111111
0000001110110001
1111101011101001
0000011010010010
0000100111100000
0000111101111001
0000101001101001
0000100011111001
0001000100010001
0001100011011101
0001110101111001
0001100011101010
0010100101111011
0010100000001100
0011000111111101
0010111000010010
0011100010111011
0011100010011101
0100010010111101
0011110110011111
0100010100011110
0100111011011101
0101010000101011
0101100101011011
0110000001100000
0101111111011110
0110010101110111
0110011110011110
0110010001010000
0110100011011011
0111001101011110
0111000000000100
0111010111011100
0111001001011101
0111110110000001
0111100100101000
0111111110000100
0111100101111011
0111111010001011
0111010100011110
0111010010110101
0111110100001000
0111100011110001
0111101100000010
0111000110010101
0111001100111001
0110111101111100
0110001101011101
0110010010101101
0101110101010011
0101100101000011
0101111101000110
0101100100111001
0101001110000001
0101010110010111
0100011100110101
0100000011001011
0100000110011110
0011101101100100
0011010110010001
0010101110011110
0010101101101010
0010111111011110
0010010110101000
0010010000001100
0001110111000100
0001101100111111
0000111100010011
0000111100111110
0000011011101111
0000111101110110
0000101111100001
0000000111110101
0000100000001011
0000010000001110
1111100111100010
0000000010101001
0000000110001001
0000000000011111
0000001011110000
1111110100101000
1111101001011111
1111101101010001
0000010100101000
0000010100011110
1111110011001011
1111111110011010
0000000111100011
0000001101010111
0000100001011100
0000110001010100
0001001010010001
0001100111000111
0001101000011000
0001010111010101
0001111001011010
0010100100100000
0010011000101111
0010100001111110
0011010010101101
0011010100111011
0011101111101101
0011010011010100
0011101101111010
0011100010010010
0100010110101011
0100101000100111
0100100000001101
0100010100100100
0101000001010110
0100110110000001
0100101100001101
0100110110011110
0101010101010000
0100110001100010
0100110101100100
0101011101010010
0101000111010111
0101011101101111
0101011000011011
0100101011000010
0101001001101110
0100011100100011
0100101011111101
0100110000010001
0100000101000111
0011101000110100
0011100110100100
0011100110001000
0011001010011110
0010110010101100
0010101010010010
0010010010101001
0001101011011101
0001110011001110
0001100010100101
0000100100000001
0001000010010001
0000011110101000
1111100110001011
1111100111110101
1111000010010010
1110111111000101
1110111111000000
1110101100110110
1110100000011001
1110000101100010
1101010100110111
1101000001001010
1101011011010000
1100101110001110
1100001110001110
1100000001010100
1011110100100101
1100011001101010
1100010111011000
1100000110111111
1011100011001100
1011100001010010
1100000100111111
1011111101110111
1011011011111011
1011110000010101
1011011010010001
1011100011001001
1011100010100101
1100011010000110
1100010011101111
1100001101010110
1100101011011100
1100011011111011
1100101000110001
1101000001100110
1101001000110100
1101010010111011
1101111101001101
1101111000100100
1110100101111111
1110101110100001
1111000000111011
1110101011010000
1111001001001000
1111001100111101
1111101101001000
1111101011100110
1111100111100011
0000001000001101
0000011000110011
0000010100100110
0000110000101011
0000110010110111
0000101101101110
0000111100011111
0000101110010111
0001010101101110
0000110100001000
0001000101111000
0001011101110100
0001000101100001
0000110111111101
0000100110101111
0001000010100110
0000111001110100
0000110111000101
0000111010000100
0000001101101010
1111110000011100
0000010000110111
1111100010000000
1111100001101100
1111011110110111
1110100101100010
1110110100011001
1110000000101101
1101101101011011
1110000010100110
1101111001000100
1101101000111110
1101010101001101
1100111000101000
1100010000001110
1100010111110110
1011111101011001
1011100100011000
1010111000101101
1011000011010101
1010111011000111
1010011110010100
1010000001110010
1010010011101111
1001111110100110
1010000100101100
1001111010101110
1001111011111001
1001101010010111
1001000001110000
1001010010110011
1001101111001101
1001101110100010
1001011101010001
1001000000011000
1001101011010011
1001011011110100
1001011011101000
1001100000110110
1001100101110000
1001101101100100
1010011100010111
1010101000001101
1010101001100010
1010111100110101
1010111111010111
1011010101111111
1011011000111111
1100001111010010
1011111111110100
1100100011011000
1100101011011000
1100110101100010
1101110111001100
1101111101001100
1110000011011111
1110101011100110
1110110010101101
1110110010011000
1111010001011001
1111001110010000
1111010001000101
0000001101010010
1111101101100101
0000101010111111
0000100011010100
0000110101100111
0000110110100100
0000111011111000
0000110001001110
0000101011111011
0001010011001000
0001011100010100
0001011100001001
0001001011111001
0000111111111100
0001000100101101
0000110110101001
0000101011010111
0000111001111111
0000010010001111
0000110000100111
0000011000011011
0000101001111101
0000011101110001
1111100001011111
0000000001001111
1110111111010100
1111011001110000
1111001011100000
1110010110101000
1110110001010011
1110001110100110
1101110001110010
1110000000111100
1101101001011011
1101100111011100
1100110001011110
1100110101001101
1100011110111010
1100101100110011
1100000100011000
1100010000101000
1011110001000100
1011100101001101
1011100000001001
1011100010100111
1011110001100001
1011110110111110
1011101110000001
1011110011011110
1011100110001110
1011111111100000
1011100001100001
1011111110011111
1100100001000011
1100000010111001
1100011000000001
1100110101011001
1100100100010100
1101001001100110
1101100001110011
1101100101101100
1110000010011110
1110011000000101
1110101011100001
1110101111010111
1110111111100010
1111001001000100
1111001110100110
1111101101011101
0000001011111100
0000100011111011
0001001000001111
0001100111111100
0001101100001101
0010010001110110
0010001010100001
0010010011001100
0010011010101001
0010110011100110
0011001110001011
0011111110110110
0011011010110010
0100100000101010
0011111111010010
0100011000001101
0100100010100100
0101000001111000
0100111001110010
0101000011100000
0101010000100000
0100111100011010
0101100110101011
0100111011111100
0101001011001001
0101000101000111
0101000110101100
0100100111010001
0101010101110010
0100011011010110
0100101100011110
0100101110010100
0100011111011010
0011111101011111
0100001000011110
0011100000011010
0011011100000000
0011100001011001
0011011101101001
0010100000001110
0010100111011001
0010101110111011
0001111011010111
0001110101001011
0001111000101100
0001101000000010
0000111011011110
0001011100101000
0001000111110010
0000010011001000
0000110001011110
0000001101010101
0000011110100011
1111110001000000
1111110000111011
1111111001110101
0000001011000110
1111110110110100
1111101011101001
0000000001001100
1111111010111110
1111101110010111
1111110011010010
0000001111010101
0000000111110001
1111110010100010
1111111110110110
0000000011101011
0000100110000011
0001000011011111
0000101110011001
0000110000000111
0001000110011000
0001101000111111
0010010000101000
0010100001000101
0010111010100010
0010111111001110
0011011001001101
0011001110100101
0011110101011101
0011101111111100
0100011111101011
0100010001000101
0100110000010110
0101001101101111
0101011011010010
0101011010010010
0110000001110111
0101110011010000
0110010111011100
0110010111001011
0110110101011011
0110101110011001
0111010101110101
0110111010001110
0111100101010001
0111011100110011
0111100101001110
0111100100100000
0111010000100110
0111011010110111
0111111000110010
0111011101101011
0111000100001100
0111101101110111
0111000010111110
0110111100100000
0110101111010100
0110111001100000
0110101100000000
0110110000001010
0101111101001010
0101110010110001
0101110011001101
0101110100100011
0101001101101001
0101000100000011
0100110010001100
0100101111010010
0100001001100101
0011101101000100
0011100100110111
0011100100110100
0010110010001110
0010111111011100
0010010011010011
0010000011001100
0001101000111100
0001110011101000
0001010010111011
0001010011110110
0000110011100010
0000010001111111
0000001000001100
0000100010101001
1111111100001111
0000000101000000
1111100110100101
1111110010000001
1111011001011000
0000000001010000
1111110010101110
1111111111001101
0000001101101101
1111011101000010
0000000101011100
0000011010110001
1111101110101111
0000001010100100
0000000001000011
0000101011101001
0000011111110110
0000011101110010
0000110000100100
0000111110110101
0001100111111000
0001100101111011
0001100010011011
0010010100001001
0010101101001001
0010010000110101
0010110000101001
0010111110100001
0011010100111111
0011111000101111
0011110111111011
0011101011111000
0011110000100000
0100100101110010
0100011010110111
0100111111010100
0101001101100111
0100110011010110
0100110110001110
0100111001111010
0101000000011001
0101010001001100
0101010001001101
0101010101111001
0101100100101000
0100111001110101
0100101111001010
0101010011110111
0100100110101010
0100100100011011
0100101001101100
0100001011100000
0011110111101111
0011101100001100
0011011100011011
0011000100010110
0010110101110110
0010111011100011
0010110001011101
0010011111110010
0010011000001110
0001001110100000
0001011010010010
0001000011100101
0000110101101110
0000100100010010
0000010010011010
1111101100001001
1111001100011011
1110101000000111
1110011111000011
1110110101000101
1101111111010101
1110000100000001
1101110111011100
1100111010001111
1101000001101001
1101000111111111
1100100101010001
1100100001000010
1100000000001000
1100001000100001
1011101100001001
1100000111001001
1011110011011111
1011111001000000
1011010100000100
1011100011111111
1011101010001110
1011011001000101
1011111101101011
1011011100111101
1011110011101001
1011101011011010
1100000101110001
1100001111111001
1100010111011110
1101000010011000
1100101001001010
1100101100111101
1101000110111110
1101001101111111
1101111010111111
1110001101111011
1110000010101000
1110101011011000
1110111010000111
1110100010101010
1110111110001001
1111001000101000
1111011101110101
0000001000010010
0000001101100101
1111111011110001
0000010010111111
0000010010111001
0000100100110101
0000111100110110
0001001010110000
0001010001001100
0000111101110100
0001001111011110
0000110101001000
0001000000101011
0000101101110101
0001010110101111
0001000001110000
0000100101100000
0000100010110000
0001001100011110
0000110000000100
0000010001100111
0000101101101010
0000000101000010
1111100010000111
0000000100110110
1111111001111101
1111010111110000
1111001011000011
1110101100001000
1110100101100001
1110000000110001
1101110000010010
1101100011110110
1100110110000011
1101011001000000
1100011111000111
1100001001010100
1100001011000011
1011101111101101
1011011100100100
1011001011010100
1011001100011011
1010011010001011
1010011011100111
1010100011011100
1001110100101001
1010000110101100
1001100100100000
1001110111110100
1001010101101010
1001011011101101
1001101101010001
1001101000101111
1001010010100111
1001001010100111
1001010111011000
1001011011001010
1001110100000011
1001010100011010
1001011100100011
1001110110111010
1010010000010110
1010010001000100
1001111111101111
1010000111011111
1010111001100011
1011001001111101
1010111110010000
1011101111001111
1011110011111100
1100000101101010
1100101011000000
1100011000000001
1100111110001001
1101001011011011
1101110001111001
1101110100011111
1110001000010001
1110010100001011
1111000000001010
1110101111100111
1110111000000111
1111000010011111
1111110001011111
1111111101010100
0000010110100010
0000001111000010
0000000101010111
0000010000000010
0001000101000100
0000011110010001
0001010001100100
0001000000001010
0000111000000110
0001100100101110
0001001101011101
0000111001011100
0001011101010000
0001010001101001
0001010100011111
0000101000010110
0000110110010011
0000101010100000
0000110000011000
0000110100100100
0000010111101111
0000001100111010
0000001011010111
1111101001001011
1111011001001001
1110111110001011
1111000001111011
1110111110001100
1110010111011110
1110001110010001
1110000011001101
1101011111111100
1110000000011110
1101001011011010
1100110101100100
1101010101001011
1100111001111011
1100100000010111
1100101100110111
1011111101011011
1100000100001101
1100001110100001
1100000000011001
1011100110101100
1011101000011011
1011110100111111
1011100100001101
1011110101100101
1011110000100000
1011110011110110
1011111110100011
1100010111000000
1011110100111110
1100101001110100
1100101101010000
1100101010010100
1100011111010111
1101010101011011
1100110111110011
1101110111011111
1101110100101001
1110000111110000
1101110110101011
1110110110011100
1111010000110010
1110110010000110
1111100100011011
1111111111110111
0000000000110011
0000011101111110
0001010100100000
0001000011010110
0001100111011101
0001101000001001
0001110111110001
0010111011100110
0010100010111011
0010110000101001
0010111101001111
0011011001110000
0100000101010000
0100000001001001
0100010010010010
0100011101011101
0100010001001001
0101001100011111
0100110101001010
0100110010110100
0101011101110111
0100111000101101
0100111001001010
0100111111001010
0101010101000010
0101001110101110
0100111111011100
0101011010000010
0101001101111011
0100011010100001
0100111110101000
0100011100001011
0100010101001011
0011110001000001
0011110100011101
0011101000010110
0011100010110011
0011100100010111
0010101110100001
0010101100110000
0010100111001110
0010000110010001
0010100100101101
0001111100010001
0001100110010010
0001110101010111
0001011111101000
0001001001010000
0000101000010111
0001000101011010
0000110101001111
0000010010111001
0000001110101101
0000001101110001
0000001001001010
0000001001100000
1111110010110010
1111111010011110
1111100011100111
1111101100000100
1111100001011100
1111011101110100
1111100100001100
0000010001001101
0000000100001101
0000010001110010
0000100011101000
0000011000010001
0000011011000001
0000101011011100
0000100111011110
0001001100011101
0001110101011001
0001100000100111
0001110001110110
0010011101100101
0010001010110001
0010011101000100
0010101111111110
0011101101110000
0011111000110101
0011111000001011
0100000001011000
0100101000111001
0101010000000100
0101001110001101
0101001000101001
0101111001000001
0101011100100100
0110011001001111
0110000101111110
0110010010111011
0111001011101101
0111000010101001
0110101100001100
0110111001110111
0111010000011010
0111101011100011
0111001101000000
0111001000010111
0111111001001100
0111010111010001
0111011110001010
0111101100001011
0111110010100011
0111100010001010
0110111100010011
0111001101000010
0111001001100111
0110101001110011
0110101001000000
0110011000001011
0110001110010100
0101110110011110
0101110110111100
0101110010110100
0101100001010011
0100111100000111
0101000010010100
0100011010100111
0011100111010010
0011011101010101
0011011010100100
0011001111111100
0010100010001000
0010010011110011
0010101110001110
0001110111000010
0001101011100111
0001001011011110
0001010010111100
0000101010100011
0000110000101001
0000010000001000
0000011111101100
1111110110110110
0000010001101011
1111111011100111
1111110001011111
1111101000111010
1111110011001110
1111101101110001
0000000001000011
1111101101110110
1111110010011111
1111100011100001
1111111101011001
0000000011111100
0000001110000100
0000010001101100
0000100101000101
0000001100110010
0000111110010100
0001010011000001
0001001100010110
0000111010110111
0001100011001000
0001011000001010
0010010100101001
0010010111101000
0010101110000110
0010010100101100
0010110101010100
0010111100110110
0011001000100101
0011000111111101
0011101001000011
0011100111110011
0011110100101111
0100001101111001
0100100111000100
0100111000111011
0100101101011010
0100100110001111
0100110111101101
0101011111101011
0101000101110101
0101011111111101
0100110111110001
0101001000000001
0101100001100110
0101100001110100
0100111111101101
0100110010111000
0100100011110000
0100100001000100
0100111000001001
0011111101011110
0011111010111010
0011100000000000
0100001000110011
0011000101100010
0011100011010000
0010100100100000
0010010101110100
0010000000000010
0010001110111111
0001101110000010
0001011111000011
0001010101101100
0000110001001011
0000101110011100
1111110011101001
1111111001101100
1111000001011101
1111000111100101
1110110011100100
1110101010011110
1101111011011110
1101101011000001
1101010100010000
1101101010000000
1101001110001100
1101000000000101
1100010011010001
1100100111000000
1011111000011101
1011101101111111
1100000001000001
1100000001101110
1011100100111000
1011011011111010
1011011111010000
1100000010110011
1100000010101000
1011111000101010
1100001000101101
1100010010011101
1100010111011000
1100011011000010
1100001111010111
1100101000011010
1100010010001000
1100100100010011
1101000010010000
1100110011100110
1101000000110111
1101100011001001
1101010011001000
1101101001111111
1110001110010001
1110010111001100
1110100101000001
1111001100001101
1110110110010111
1111100000100011
1111111100000110
1111010111101011
0000010100000110
0000000101111100
0000010011000011
0000100110100110
0000110111000100
0001001101110100
0001010001000100
0000100011001001
0000111100100100
0001001111110010
0000101110000010
0001010000001011
0001001010101010
0001001110011011
0000101111100101
0000111100110010
0000110100011100
0001001001101111
0000100100001101
0000001110011011
0000100111001101
0000000100100111
1111110101010111
1111111010000100
1111100100101010
1110110110110111
1110101000111110
1110100101001111
1110011110010110
1110010110010100
1110010001011111
1101100010001110
1100110011011110
1101001101000010
1100100001010000
1100001011100100
1100010111101101
1011011011110001
1011011010000001
1011011000010111
1010100101100101
1010100110100011
1010111100110100
1010011110100010
1001110001000100
1001101111100010
1001011111000111
1001011110000110
1001110011001111
1001101001010101
1001011110101111
1000111011011001
1001100111101111
1001000100010100
1001010100101011
1000111100110011
1001100100001101
1001011011100111
1001110111011111
1001101001110110
1010010000011001
1001111111100100
1010001001110000
1010000110010111
1011000111100001
1011010011000101
1011001000101101
1011011111000010
1011101100011101
1100011010111011
1011110101111100
1100010101111110
1100101100101111
1100110100000111
1101101010101111
1101110111000011
1101110001000101
1110010010110010
1110011001100001
1110011100000010
1110110011010100
1111011100110011
1111111111001101
0000001110001011
0000010000001011
0000000010000001
0000011110001111
0000111000001000
0000111011000110
0000011010110101
0000110001011101
0000101111111111
0000110101100010
0000110001101011
0000101111011100
0001000011010100
0000111000011101
0000101110100001
0000111100100001
0000101110010100
0001001000010000
0000010001100001
0000111110101010
0000110011000111
0000101001111000
0000010100101010
1111011011110101
1111011100110111
1111100111101011
1110110110001010
1111010111000001
1110101100111101
1110111100001000
1110001100010111
1110010100000001
1101011001110011
1101101011101001
1101010001010111
1101001111000111
1100101100111101
1101000010110101
1100001011111001
1100001010100101
1100001111011101
1100100001010001
1011100111011011
1011110110100111
1011100100000110
1100000010100011
1011101110110010
1011111100110011
1011011101111101
1100000000101011
1011011000010111
1100000100100101
1100010111010101
1011111011001111
1100000011101101
1100011011000101
1100110000001100
1100100100101010
1101001111110101
1101011110011110
1101011011111110
1101101001111010
1101101011001100
1110010110110001
1110010100111100
1110110101010000
1110111101100111
1111101110000110
0000001011101011
0000000001111001
0000011100011011
0000111100011110
0001000101010011
0001111010101010
0001101001001100
0010000111000110
0010010110010100
0010101101010000
0010111000111010
0011011110111010
0011011011010000
0100010001001010
0011111111011011
0100000001010100
0100000010100100
0100110111011100
0100101110001101
0100100010010100
0100100011100100
0100110100101001
0101011001000110
0101011101000111
0100110111100111
0101010010111000
0101001101111000
0100110101000000
0101001100111000
0101010111101010
0101000110101001
0100111011001111
0100011100010001
0011111011111110
0100001001000001
0011110111001010
0100000100100001
0011100011000111
0011100100111000
0011100100001110
0011000111100111
0010011000001011
0010010011110001
0010011111010011
0001110011110001
0010000010001101
0001010010100011
0001001110010111
0001100000001111
0001010110011000
0000111101000110
0000101010010111
1111111111110110
0000000110101100
1111111000110001
0000000010011100
0000000100101000
1111100101110010
1111111011100110
1111011010011001
0000000011100000
1111011100110111
1111111000010000
1111111100110000
0000001000111100
0000000010000111
0000000001011101
1111111110110110
0000100000010100
0000110110111100
0000111111000101
0001001100010010
0001010110111001
0001101100101000
0001011000100011
0001101001101110
0001111011111000
0010101101011010
0011001000001010
0010110011110100
0011001101010110
0011110100011111
0011100000100101
0100010010011110
0100100111111110
0100110001100000
0100101011100100
0101110011110101
0101001110100011
0101011111000101
0101110010001101
0110001011110011
0110110000000100
0110011010111010
0110111100010101
0110101110100010
0111011001010110
0111001000110100
0111011001100000
0111101000011100
0111001001000000
0111111011101011
0111111111111111
0111010010101101
0111001101101101
0111001101001111
0111011010111101
0111100111001001
0110111110010001
0110111100010101
0110110001100011
0110101101011001
0110100111011100
0110011001010111
0101110000001001
0101011000010000
0101000111001111
0100110110010110
0100110001111010
0100110101000100
0100001110101011
0100001110001101
0011100111011001
0011000000101101
0010110110010101
0011001011100011
0010100111100101
0001110111101010
0001101101101111
0001011101000010
0001001000101001
0001011110111100
0000110011001100
0001000011010111
0000101010000111
0000110110001000
0000101110011001
1111101111100000
0000011101011001
1111110001000000
1111110011101010
1111111111000001
0000001001000100
1111110010001101
1111011001111000
1111110010110101
1111111000000011
1111100111000010
1111110011100011
0000011111011010
0000100110000111
0000000101110111
0000110001011101
0000011101101010
0001001000010101
0000111110001110
0001010111011011
0001100000111000
0001101101001101
0001011111101000
0010000101101101
0001111101011010
0010001100101011
0010110101011101
0011000111001001
0011101110000111
0011110001110111
0011011100011011
0100000011110001
0100010111010000
0100000000110101
0100100100001000
0101000001011110
0100101111110011
0101001001001101
0101000110010100
0100101010010110
0100110000000101
0101001000111100
0101000111011010
0101100111010100
0101001100001101
0101011111101010
0100101011011100
0100101000110011
0100101100111101
0100110110000111
0100111100110100
0011111100011001
0011110001111011
0011100011100000
0011110110101000
0011110100001011
0010110010110011
0010111110101011
0010010111001000
0010101110010100
0001111001100100
0001101011011110
0001010110001101
0001000101101101
0000100011010110
1111111111001111
0000000110000111
1111101100001000
1111010101111001
1110101100001111
1110100010011001
1110011001011011
1110010011111010
1110000000100101
1101101110011111
1101001101010100
1101000111000111
1100100110010101
1100101101100010
1100100010011001
1100100111110011
1100001101101001
1100011011111101
1100010001000101
1011010111110001
1100001001001011
1011011111011010
1100001001000101
1011111001110010
1011111101000101
1100001001111001
1011110100100011
1100011001011110
1100010101001000
1100010000010101
1100000101010011
1100100010100110
1100010101000110
1100110100110001
1100111010000000
1101100010101111
1101110001000101
1101110001111010
1110001000110110
1101110011000011
1110001111111000
1110010000011111
1111010000100011
1110111011110000
1111101011000000
1111011101111010
1111101110010100
1111111001101101
0000100101101110
0000011011011001
0000001110100110
0000101101100010
0001001100001001
0001000010101011
0000100011001010
0000111110000101
0001001101010101
0000111011011010
0001011101010100
0000111101011000
0000110111100110
0000110100100001
0000110011001100
0001001100011011
0000110101011000
0000101010010001
0000100101111110
0000011110010110
0000001101111111
0000010100000000
1111101101101011
1111110001111111
1111100110101100
1111000100001001
1111000001000101
1110001010000100
1110000111010110
1101101111001001
1101011110101101
1101001111110110
1100100101011100
1100101110101011
1011111011110111
1011101000011111
1011110101110101
1011001011000100
1011011011101011
1011001110100010
1010100010100101
1010010100001000
1010101111100010
1001111111111111
1001111100000000
1010001000001001
1001010100101001
1001011101011010
1001110001101000
1001100110100001
1001100100101100
1001000100111000
1001100010011011
1001000101101011
1001010101011010
1001000001001110
1001100010101011
1001100010011101
1010000111010010
1001100111010001
1001101001101011
1010010110000011
1010100001111000
1010110000101010
1010110001111011
1011001110010010
1011010101101100
1100000110010010
1100010100001101
1100101100111011
1100011101100000
1101001110100110
1101000111001110
1101100101111011
1101110000111000
1110011101111111
1110101011101011
1110101110010100
1110101111101000
1110111110001011
1111110000010110
1111010010010101
1111101011101000
0000011000110110
0000011110010100
0000100100101101
0000011001011111
0000111100101101
0001001101110000
0000111110010011
0001000101110100
0001011100001111
0001011101001010
0001001111011110
0001001000011001
0000101011110100
0000111000000001
0001000100100011
0001001101011111
0000111111101011
0000100011000011
0000011101100001
0000011011010110
1111111100011111
1111111110101110
1111110000101101
1111010111111011
1111001111001011
1110111110110100
1110110011011101
1110110010000101
1110110011001101
1110000101101101
1110010111110110
1110000010000100
1101011011000010
1101001001000110
1101010110101011
1100111000101110
1100100101010010
1100111011100010
1100100101000000
1100011110110111
1011111010010001
1100000110011101
1011100111000101
1011100000110111
1011111011011110
1011011110011011
1011111100100010
1011010101000101
1011100000101110
1011101010011010
1011111101011111
1011111000011000
1100001011011001
1100001001101011
1100010010111001
1100101111011101
1101000101010100
1100110000000111
1100110001111000
1101100100111100
1110000000010101
1110001111101000
1110010001000011
1110111001100000
1110101011010000
1111000111000110
1111111110000010
1111110110111111
0000010000000110
0000001010010001
0001000000001101
0001010111111111
0001110010011101
0010000010011000
0010000010101110
0010111011111010
0010110011111100
0011010111100101
0011010000110001
0011100110001010
0100000011010010
0100001001010101
0100000010000011
0100001110000110
0100100000000100
0100111001101100
0101000001100111
0100100110010111
0101100001001001
0101000010010000
0100111111011010
0100111101010001
0100110001011010
0101001100001101
0101001101101110
0100110000110000
0100101011101000
0100011011011001
0100101110100101
0100011010000011
0011111111000111
0100010101011101
0100011100000001
;