0100000101111000
0011011011111010
0010101010101010
0001111111101110
0001100110000111
0001100010000110
0001101111101000
0010000011111001
0010010001100010
0010001101110000
0001110100011111
0001001010000000
0000011001010100
1111110000000000
1111011001000100
1111011000110001
1111101011000001
0000000101000000
0000011001010010
0000011101000011
0000001100001010
1111101010110111
1111000100000110
1110100101011000
1110011001101000
1110100101000100
1111000011100000
1111101010000011
0000001011001101
0000011100000011
0000011000011001
0000000100010111
1111101010110101
1111011001001111
1111011010011010
1111110010011111
0000011101001100
0001001111100100
0001111100000010
0010010111100110
0010011101111111
0010010011010011
0010000010010100
0001111000011011
0010000000011011
0010011110010111
0011001101111110
0100000100001111
0100110011100011
0101010000111010
0101011000000010
0101001100111111
0100111010100100
0100101110001010
0100110010100110
0101001011111010
0101110101111001
0110100101100010
0111001101010010
0111100010001010
0111011111111101
0111001010110001
0110101101011110
0110010101100000
0110001101110001
0110011010011000
0110110111001011
0111011001010000
0111110011001000
0111111001111011
0111101001011111
0111000110000000
0110011010011100
0101110100010101
0101011110101000
0101011101100100
0101101101000100
0110000010010001
0110001111110010
0110001010110011
0101101111010000
0101000001011000
0100001100001101
0011011101010101
0010111111110000
0010110111110000
0011000001010001
0011010001100001
0011011011000111
0011010011010001
0010110101111010
0010000111010101
0001010010100010
0000100101000110
0000001010000001
0000000101100100
0000010011101001
0000101001011100
0000111001100011
0000111001000111
0000100100000010
1111111110100010
1111010011100011
1110110000101000
1110100000101010
1110100111111000
1111000010000110
1111100100011011
0000000001010111
0000001101111111
0000000110001000
1111101101111001
1111010000001010
1110111010010111
1110110111010111
1111001011010000
1111110001110010
0000100000000000
0001001000010101
0001011111110000
0001100010000010
0001010011001111
0000111110001011
0000110000001101
0000110100001001
0001001110000011
0001111001101001
0010101011111010
0011010111010000
0011110000101011
0011110011110111
0011100100111010
0011001110101000
0010111110010111
0010111110111110
0011010100100000
0011111010101110
0100100110101000
0101001010101011
0101011011111000
0101010110000010
0100111101010000
0100011100011000
0100000000111001
0011110101101001
0011111110110011
0100011000001100
0100110110111000
0101001101011011
0101010000111010
0100111101001101
0100010110100001
0011100111110010
0010111110100011
0010100101110001
0010100001101011
0010101110001010
0011000000011011
0011001011000011
0011000011001110
0010100100110111
0001110100010000
0000111100011001
0000001010110111
1111101010101100
1111100000001001
1111100111001011
1111110100111111
1111111100001101
1111110010000010
1111010010011010
1110100001100111
1101101010101010
1100111011000111
1100011110000000
1100010111100100
1100100011101110
1100110111101010
1101000101111101
1101000011110001
1100101101000000
1100000101111000
1011011001010101
1010110100111010
1010100011100000
1010101001010110
1011000010010000
1011100011010100
1011111111000100
1100001010100101
1100000001101001
1011101000011011
1011001001110000
1010110011000110
1010101111010011
1011000010011100
1011101000010100
1100010101111011
1100111101101101
1101010100101010
1101010110100010
1101000111011001
1100110010000011
1100100011111000
1100100111101011
1101000001100000
1101101101000101
1110011111011010
1111001010111000
1111100100011110
1111100111111011
1111011001010011
1111000011011001
1110110011100101
1110110100101101
1111001010110100
1111110001101100
0000011110010011
0001000011001000
0001010101001100
0001010000010000
0000111000011100
0000011000100111
1111111110001110
1111110100001001
1111111110100010
0000011001001101
0000111001010000
0001010001001110
0001010110001100
0001000100000010
0000011110111100
1111110001111000
1111001010010111
1110110011010111
1110110001000111
1110111111100001
1111010011101111
1111100000011001
1111011010101001
1110111110011011
1110010000000000
1101011010011001
1100101011001011
1100001101010111
1100000101001111
1100001110101111
1100011111000100
1100101000110111
1100100001010100
1100000100011000
1011010110010100
1010100010001001
1001110101011011
1001011011001100
1001010111101011
1001100110110100
1001111101110001
1010001111001001
1010010000000100
1001111100011101
1001011000100010
1000101111001111
1000001110000101
1000000000000001
1000001001001110
1000100101100010
1001001010000011
1001101001010010
1001111000010100
1001110010111100
1001011101010011
1001000010010001
1000101111010001
1000101111001001
1001000110000001
1001101111101001
1010100001000010
1011001100101000
1011100111011011
1011101101001011
1011100001111011
1011010000100000
1011000110010001
1011001110000010
1011101011110110
1100011011011100
1101010001110010
1110000001010011
1110011110111110
1110100110100000
1110011011111110
1110001010001011
1101111110100000
1110000011110001
1110011110000010
1111001001000100
1111111001110111
0000100010110111
0000111001000111
0000111000011000
0000100100110001
0000001001001010
1111110010111110
1111101101000111
1111111011101110
0000011010100111
0000111110111000
0001011011000100
0001100100001111
0001010110010011
0000110101011010
0000001100100011
1111101001001111
1111010110011011
1111011000010110
1111101010111011
0000000011010011
0000010100000110
0000010010011110
1111111010011000
1111010000000100
1110011110100010
1101110011011001
1101011001101001
1101010101100011
1101100011000100
1101110111011001
1110000101001010
1110000001100100
1101101000100011
1100111110011001
1100001110000101
1011100101001110
1011001110110100
1011001111000110
1011100001111111
1011111100101011
1100010001110000
1100010110010110
1100000110011000
1011100110000011
1011000000010101
1010100010101101
1010011000001000
1010100100110010
1011000100100001
1011101100011011
1100001111000000
1100100001010100
1100011111001101
1100001100110010
1011110100111011
1011100101000011
1011101000000001
1100000001111011
1100101110100011
1101100010111000
1110010001010111
1110101111000000
1110110111100011
1110101111000011
1110100000010100
1110011000101111
1110100011000110
1111000011011101
1111110101100010
0000101110010100
0001100000001101
0010000000001101
0010001010000000
0010000001101100
0001110010000011
0001101000011110
0001101111110010
0010001100000010
0010111000111111
0011101011101001
0100010110011101
0100101110011101
0100101111011010
0100011101011011
0100000011010111
0011101110101100
0011101010010001
0011111010010000
0100011010011101
0100111111111111
0101011101010110
0101100111101010
0101011010110001
0100111010111000
0100010010111100
0011110000011111
0011011110011111
0011100001001001
0011110100011001
0100001101011000
0100011110101101
0100011101100100
0100000101111000
0011011011111010
0010101010101010
0001111111101110
0001100110000111
0001100010000110
0001101111101000
0010000011111001
0010010001100010
0010001101110000
0001110100011111
0001001010000000
0000011001010100
1111110000000000
1111011001000100
1111011000110001
1111101011000001
0000000101000000
0000011001010010
0000011101000011
0000001100001010
1111101010110111
1111000100000110
1110100101011000
1110011001101000
1110100101000100
1111000011100000
1111101010000011
0000001011001101
0000011100000011
0000011000011001
0000000100010111
1111101010110101
1111011001001111
1111011010011010
1111110010011111
0000011101001100
0001001111100100
0001111100000010
0010010111100110
0010011101111111
0010010011010011
0010000010010100
0001111000011011
0010000000011011
0010011110010111
0011001101111110
0100000100001111
0100110011100011
0101010000111010
0101011000000010
0101001100111111
0100111010100100
0100101110001010
0100110010100110
0101001011111010
0101110101111001
0110100101100010
0111001101010010
0111100010001010
0111011111111101
0111001010110001
0110101101011110
0110010101100000
0110001101110001
0110011010011000
0110110111001011
0111011001010000
0111110011001000
0111111001111011
0111101001011111
0111000110000000
0110011010011100
0101110100010101
0101011110101000
0101011101100100
0101101101000100
0110000010010001
0110001111110010
0110001010110011
0101101111010000
0101000001011000
0100001100001101
0011011101010101
0010111111110000
0010110111110000
0011000001010001
0011010001100001
0011011011000111
0011010011010001
0010110101111010
0010000111010101
0001010010100010
0000100101000110
0000001010000001
0000000101100100
0000010011101001
0000101001011100
0000111001100011
0000111001000111
0000100100000010
1111111110100010
1111010011100011
1110110000101000
1110100000101010
1110100111111000
1111000010000110
1111100100011011
0000000001010111
0000001101111111
0000000110001000
1111101101111001
1111010000001010
1110111010010111
1110110111010111
1111001011010000
1111110001110010
0000100000000000
0001001000010101
0001011111110000
0001100010000010
0001010011001111
0000111110001011
0000110000001101
0000110100001001
0001001110000011
0001111001101001
0010101011111010
0011010111010000
0011110000101011
0011110011110111
0011100100111010
0011001110101000
0010111110010111
0010111110111110
0011010100100000
0011111010101110
0100100110101000
0101001010101011
0101011011111000
0101010110000010
0100111101010000
0100011100011000
0100000000111001
0011110101101001
0011111110110011
0100011000001100
0100110110111000
0101001101011011
0101010000111010
0100111101001101
0100010110100001
0011100111110010
0010111110100011
0010100101110001
0010100001101011
0010101110001010
0011000000011011
0011001011000011
0011000011001110
0010100100110111
0001110100010000
0000111100011001
0000001010110111
1111101010101100
1111100000001001
1111100111001011
1111110100111111
1111111100001101
1111110010000010
1111010010011010
1110100001100111
1101101010101010
1100111011000111
1100011110000000
1100010111100100
1100100011101110
1100110111101010
1101000101111101
1101000011110001
1100101101000000
1100000101111000
1011011001010101
1010110100111010
1010100011100000
1010101001010110
1011000010010000
1011100011010100
1011111111000100
1100001010100101
1100000001101001
1011101000011011
1011001001110000
1010110011000110
1010101111010011
1011000010011100
1011101000010100
1100010101111011
1100111101101101
1101010100101010
1101010110100010
1101000111011001
1100110010000011
1100100011111000
1100100111101011
1101000001100000
1101101101000101
1110011111011010
1111001010111000
1111100100011110
1111100111111011
1111011001010011
1111000011011001
1110110011100101
1110110100101101
1111001010110100
1111110001101100
0000011110010011
0001000011001000
0001010101001100
0001010000010000
0000111000011100
0000011000100111
1111111110001110
1111110100001001
1111111110100010
0000011001001101
0000111001010000
0001010001001110
0001010110001100
0001000100000010
0000011110111100
1111110001111000
1111001010010111
1110110011010111
1110110001000111
1110111111100001
1111010011101111
1111100000011001
1111011010101001
1110111110011011
1110010000000000
1101011010011001
1100101011001011
1100001101010111
1100000101001111
1100001110101111
1100011111000100
1100101000110111
1100100001010100
1100000100011000
1011010110010100
1010100010001001
1001110101011011
1001011011001100
1001010111101011
1001100110110100
1001111101110001
1010001111001001
1010010000000100
1001111100011101
1001011000100010
1000101111001111
1000001110000101
1000000000000001
1000001001001110
1000100101100010
1001001010000011
1001101001010010
1001111000010100
1001110010111100
1001011101010011
1001000010010001
1000101111010001
1000101111001001
1001000110000001
1001101111101001
1010100001000010
1011001100101000
1011100111011011
1011101101001011
1011100001111011
1011010000100000
1011000110010001
1011001110000010
1011101011110110
1100011011011100
1101010001110010
1110000001010011
1110011110111110
1110100110100000
1110011011111110
1110001010001011
1101111110100000
1110000011110001
1110011110000010
1111001001000100
1111111001110111
0000100010110111
0000111001000111
0000111000011000
0000100100110001
0000001001001010
1111110010111110
1111101101000111
1111111011101110
0000011010100111
0000111110111000
0001011011000100
0001100100001111
0001010110010011
0000110101011010
0000001100100011
1111101001001111
1111010110011011
1111011000010110
1111101010111011
0000000011010011
0000010100000110
0000010010011110
1111111010011000
1111010000000100
1110011110100010
1101110011011001
1101011001101001
1101010101100011
1101100011000100
1101110111011001
1110000101001010
1110000001100100
1101101000100011
1100111110011001
1100001110000101
1011100101001110
1011001110110100
1011001111000110
1011100001111111
1011111100101011
1100010001110000
1100010110010110
1100000110011000
1011100110000011
1011000000010101
1010100010101101
1010011000001000
1010100100110010
1011000100100001
1011101100011011
1100001111000000
1100100001010100
1100011111001101
1100001100110010
1011110100111011
1011100101000011
1011101000000001
1100000001111011
1100101110100011
1101100010111000
1110010001010111
1110101111000000
1110110111100011
1110101111000011
1110100000010100
1110011000101111
1110100011000110
1111000011011101
1111110101100010
0000101110010100
0001100000001101
0010000000001101
0010001010000000
0010000001101100
0001110010000011
0001101000011110
0001101111110010
0010001100000010
0010111000111111
0011101011101001
0100010110011101
0100101110011101
0100101111011010
0100011101011011
0100000011010111
0011101110101100
0011101010010001
0011111010010000
0100011010011101
0100111111111111
0101011101010110
0101100111101010
0101011010110001
0100111010111000
0100010010111100
0011110000011111
0011011110011111
0011100001001001
0011110100011001
0100001101011000
0100011110101101
0100011101100100
0100000101111000
0011011011111010
0010101010101010
0001111111101110
0001100110000111
0001100010000110
0001101111101000
0010000011111001
0010010001100010
0010001101110000
0001110100011111
0001001010000000
0000011001010100
1111110000000000
1111011001000100
1111011000110001
1111101011000001
0000000101000000
0000011001010010
0000011101000011
0000001100001010
1111101010110111
1111000100000110
1110100101011000
1110011001101000
1110100101000100
1111000011100000
1111101010000011
0000001011001101
0000011100000011
0000011000011001
0000000100010111
1111101010110101
1111011001001111
1111011010011010
1111110010011111
0000011101001100
0001001111100100
0001111100000010
0010010111100110
0010011101111111
0010010011010011
0010000010010100
0001111000011011
0010000000011011
0010011110010111
0011001101111110
0100000100001111
0100110011100011
0101010000111010
0101011000000010
0101001100111111
0100111010100100
0100101110001010
0100110010100110
0101001011111010
0101110101111001
0110100101100010
0111001101010010
0111100010001010
0111011111111101
0111001010110001
0110101101011110
0110010101100000
0110001101110001
0110011010011000
0110110111001011
0111011001010000
0111110011001000
0111111001111011
0111101001011111
0111000110000000
0110011010011100
0101110100010101
0101011110101000
0101011101100100
0101101101000100
0110000010010001
0110001111110010
0110001010110011
0101101111010000
0101000001011000
0100001100001101
0011011101010101
0010111111110000
0010110111110000
0011000001010001
0011010001100001
0011011011000111
0011010011010001
0010110101111010
0010000111010101
0001010010100010
0000100101000110
0000001010000001
0000000101100100
0000010011101001
0000101001011100
0000111001100011
0000111001000111
0000100100000010
1111111110100010
1111010011100011
1110110000101000
1110100000101010
1110100111111000
1111000010000110
1111100100011011
0000000001010111
0000001101111111
0000000110001000
1111101101111001
1111010000001010
1110111010010111
1110110111010111
1111001011010000
1111110001110010
0000100000000000
0001001000010101
0001011111110000
0001100010000010
0001010011001111
0000111110001011
0000110000001101
0000110100001001
0001001110000011
0001111001101001
0010101011111010
0011010111010000
0011110000101011
0011110011110111
0011100100111010
0011001110101000
0010111110010111
0010111110111110
0011010100100000
0011111010101110
0100100110101000
0101001010101011
0101011011111000
0101010110000010
0100111101010000
0100011100011000
0100000000111001
0011110101101001
0011111110110011
0100011000001100
0100110110111000
0101001101011011
0101010000111010
0100111101001101
0100010110100001
0011100111110010
0010111110100011
0010100101110001
0010100001101011
0010101110001010
0011000000011011
0011001011000011
0011000011001110
0010100100110111
0001110100010000
0000111100011001
0000001010110111
1111101010101100
1111100000001001
1111100111001011
1111110100111111
1111111100001101
1111110010000010
1111010010011010
1110100001100111
1101101010101010
1100111011000111
1100011110000000
1100010111100100
1100100011101110
1100110111101010
1101000101111101
1101000011110001
1100101101000000
1100000101111000
1011011001010101
1010110100111010
1010100011100000
1010101001010110
1011000010010000
1011100011010100
1011111111000100
1100001010100101
1100000001101001
1011101000011011
1011001001110000
1010110011000110
1010101111010011
1011000010011100
1011101000010100
1100010101111011
1100111101101101
1101010100101010
1101010110100010
1101000111011001
1100110010000011
1100100011111000
1100100111101011
1101000001100000
1101101101000101
1110011111011010
1111001010111000
1111100100011110
1111100111111011
1111011001010011
1111000011011001
1110110011100101
1110110100101101
1111001010110100
1111110001101100
0000011110010011
0001000011001000
0001010101001100
0001010000010000
0000111000011100
0000011000100111
1111111110001110
1111110100001001
1111111110100010
0000011001001101
0000111001010000
0001010001001110
0001010110001100
0001000100000010
0000011110111100
1111110001111000
1111001010010111
1110110011010111
1110110001000111
1110111111100001
1111010011101111
1111100000011001
1111011010101001
1110111110011011
1110010000000000
1101011010011001
1100101011001011
1100001101010111
1100000101001111
1100001110101111
1100011111000100
1100101000110111
1100100001010100
1100000100011000
1011010110010100
1010100010001001
1001110101011011
1001011011001100
1001010111101011
1001100110110100
1001111101110001
1010001111001001
1010010000000100
1001111100011101
1001011000100010
1000101111001111
1000001110000101
1000000000000001
1000001001001110
1000100101100010
1001001010000011
1001101001010010
1001111000010100
1001110010111100
1001011101010011
1001000010010001
1000101111010001
1000101111001001
1001000110000001
1001101111101001
1010100001000010
1011001100101000
1011100111011011
1011101101001011
1011100001111011
1011010000100000
1011000110010001
1011001110000010
1011101011110110
1100011011011100
1101010001110010
1110000001010011
1110011110111110
1110100110100000
1110011011111110
1110001010001011
1101111110100000
1110000011110001
1110011110000010
1111001001000100
1111111001110111
0000100010110111
0000111001000111
0000111000011000
0000100100110001
0000001001001010
1111110010111110
1111101101000111
1111111011101110
0000011010100111
0000111110111000
0001011011000100
0001100100001111
0001010110010011
0000110101011010
0000001100100011
1111101001001111
1111010110011011
1111011000010110
1111101010111011
0000000011010011
0000010100000110
0000010010011110
1111111010011000
1111010000000100
1110011110100010
1101110011011001
1101011001101001
1101010101100011
1101100011000100
1101110111011001
1110000101001010
1110000001100100
1101101000100011
1100111110011001
1100001110000101
1011100101001110
1011001110110100
1011001111000110
1011100001111111
1011111100101011
1100010001110000
1100010110010110
1100000110011000
1011100110000011
1011000000010101
1010100010101101
1010011000001000
1010100100110010
1011000100100001
1011101100011011
1100001111000000
1100100001010100
1100011111001101
1100001100110010
1011110100111011
1011100101000011
1011101000000001
1100000001111011
1100101110100011
1101100010111000
1110010001010111
1110101111000000
1110110111100011
1110101111000011
1110100000010100
1110011000101111
1110100011000110
1111000011011101
1111110101100010
0000101110010100
0001100000001101
0010000000001101
0010001010000000
0010000001101100
0001110010000011
0001101000011110
0001101111110010
0010001100000010
0010111000111111
0011101011101001
0100010110011101
0100101110011101
0100101111011010
0100011101011011
0100000011010111
0011101110101100
0011101010010001
0011111010010000
0100011010011101
0100111111111111
0101011101010110
0101100111101010
0101011010110001
0100111010111000
0100010010111100
0011110000011111
0011011110011111
0011100001001001
0011110100011001
0100001101011000
0100011110101101
0100011101100100
0100000101111000
0011011011111010
0010101010101010
0001111111101110
0001100110000111
0001100010000110
0001101111101000
0010000011111001
0010010001100010
0010001101110000
0001110100011111
0001001010000000
0000011001010100
1111110000000000
1111011001000100
1111011000110001
1111101011000001
0000000101000000
0000011001010010
0000011101000011
0000001100001010
1111101010110111
1111000100000110
1110100101011000
1110011001101000
1110100101000100
1111000011100000
1111101010000011
0000001011001101
0000011100000011
0000011000011001
0000000100010111
1111101010110101
1111011001001111
1111011010011010
1111110010011111
0000011101001100
0001001111100100
0001111100000010
0010010111100110
0010011101111111
0010010011010011
0010000010010100
0001111000011011
0010000000011011
0010011110010111
0011001101111110
0100000100001111
0100110011100011
0101010000111010
0101011000000010
0101001100111111
0100111010100100
0100101110001010
0100110010100110
0101001011111010
0101110101111001
0110100101100010
0111001101010010
0111100010001010
0111011111111101
0111001010110001
0110101101011110
0110010101100000
0110001101110001
0110011010011000
0110110111001011
0111011001010000
0111110011001000
0111111001111011
0111101001011111
0111000110000000
0110011010011100
0101110100010101
0101011110101000
0101011101100100
0101101101000100
0110000010010001
0110001111110010
0110001010110011
0101101111010000
0101000001011000
0100001100001101
0011011101010101
0010111111110000
0010110111110000
0011000001010001
0011010001100001
0011011011000111
0011010011010001
0010110101111010
0010000111010101
0001010010100010
0000100101000110
0000001010000001
0000000101100100
0000010011101001
0000101001011100
0000111001100011
0000111001000111
0000100100000010
1111111110100010
1111010011100011
1110110000101000
1110100000101010
1110100111111000
1111000010000110
1111100100011011
0000000001010111
0000001101111111
0000000110001000
1111101101111001
1111010000001010
1110111010010111
1110110111010111
1111001011010000
1111110001110010
0000100000000000
0001001000010101
0001011111110000
0001100010000010
0001010011001111
0000111110001011
0000110000001101
0000110100001001
0001001110000011
0001111001101001
0010101011111010
0011010111010000
0011110000101011
0011110011110111
0011100100111010
0011001110101000
0010111110010111
0010111110111110
0011010100100000
0011111010101110
0100100110101000
0101001010101011
0101011011111000
0101010110000010
0100111101010000
0100011100011000
0100000000111001
0011110101101001
0011111110110011
0100011000001100
0100110110111000
0101001101011011
0101010000111010
0100111101001101
0100010110100001
0011100111110010
0010111110100011
0010100101110001
0010100001101011
0010101110001010
0011000000011011
0011001011000011
0011000011001110
0010100100110111
0001110100010000
0000111100011001
0000001010110111
1111101010101100
1111100000001001
1111100111001011
1111110100111111
1111111100001101
1111110010000010
1111010010011010
1110100001100111
1101101010101010
1100111011000111
1100011110000000
1100010111100100
1100100011101110
1100110111101010
1101000101111101
1101000011110001
1100101101000000
1100000101111000
1011011001010101
1010110100111010
1010100011100000
1010101001010110
1011000010010000
1011100011010100
1011111111000100
1100001010100101
1100000001101001
1011101000011011
1011001001110000
1010110011000110
1010101111010011
1011000010011100
1011101000010100
1100010101111011
1100111101101101
1101010100101010
1101010110100010
1101000111011001
1100110010000011
1100100011111000
1100100111101011
1101000001100000
1101101101000101
1110011111011010
1111001010111000
1111100100011110
1111100111111011
1111011001010011
1111000011011001
1110110011100101
1110110100101101
1111001010110100
1111110001101100
0000011110010011
0001000011001000
0001010101001100
0001010000010000
0000111000011100
0000011000100111
1111111110001110
1111110100001001
1111111110100010
0000011001001101
0000111001010000
0001010001001110
0001010110001100
0001000100000010
0000011110111100
1111110001111000
1111001010010111
1110110011010111
1110110001000111
1110111111100001
1111010011101111
1111100000011001
1111011010101001
1110111110011011
1110010000000000
1101011010011001
1100101011001011
1100001101010111
1100000101001111
1100001110101111
1100011111000100
1100101000110111
1100100001010100
1100000100011000
1011010110010100
1010100010001001
1001110101011011
1001011011001100
1001010111101011
1001100110110100
1001111101110001
1010001111001001
1010010000000100
1001111100011101
1001011000100010
1000101111001111
1000001110000101
1000000000000001
1000001001001110
1000100101100010
1001001010000011
1001101001010010
1001111000010100
1001110010111100
1001011101010011
1001000010010001
1000101111010001
1000101111001001
1001000110000001
1001101111101001
1010100001000010
1011001100101000
1011100111011011
1011101101001011
1011100001111011
1011010000100000
1011000110010001
1011001110000010
1011101011110110
1100011011011100
1101010001110010
1110000001010011
1110011110111110
1110100110100000
1110011011111110
1110001010001011
1101111110100000
1110000011110001
1110011110000010
1111001001000100
1111111001110111
0000100010110111
0000111001000111
0000111000011000
0000100100110001
0000001001001010
1111110010111110
1111101101000111
1111111011101110
0000011010100111
0000111110111000
0001011011000100
0001100100001111
0001010110010011
0000110101011010
0000001100100011
1111101001001111
1111010110011011
1111011000010110
1111101010111011
0000000011010011
0000010100000110
0000010010011110
1111111010011000
1111010000000100
1110011110100010
1101110011011001
1101011001101001
1101010101100011
1101100011000100
1101110111011001
1110000101001010
1110000001100100
1101101000100011
1100111110011001
1100001110000101
1011100101001110
1011001110110100
1011001111000110
1011100001111111
1011111100101011
1100010001110000
1100010110010110
1100000110011000
1011100110000011
1011000000010101
1010100010101101
1010011000001000
1010100100110010
1011000100100001
1011101100011011
1100001111000000
1100100001010100
1100011111001101
1100001100110010
1011110100111011
1011100101000011
1011101000000001
1100000001111011
1100101110100011
1101100010111000
1110010001010111
1110101111000000
1110110111100011
1110101111000011
1110100000010100
1110011000101111
1110100011000110
1111000011011101
1111110101100010
0000101110010100
0001100000001101
0010000000001101
0010001010000000
0010000001101100
0001110010000011
0001101000011110
0001101111110010
0010001100000010
0010111000111111
0011101011101001
0100010110011101
0100101110011101
0100101111011010
0100011101011011
0100000011010111
0011101110101100
0011101010010001
0011111010010000
0100011010011101
0100111111111111
0101011101010110
0101100111101010
0101011010110001
0100111010111000
0100010010111100
0011110000011111
0011011110011111
0011100001001001
0011110100011001
0100001101011000
0100011110101101
0100011101100100
0100000101111000
0011011011111010
0010101010101010
0001111111101110
0001100110000111
0001100010000110
0001101111101000
0010000011111001
0010010001100010
0010001101110000
0001110100011111
0001001010000000
0000011001010100
1111110000000000
1111011001000100
1111011000110001
1111101011000001
0000000101000000
0000011001010010
0000011101000011
0000001100001010
1111101010110111
1111000100000110
1110100101011000
1110011001101000
1110100101000100
1111000011100000
1111101010000011
0000001011001101
0000011100000011
0000011000011001
0000000100010111
1111101010110101
1111011001001111
1111011010011010
1111110010011111
0000011101001100
0001001111100100
0001111100000010
0010010111100110
0010011101111111
0010010011010011
0010000010010100
0001111000011011
0010000000011011
0010011110010111
0011001101111110
0100000100001111
0100110011100011
0101010000111010
0101011000000010
0101001100111111
0100111010100100
0100101110001010
0100110010100110
0101001011111010
0101110101111001
0110100101100010
0111001101010010
0111100010001010
0111011111111101
0111001010110001
0110101101011110
0110010101100000
0110001101110001
0110011010011000
0110110111001011
0111011001010000
0111110011001000
0111111001111011
0111101001011111
0111000110000000
0110011010011100
0101110100010101
0101011110101000
0101011101100100
0101101101000100
0110000010010001
0110001111110010
0110001010110011
0101101111010000
0101000001011000
0100001100001101
0011011101010101
0010111111110000
0010110111110000
0011000001010001
0011010001100001
0011011011000111
0011010011010001
0010110101111010
0010000111010101
0001010010100010
0000100101000110
0000001010000001
0000000101100100
0000010011101001
0000101001011100
0000111001100011
0000111001000111
0000100100000010
1111111110100010
1111010011100011
1110110000101000
1110100000101010
1110100111111000
1111000010000110
1111100100011011
0000000001010111
0000001101111111
0000000110001000
1111101101111001
1111010000001010
1110111010010111
1110110111010111
1111001011010000
1111110001110010
0000100000000000
0001001000010101
0001011111110000
0001100010000010
0001010011001111
0000111110001011
0000110000001101
0000110100001001
0001001110000011
0001111001101001
0010101011111010
0011010111010000
0011110000101011
0011110011110111
0011100100111010
0011001110101000
0010111110010111
0010111110111110
0011010100100000
0011111010101110
0100100110101000
0101001010101011
0101011011111000
0101010110000010
0100111101010000
0100011100011000
0100000000111001
0011110101101001
0011111110110011
0100011000001100
0100110110111000
0101001101011011
0101010000111010
0100111101001101
0100010110100001
0011100111110010
0010111110100011
0010100101110001
0010100001101011
0010101110001010
0011000000011011
0011001011000011
0011000011001110
0010100100110111
0001110100010000
0000111100011001
0000001010110111
1111101010101100
1111100000001001
1111100111001011
1111110100111111
1111111100001101
1111110010000010
1111010010011010
1110100001100111
1101101010101010
1100111011000111
1100011110000000
1100010111100100
1100100011101110
1100110111101010
1101000101111101
1101000011110001
1100101101000000
1100000101111000
1011011001010101
1010110100111010
1010100011100000
1010101001010110
1011000010010000
1011100011010100
1011111111000100
1100001010100101
1100000001101001
1011101000011011
1011001001110000
1010110011000110
1010101111010011
1011000010011100
1011101000010100
1100010101111011
1100111101101101
1101010100101010
1101010110100010
1101000111011001
1100110010000011
1100100011111000
1100100111101011
1101000001100000
1101101101000101
1110011111011010
1111001010111000
1111100100011110
1111100111111011
1111011001010011
1111000011011001
1110110011100101
1110110100101101
1111001010110100
1111110001101100
0000011110010011
0001000011001000
0001010101001100
0001010000010000
0000111000011100
0000011000100111
1111111110001110
1111110100001001
1111111110100010
0000011001001101
0000111001010000
0001010001001110
0001010110001100
0001000100000010
0000011110111100
1111110001111000
1111001010010111
1110110011010111
1110110001000111
1110111111100001
1111010011101111
1111100000011001
1111011010101001
1110111110011011
1110010000000000
1101011010011001
1100101011001011
1100001101010111
1100000101001111
1100001110101111
1100011111000100
1100101000110111
1100100001010100
1100000100011000
1011010110010100
1010100010001001
1001110101011011
1001011011001100
1001010111101011
1001100110110100
1001111101110001
1010001111001001
1010010000000100
1001111100011101
1001011000100010
1000101111001111
1000001110000101
1000000000000001
1000001001001110
1000100101100010
1001001010000011
1001101001010010
1001111000010100
1001110010111100
1001011101010011
1001000010010001
1000101111010001
1000101111001001
1001000110000001
1001101111101001
1010100001000010
1011001100101000
1011100111011011
1011101101001011
1011100001111011
1011010000100000
1011000110010001
1011001110000010
1011101011110110
1100011011011100
1101010001110010
1110000001010011
1110011110111110
1110100110100000
1110011011111110
1110001010001011
1101111110100000
1110000011110001
1110011110000010
1111001001000100
1111111001110111
0000100010110111
0000111001000111
0000111000011000
0000100100110001
0000001001001010
1111110010111110
1111101101000111
1111111011101110
0000011010100111
0000111110111000
0001011011000100
0001100100001111
0001010110010011
0000110101011010
0000001100100011
1111101001001111
1111010110011011
1111011000010110
1111101010111011
0000000011010011
0000010100000110
0000010010011110
1111111010011000
1111010000000100
1110011110100010
1101110011011001
1101011001101001
1101010101100011
1101100011000100
1101110111011001
1110000101001010
1110000001100100
1101101000100011
1100111110011001
1100001110000101
1011100101001110
1011001110110100
1011001111000110
1011100001111111
1011111100101011
1100010001110000
1100010110010110
1100000110011000
1011100110000011
1011000000010101
1010100010101101
1010011000001000
1010100100110010
1011000100100001
1011101100011011
1100001111000000
1100100001010100
1100011111001101
1100001100110010
1011110100111011
1011100101000011
1011101000000001
1100000001111011
1100101110100011
1101100010111000
1110010001010111
1110101111000000
1110110111100011
1110101111000011
1110100000010100
1110011000101111
1110100011000110
1111000011011101
1111110101100010
0000101110010100
0001100000001101
0010000000001101
0010001010000000
0010000001101100
0001110010000011
0001101000011110
0001101111110010
0010001100000010
0010111000111111
0011101011101001
0100010110011101
0100101110011101
0100101111011010
0100011101011011
0100000011010111
0011101110101100
0011101010010001
0011111010010000
0100011010011101
0100111111111111
0101011101010110
0101100111101010
0101011010110001
0100111010111000
0100010010111100
0011110000011111
0011011110011111
0011100001001001
0011110100011001
0100001101011000
0100011110101101
0100011101100100
0100000101111000
0011011011111010
0010101010101010
0001111111101110
0001100110000111
0001100010000110
0001101111101000
0010000011111001
0010010001100010
0010001101110000
0001110100011111
0001001010000000
0000011001010100
1111110000000000
1111011001000100
1111011000110001
1111101011000001
0000000101000000
0000011001010010
0000011101000011
0000001100001010
1111101010110111
1111000100000110
1110100101011000
1110011001101000
1110100101000100
1111000011100000
1111101010000011
0000001011001101
0000011100000011
0000011000011001
0000000100010111
1111101010110101
1111011001001111
1111011010011010
1111110010011111
0000011101001100
0001001111100100
0001111100000010
0010010111100110
0010011101111111
0010010011010011
0010000010010100
0001111000011011
0010000000011011
0010011110010111
0011001101111110
0100000100001111
0100110011100011
0101010000111010
0101011000000010
0101001100111111
0100111010100100
0100101110001010
0100110010100110
0101001011111010
0101110101111001
0110100101100010
0111001101010010
0111100010001010
0111011111111101
0111001010110001
0110101101011110
0110010101100000
0110001101110001
0110011010011000
0110110111001011
0111011001010000
0111110011001000
0111111001111011
0111101001011111
0111000110000000
0110011010011100
0101110100010101
0101011110101000
0101011101100100
0101101101000100
0110000010010001
0110001111110010
0110001010110011
0101101111010000
0101000001011000
0100001100001101
0011011101010101
0010111111110000
0010110111110000
0011000001010001
0011010001100001
0011011011000111
0011010011010001
0010110101111010
0010000111010101
0001010010100010
0000100101000110
0000001010000001
0000000101100100
0000010011101001
0000101001011100
0000111001100011
0000111001000111
0000100100000010
1111111110100010
1111010011100011
1110110000101000
1110100000101010
1110100111111000
1111000010000110
1111100100011011
0000000001010111
0000001101111111
0000000110001000
1111101101111001
1111010000001010
1110111010010111
1110110111010111
1111001011010000
1111110001110010
0000100000000000
0001001000010101
0001011111110000
0001100010000010
0001010011001111
0000111110001011
0000110000001101
0000110100001001
0001001110000011
0001111001101001
0010101011111010
0011010111010000
0011110000101011
0011110011110111
0011100100111010
0011001110101000
0010111110010111
0010111110111110
0011010100100000
0011111010101110
0100100110101000
0101001010101011
0101011011111000
0101010110000010
0100111101010000
0100011100011000
0100000000111001
0011110101101001
0011111110110011
0100011000001100
0100110110111000
0101001101011011
0101010000111010
0100111101001101
0100010110100001
0011100111110010
0010111110100011
0010100101110001
0010100001101011
0010101110001010
0011000000011011
0011001011000011
0011000011001110
0010100100110111
0001110100010000
0000111100011001
0000001010110111
1111101010101100
1111100000001001
1111100111001011
1111110100111111
1111111100001101
1111110010000010
1111010010011010
1110100001100111
1101101010101010
1100111011000111
1100011110000000
1100010111100100
1100100011101110
1100110111101010
1101000101111101
1101000011110001
1100101101000000
1100000101111000
1011011001010101
1010110100111010
1010100011100000
1010101001010110
1011000010010000
1011100011010100
1011111111000100
1100001010100101
1100000001101001
1011101000011011
1011001001110000
1010110011000110
1010101111010011
1011000010011100
1011101000010100
1100010101111011
1100111101101101
1101010100101010
1101010110100010
1101000111011001
1100110010000011
1100100011111000
1100100111101011
1101000001100000
1101101101000101
1110011111011010
1111001010111000
1111100100011110
1111100111111011
1111011001010011
1111000011011001
1110110011100101
1110110100101101
1111001010110100
1111110001101100
0000011110010011
0001000011001000
0001010101001100
0001010000010000
0000111000011100
0000011000100111
1111111110001110
1111110100001001
1111111110100010
0000011001001101
0000111001010000
0001010001001110
0001010110001100
0001000100000010
0000011110111100
1111110001111000
1111001010010111
1110110011010111
1110110001000111
1110111111100001
1111010011101111
1111100000011001
1111011010101001
1110111110011011
1110010000000000
1101011010011001
1100101011001011
1100001101010111
1100000101001111
1100001110101111
1100011111000100
1100101000110111
1100100001010100
1100000100011000
1011010110010100
1010100010001001
1001110101011011
1001011011001100
1001010111101011
1001100110110100
1001111101110001
1010001111001001
1010010000000100
1001111100011101
1001011000100010
1000101111001111
1000001110000101
1000000000000001
1000001001001110
1000100101100010
1001001010000011
1001101001010010
1001111000010100
1001110010111100
1001011101010011
1001000010010001
1000101111010001
1000101111001001
1001000110000001
1001101111101001
1010100001000010
1011001100101000
1011100111011011
1011101101001011
1011100001111011
1011010000100000
1011000110010001
1011001110000010
1011101011110110
1100011011011100
1101010001110010
1110000001010011
1110011110111110
1110100110100000
1110011011111110
1110001010001011
1101111110100000
1110000011110001
1110011110000010
1111001001000100
1111111001110111
0000100010110111
0000111001000111
0000111000011000
0000100100110001
0000001001001010
1111110010111110
1111101101000111
1111111011101110
0000011010100111
0000111110111000
0001011011000100
0001100100001111
0001010110010011
0000110101011010
0000001100100011
1111101001001111
1111010110011011
1111011000010110
1111101010111011
0000000011010011
0000010100000110
0000010010011110
1111111010011000
1111010000000100
1110011110100010
1101110011011001
1101011001101001
1101010101100011
1101100011000100
1101110111011001
1110000101001010
1110000001100100
1101101000100011
1100111110011001
1100001110000101
1011100101001110
1011001110110100
1011001111000110
1011100001111111
1011111100101011
1100010001110000
1100010110010110
1100000110011000
1011100110000011
1011000000010101
1010100010101101
1010011000001000
1010100100110010
1011000100100001
1011101100011011
1100001111000000
1100100001010100
1100011111001101
1100001100110010
1011110100111011
1011100101000011
1011101000000001
1100000001111011
1100101110100011
1101100010111000
1110010001010111
1110101111000000
1110110111100011
1110101111000011
1110100000010100
1110011000101111
1110100011000110
1111000011011101
1111110101100010
0000101110010100
0001100000001101
0010000000001101
0010001010000000
0010000001101100
0001110010000011
0001101000011110
0001101111110010
0010001100000010
0010111000111111
0011101011101001
0100010110011101
0100101110011101
0100101111011010
0100011101011011
0100000011010111
0011101110101100
0011101010010001
0011111010010000
0100011010011101
0100111111111111
0101011101010110
0101100111101010
0101011010110001
0100111010111000
0100010010111100
0011110000011111
0011011110011111
0011100001001001
0011110100011001
0100001101011000
0100011110101101
0100011101100100
0100000101111000
0011011011111010
0010101010101010
0001111111101110
0001100110000111
0001100010000110
0001101111101000
0010000011111001
0010010001100010
0010001101110000
0001110100011111
0001001010000000
0000011001010100
1111110000000000
1111011001000100
1111011000110001
1111101011000001
0000000101000000
0000011001010010
0000011101000011
0000001100001010
1111101010110111
1111000100000110
1110100101011000
1110011001101000
1110100101000100
1111000011100000
1111101010000011
0000001011001101
0000011100000011
0000011000011001
0000000100010111
1111101010110101
1111011001001111
1111011010011010
1111110010011111
0000011101001100
0001001111100100
0001111100000010
0010010111100110
0010011101111111
0010010011010011
0010000010010100
0001111000011011
0010000000011011
0010011110010111
0011001101111110
0100000100001111
0100110011100011
0101010000111010
0101011000000010
0101001100111111
0100111010100100
0100101110001010
0100110010100110
0101001011111010
0101110101111001
0110100101100010
0111001101010010
0111100010001010
0111011111111101
0111001010110001
0110101101011110
0110010101100000
0110001101110001
0110011010011000
0110110111001011
0111011001010000
0111110011001000
0111111001111011
0111101001011111
0111000110000000
0110011010011100
0101110100010101
0101011110101000
0101011101100100
0101101101000100
0110000010010001
0110001111110010
0110001010110011
0101101111010000
0101000001011000
0100001100001101
0011011101010101
0010111111110000
0010110111110000
0011000001010001
0011010001100001
0011011011000111
0011010011010001
0010110101111010
0010000111010101
0001010010100010
0000100101000110
0000001010000001
0000000101100100
0000010011101001
0000101001011100
0000111001100011
0000111001000111
0000100100000010
1111111110100010
1111010011100011
1110110000101000
1110100000101010
1110100111111000
1111000010000110
1111100100011011
0000000001010111
0000001101111111
0000000110001000
1111101101111001
1111010000001010
1110111010010111
1110110111010111
1111001011010000
1111110001110010
0000100000000000
0001001000010101
0001011111110000
0001100010000010
0001010011001111
0000111110001011
0000110000001101
0000110100001001
0001001110000011
0001111001101001
0010101011111010
0011010111010000
0011110000101011
0011110011110111
0011100100111010
0011001110101000
0010111110010111
0010111110111110
0011010100100000
0011111010101110
0100100110101000
0101001010101011
0101011011111000
0101010110000010
0100111101010000
0100011100011000
0100000000111001
0011110101101001
0011111110110011
0100011000001100
0100110110111000
0101001101011011
0101010000111010
0100111101001101
0100010110100001
0011100111110010
0010111110100011
0010100101110001
0010100001101011
0010101110001010
0011000000011011
0011001011000011
0011000011001110
0010100100110111
0001110100010000
0000111100011001
0000001010110111
1111101010101100
1111100000001001
1111100111001011
1111110100111111
1111111100001101
1111110010000010
1111010010011010
1110100001100111
1101101010101010
1100111011000111
1100011110000000
1100010111100100
1100100011101110
1100110111101010
1101000101111101
1101000011110001
1100101101000000
1100000101111000
1011011001010101
1010110100111010
1010100011100000
1010101001010110
1011000010010000
1011100011010100
1011111111000100
1100001010100101
1100000001101001
1011101000011011
1011001001110000
1010110011000110
1010101111010011
1011000010011100
1011101000010100
1100010101111011
1100111101101101
1101010100101010
1101010110100010
1101000111011001
1100110010000011
1100100011111000
1100100111101011
1101000001100000
1101101101000101
1110011111011010
1111001010111000
1111100100011110
1111100111111011
1111011001010011
1111000011011001
1110110011100101
1110110100101101
1111001010110100
1111110001101100
0000011110010011
0001000011001000
0001010101001100
0001010000010000
0000111000011100
0000011000100111
1111111110001110
1111110100001001
1111111110100010
0000011001001101
0000111001010000
0001010001001110
0001010110001100
0001000100000010
0000011110111100
1111110001111000
1111001010010111
1110110011010111
1110110001000111
1110111111100001
1111010011101111
1111100000011001
1111011010101001
1110111110011011
1110010000000000
1101011010011001
1100101011001011
1100001101010111
1100000101001111
1100001110101111
1100011111000100
1100101000110111
1100100001010100
1100000100011000
1011010110010100
1010100010001001
1001110101011011
1001011011001100
1001010111101011
1001100110110100
1001111101110001
1010001111001001
1010010000000100
1001111100011101
1001011000100010
1000101111001111
1000001110000101
1000000000000001
1000001001001110
1000100101100010
1001001010000011
1001101001010010
1001111000010100
1001110010111100
1001011101010011
1001000010010001
1000101111010001
1000101111001001
1001000110000001
1001101111101001
1010100001000010
1011001100101000
1011100111011011
1011101101001011
1011100001111011
1011010000100000
1011000110010001
1011001110000010
1011101011110110
1100011011011100
1101010001110010
1110000001010011
1110011110111110
1110100110100000
1110011011111110
1110001010001011
1101111110100000
1110000011110001
1110011110000010
1111001001000100
1111111001110111
0000100010110111
0000111001000111
0000111000011000
0000100100110001
0000001001001010
1111110010111110
1111101101000111
1111111011101110
0000011010100111
0000111110111000
0001011011000100
0001100100001111
0001010110010011
0000110101011010
0000001100100011
1111101001001111
1111010110011011
1111011000010110
1111101010111011
0000000011010011
0000010100000110
0000010010011110
1111111010011000
1111010000000100
1110011110100010
1101110011011001
1101011001101001
1101010101100011
1101100011000100
1101110111011001
1110000101001010
1110000001100100
1101101000100011
1100111110011001
1100001110000101
1011100101001110
1011001110110100
1011001111000110
1011100001111111
1011111100101011
1100010001110000
1100010110010110
1100000110011000
1011100110000011
1011000000010101
1010100010101101
1010011000001000
1010100100110010
1011000100100001
1011101100011011
1100001111000000
1100100001010100
1100011111001101
1100001100110010
1011110100111011
1011100101000011
1011101000000001
1100000001111011
1100101110100011
1101100010111000
1110010001010111
1110101111000000
1110110111100011
1110101111000011
1110100000010100
1110011000101111
1110100011000110
1111000011011101
1111110101100010
0000101110010100
0001100000001101
0010000000001101
0010001010000000
0010000001101100
0001110010000011
0001101000011110
0001101111110010
0010001100000010
0010111000111111
0011101011101001
0100010110011101
0100101110011101
0100101111011010
0100011101011011
0100000011010111
0011101110101100
0011101010010001
0011111010010000
0100011010011101
0100111111111111
0101011101010110
0101100111101010
0101011010110001
0100111010111000
0100010010111100
0011110000011111
0011011110011111
0011100001001001
0011110100011001
0100001101011000
0100011110101101
0100011101100100
0100000101111000
0011011011111010
0010101010101010
0001111111101110
0001100110000111
0001100010000110
0001101111101000
0010000011111001
0010010001100010
0010001101110000
0001110100011111
0001001010000000
0000011001010100
1111110000000000
1111011001000100
1111011000110001
1111101011000001
0000000101000000
0000011001010010
0000011101000011
0000001100001010
1111101010110111
1111000100000110
1110100101011000
1110011001101000
1110100101000100
1111000011100000
1111101010000011
0000001011001101
0000011100000011
0000011000011001
0000000100010111
1111101010110101
1111011001001111
1111011010011010
1111110010011111
0000011101001100
0001001111100100
0001111100000010
0010010111100110
0010011101111111
0010010011010011
0010000010010100
0001111000011011
0010000000011011
0010011110010111
0011001101111110
0100000100001111
0100110011100011
0101010000111010
0101011000000010
0101001100111111
0100111010100100
0100101110001010
0100110010100110
0101001011111010
0101110101111001
0110100101100010
0111001101010010
0111100010001010
0111011111111101
0111001010110001
0110101101011110
0110010101100000
0110001101110001
0110011010011000
0110110111001011
0111011001010000
0111110011001000
0111111001111011
0111101001011111
0111000110000000
0110011010011100
0101110100010101
0101011110101000
0101011101100100
0101101101000100
0110000010010001
0110001111110010
0110001010110011
0101101111010000
0101000001011000
0100001100001101
0011011101010101
0010111111110000
0010110111110000
0011000001010001
0011010001100001
0011011011000111
0011010011010001
0010110101111010
0010000111010101
0001010010100010
0000100101000110
0000001010000001
0000000101100100
0000010011101001
0000101001011100
0000111001100011
0000111001000111
0000100100000010
1111111110100010
1111010011100011
1110110000101000
1110100000101010
1110100111111000
1111000010000110
1111100100011011
0000000001010111
0000001101111111
0000000110001000
1111101101111001
1111010000001010
1110111010010111
1110110111010111
1111001011010000
1111110001110010
0000100000000000
0001001000010101
0001011111110000
0001100010000010
0001010011001111
0000111110001011
0000110000001101
0000110100001001
0001001110000011
0001111001101001
0010101011111010
0011010111010000
0011110000101011
0011110011110111
0011100100111010
0011001110101000
0010111110010111
0010111110111110
0011010100100000
0011111010101110
0100100110101000
0101001010101011
0101011011111000
0101010110000010
0100111101010000
0100011100011000
0100000000111001
0011110101101001
0011111110110011
0100011000001100
0100110110111000
0101001101011011
0101010000111010
0100111101001101
0100010110100001
0011100111110010
0010111110100011
0010100101110001
0010100001101011
0010101110001010
0011000000011011
0011001011000011
0011000011001110
0010100100110111
0001110100010000
0000111100011001
0000001010110111
1111101010101100
1111100000001001
1111100111001011
1111110100111111
1111111100001101
1111110010000010
1111010010011010
1110100001100111
1101101010101010
1100111011000111
1100011110000000
1100010111100100
1100100011101110
1100110111101010
1101000101111101
1101000011110001
1100101101000000
1100000101111000
1011011001010101
1010110100111010
1010100011100000
1010101001010110
1011000010010000
1011100011010100
1011111111000100
1100001010100101
1100000001101001
1011101000011011
1011001001110000
1010110011000110
1010101111010011
1011000010011100
1011101000010100
1100010101111011
1100111101101101
1101010100101010
1101010110100010
1101000111011001
1100110010000011
1100100011111000
1100100111101011
1101000001100000
1101101101000101
1110011111011010
1111001010111000
1111100100011110
1111100111111011
1111011001010011
1111000011011001
1110110011100101
1110110100101101
1111001010110100
1111110001101100
0000011110010011
0001000011001000
0001010101001100
0001010000010000
0000111000011100
0000011000100111
1111111110001110
1111110100001001
1111111110100010
0000011001001101
0000111001010000
0001010001001110
0001010110001100
0001000100000010
0000011110111100
1111110001111000
1111001010010111
1110110011010111
1110110001000111
1110111111100001
1111010011101111
1111100000011001
1111011010101001
1110111110011011
1110010000000000
1101011010011001
1100101011001011
1100001101010111
1100000101001111
1100001110101111
1100011111000100
1100101000110111
1100100001010100
1100000100011000
1011010110010100
1010100010001001
1001110101011011
1001011011001100
1001010111101011
1001100110110100
1001111101110001
1010001111001001
1010010000000100
1001111100011101
1001011000100010
1000101111001111
1000001110000101
1000000000000001
1000001001001110
1000100101100010
1001001010000011
1001101001010010
1001111000010100
1001110010111100
1001011101010011
1001000010010001
1000101111010001
1000101111001001
1001000110000001
1001101111101001
1010100001000010
1011001100101000
1011100111011011
1011101101001011
1011100001111011
1011010000100000
1011000110010001
1011001110000010
1011101011110110
1100011011011100
1101010001110010
1110000001010011
1110011110111110
1110100110100000
1110011011111110
1110001010001011
1101111110100000
1110000011110001
1110011110000010
1111001001000100
1111111001110111
0000100010110111
0000111001000111
0000111000011000
0000100100110001
0000001001001010
1111110010111110
1111101101000111
1111111011101110
0000011010100111
0000111110111000
0001011011000100
0001100100001111
0001010110010011
0000110101011010
0000001100100011
1111101001001111
1111010110011011
1111011000010110
1111101010111011
0000000011010011
0000010100000110
0000010010011110
1111111010011000
1111010000000100
1110011110100010
1101110011011001
1101011001101001
1101010101100011
1101100011000100
1101110111011001
1110000101001010
1110000001100100
1101101000100011
1100111110011001
1100001110000101
1011100101001110
1011001110110100
1011001111000110
1011100001111111
1011111100101011
1100010001110000
1100010110010110
1100000110011000
1011100110000011
1011000000010101
1010100010101101
1010011000001000
1010100100110010
1011000100100001
1011101100011011
1100001111000000
1100100001010100
1100011111001101
1100001100110010
1011110100111011
1011100101000011
1011101000000001
1100000001111011
1100101110100011
1101100010111000
1110010001010111
1110101111000000
1110110111100011
1110101111000011
1110100000010100
1110011000101111
1110100011000110
1111000011011101
1111110101100010
0000101110010100
0001100000001101
0010000000001101
0010001010000000
0010000001101100
0001110010000011
0001101000011110
0001101111110010
0010001100000010
0010111000111111
0011101011101001
0100010110011101
0100101110011101
0100101111011010
0100011101011011
0100000011010111
0011101110101100
0011101010010001
0011111010010000
0100011010011101
0100111111111111
0101011101010110
0101100111101010
0101011010110001
0100111010111000
0100010010111100
0011110000011111
0011011110011111
0011100001001001
0011110100011001
0100001101011000
0100011110101101
0100011101100100
0100000101111000
0011011011111010
0010101010101010
0001111111101110
0001100110000111
0001100010000110
0001101111101000
0010000011111001
0010010001100010
0010001101110000
0001110100011111
0001001010000000
0000011001010100
1111110000000000
1111011001000100
1111011000110001
1111101011000001
0000000101000000
0000011001010010
0000011101000011
0000001100001010
1111101010110111
1111000100000110
1110100101011000
1110011001101000
1110100101000100
1111000011100000
1111101010000011
0000001011001101
0000011100000011
0000011000011001
0000000100010111
1111101010110101
1111011001001111
1111011010011010
1111110010011111
0000011101001100
0001001111100100
0001111100000010
0010010111100110
0010011101111111
0010010011010011
0010000010010100
0001111000011011
0010000000011011
0010011110010111
0011001101111110
0100000100001111
0100110011100011
0101010000111010
0101011000000010
0101001100111111
0100111010100100
0100101110001010
0100110010100110
0101001011111010
0101110101111001
0110100101100010
0111001101010010
0111100010001010
0111011111111101
0111001010110001
0110101101011110
0110010101100000
0110001101110001
0110011010011000
0110110111001011
0111011001010000
0111110011001000
0111111001111011
0111101001011111
0111000110000000
0110011010011100
0101110100010101
0101011110101000
0101011101100100
0101101101000100
0110000010010001
0110001111110010
0110001010110011
0101101111010000
0101000001011000
0100001100001101
0011011101010101
0010111111110000
0010110111110000
0011000001010001
0011010001100001
0011011011000111
0011010011010001
0010110101111010
0010000111010101
0001010010100010
0000100101000110
0000001010000001
0000000101100100
0000010011101001
0000101001011100
0000111001100011
0000111001000111
0000100100000010
1111111110100010
1111010011100011
1110110000101000
1110100000101010
1110100111111000
1111000010000110
1111100100011011
0000000001010111
0000001101111111
0000000110001000
1111101101111001
1111010000001010
1110111010010111
1110110111010111
1111001011010000
1111110001110010
0000100000000000
0001001000010101
0001011111110000
0001100010000010
0001010011001111
0000111110001011
0000110000001101
0000110100001001
0001001110000011
0001111001101001
0010101011111010
0011010111010000
0011110000101011
0011110011110111
0011100100111010
0011001110101000
0010111110010111
0010111110111110
0011010100100000
0011111010101110
0100100110101000
0101001010101011
0101011011111000
0101010110000010
0100111101010000
0100011100011000
0100000000111001
0011110101101001
0011111110110011
0100011000001100
0100110110111000
0101001101011011
0101010000111010
0100111101001101
0100010110100001
0011100111110010
0010111110100011
0010100101110001
0010100001101011
0010101110001010
0011000000011011
0011001011000011
0011000011001110
0010100100110111
0001110100010000
0000111100011001
0000001010110111
1111101010101100
1111100000001001
1111100111001011
1111110100111111
1111111100001101
1111110010000010
1111010010011010
1110100001100111
1101101010101010
1100111011000111
1100011110000000
1100010111100100
1100100011101110
1100110111101010
1101000101111101
1101000011110001
1100101101000000
1100000101111000
1011011001010101
1010110100111010
1010100011100000
1010101001010110
1011000010010000
1011100011010100
1011111111000100
1100001010100101
1100000001101001
1011101000011011
1011001001110000
1010110011000110
1010101111010011
1011000010011100
1011101000010100
1100010101111011
1100111101101101
1101010100101010
1101010110100010
1101000111011001
1100110010000011
1100100011111000
1100100111101011
1101000001100000
1101101101000101
1110011111011010
1111001010111000
1111100100011110
1111100111111011
1111011001010011
1111000011011001
1110110011100101
1110110100101101
1111001010110100
1111110001101100
0000011110010011
0001000011001000
0001010101001100
0001010000010000
0000111000011100
0000011000100111
1111111110001110
1111110100001001
1111111110100010
0000011001001101
0000111001010000
0001010001001110
0001010110001100
0001000100000010
0000011110111100
1111110001111000
1111001010010111
1110110011010111
1110110001000111
1110111111100001
1111010011101111
1111100000011001
1111011010101001
1110111110011011
1110010000000000
1101011010011001
1100101011001011
1100001101010111
1100000101001111
1100001110101111
1100011111000100
1100101000110111
1100100001010100
1100000100011000
1011010110010100
1010100010001001
1001110101011011
1001011011001100
1001010111101011
1001100110110100
1001111101110001
1010001111001001
1010010000000100
1001111100011101
1001011000100010
1000101111001111
1000001110000101
1000000000000001
1000001001001110
1000100101100010
1001001010000011
1001101001010010
1001111000010100
1001110010111100
1001011101010011
1001000010010001
1000101111010001
1000101111001001
1001000110000001
1001101111101001
1010100001000010
1011001100101000
1011100111011011
1011101101001011
1011100001111011
1011010000100000
1011000110010001
1011001110000010
1011101011110110
1100011011011100
1101010001110010
1110000001010011
1110011110111110
1110100110100000
1110011011111110
1110001010001011
1101111110100000
1110000011110001
1110011110000010
1111001001000100
1111111001110111
0000100010110111
0000111001000111
0000111000011000
0000100100110001
0000001001001010
1111110010111110
1111101101000111
1111111011101110
0000011010100111
0000111110111000
0001011011000100
0001100100001111
0001010110010011
0000110101011010
0000001100100011
1111101001001111
1111010110011011
1111011000010110
1111101010111011
0000000011010011
0000010100000110
0000010010011110
1111111010011000
1111010000000100
1110011110100010
1101110011011001
1101011001101001
1101010101100011
1101100011000100
1101110111011001
1110000101001010
1110000001100100
1101101000100011
1100111110011001
1100001110000101
1011100101001110
1011001110110100
1011001111000110
1011100001111111
1011111100101011
1100010001110000
1100010110010110
1100000110011000
1011100110000011
1011000000010101
1010100010101101
1010011000001000
1010100100110010
1011000100100001
1011101100011011
1100001111000000
1100100001010100
1100011111001101
1100001100110010
1011110100111011
1011100101000011
1011101000000001
1100000001111011
1100101110100011
1101100010111000
1110010001010111
1110101111000000
1110110111100011
1110101111000011
1110100000010100
1110011000101111
1110100011000110
1111000011011101
1111110101100010
0000101110010100
0001100000001101
0010000000001101
0010001010000000
0010000001101100
0001110010000011
0001101000011110
0001101111110010
0010001100000010
0010111000111111
0011101011101001
0100010110011101
0100101110011101
0100101111011010
0100011101011011
0100000011010111
0011101110101100
0011101010010001
0011111010010000
0100011010011101
0100111111111111
0101011101010110
0101100111101010
0101011010110001
0100111010111000
0100010010111100
0011110000011111
0011011110011111
0011100001001001
0011110100011001
0100001101011000
0100011110101101
0100011101100100
0100000101111000
0011011011111010
0010101010101010
0001111111101110
0001100110000111
0001100010000110
0001101111101000
0010000011111001
0010010001100010
0010001101110000
0001110100011111
0001001010000000
0000011001010100
1111110000000000
1111011001000100
1111011000110001
1111101011000001
0000000101000000
0000011001010010
0000011101000011
0000001100001010
1111101010110111
1111000100000110
1110100101011000
1110011001101000
1110100101000100
1111000011100000
1111101010000011
0000001011001101
0000011100000011
0000011000011001
0000000100010111
1111101010110101
1111011001001111
1111011010011010
1111110010011111
0000011101001100
0001001111100100
0001111100000010
0010010111100110
0010011101111111
0010010011010011
0010000010010100
0001111000011011
0010000000011011
0010011110010111
0011001101111110
0100000100001111
0100110011100011
0101010000111010
0101011000000010
0101001100111111
0100111010100100
0100101110001010
0100110010100110
0101001011111010
0101110101111001
0110100101100010
0111001101010010
0111100010001010
0111011111111101
0111001010110001
0110101101011110
0110010101100000
0110001101110001
0110011010011000
0110110111001011
0111011001010000
0111110011001000
0111111001111011
0111101001011111
0111000110000000
0110011010011100
0101110100010101
0101011110101000
0101011101100100
0101101101000100
0110000010010001
0110001111110010
0110001010110011
0101101111010000
0101000001011000
0100001100001101
0011011101010101
0010111111110000
0010110111110000
0011000001010001
0011010001100001
0011011011000111
0011010011010001
0010110101111010
0010000111010101
0001010010100010
0000100101000110
0000001010000001
0000000101100100
0000010011101001
0000101001011100
0000111001100011
0000111001000111
0000100100000010
1111111110100010
1111010011100011
1110110000101000
1110100000101010
1110100111111000
1111000010000110
1111100100011011
0000000001010111
0000001101111111
0000000110001000
1111101101111001
1111010000001010
1110111010010111
1110110111010111
1111001011010000
1111110001110010
0000100000000000
0001001000010101
0001011111110000
0001100010000010
0001010011001111
0000111110001011
0000110000001101
0000110100001001
0001001110000011
0001111001101001
0010101011111010
0011010111010000
0011110000101011
0011110011110111
0011100100111010
0011001110101000
0010111110010111
0010111110111110
0011010100100000
0011111010101110
0100100110101000
0101001010101011
0101011011111000
0101010110000010
0100111101010000
0100011100011000
0100000000111001
0011110101101001
0011111110110011
0100011000001100
0100110110111000
0101001101011011
0101010000111010
0100111101001101
0100010110100001
0011100111110010
0010111110100011
0010100101110001
0010100001101011
0010101110001010
0011000000011011
0011001011000011
0011000011001110
0010100100110111
0001110100010000
0000111100011001
0000001010110111
1111101010101100
1111100000001001
1111100111001011
1111110100111111
1111111100001101
1111110010000010
1111010010011010
1110100001100111
1101101010101010
1100111011000111
1100011110000000
1100010111100100
1100100011101110
1100110111101010
1101000101111101
1101000011110001
1100101101000000
1100000101111000
1011011001010101
1010110100111010
1010100011100000
1010101001010110
1011000010010000
1011100011010100
1011111111000100
1100001010100101
1100000001101001
1011101000011011
1011001001110000
1010110011000110
1010101111010011
1011000010011100
1011101000010100
1100010101111011
1100111101101101
1101010100101010
1101010110100010
1101000111011001
1100110010000011
1100100011111000
1100100111101011
1101000001100000
1101101101000101
1110011111011010
1111001010111000
1111100100011110
1111100111111011
1111011001010011
1111000011011001
1110110011100101
1110110100101101
1111001010110100
1111110001101100
0000011110010011
0001000011001000
0001010101001100
0001010000010000
0000111000011100
0000011000100111
1111111110001110
1111110100001001
1111111110100010
0000011001001101
0000111001010000
0001010001001110
0001010110001100
0001000100000010
0000011110111100
1111110001111000
1111001010010111
1110110011010111
1110110001000111
1110111111100001
1111010011101111
1111100000011001
1111011010101001
1110111110011011
1110010000000000
1101011010011001
1100101011001011
1100001101010111
1100000101001111
1100001110101111
1100011111000100
1100101000110111
1100100001010100
1100000100011000
1011010110010100
1010100010001001
1001110101011011
1001011011001100
1001010111101011
1001100110110100
1001111101110001
1010001111001001
1010010000000100
1001111100011101
1001011000100010
1000101111001111
1000001110000101
1000000000000001
1000001001001110
1000100101100010
1001001010000011
1001101001010010
1001111000010100
1001110010111100
1001011101010011
1001000010010001
1000101111010001
1000101111001001
1001000110000001
1001101111101001
1010100001000010
1011001100101000
1011100111011011
1011101101001011
1011100001111011
1011010000100000
1011000110010001
1011001110000010
1011101011110110
1100011011011100
1101010001110010
1110000001010011
1110011110111110
1110100110100000
1110011011111110
1110001010001011
1101111110100000
1110000011110001
1110011110000010
1111001001000100
1111111001110111
0000100010110111
0000111001000111
0000111000011000
0000100100110001
0000001001001010
1111110010111110
1111101101000111
1111111011101110
0000011010100111
0000111110111000
0001011011000100
0001100100001111
0001010110010011
0000110101011010
0000001100100011
1111101001001111
1111010110011011
1111011000010110
1111101010111011
0000000011010011
0000010100000110
0000010010011110
1111111010011000
1111010000000100
1110011110100010
1101110011011001
1101011001101001
1101010101100011
1101100011000100
1101110111011001
1110000101001010
1110000001100100
1101101000100011
1100111110011001
1100001110000101
1011100101001110
1011001110110100
1011001111000110
1011100001111111
1011111100101011
1100010001110000
1100010110010110
1100000110011000
1011100110000011
1011000000010101
1010100010101101
1010011000001000
1010100100110010
1011000100100001
1011101100011011
1100001111000000
1100100001010100
1100011111001101
1100001100110010
1011110100111011
1011100101000011
1011101000000001
1100000001111011
1100101110100011
1101100010111000
1110010001010111
1110101111000000
1110110111100011
1110101111000011
1110100000010100
1110011000101111
1110100011000110
1111000011011101
1111110101100010
0000101110010100
0001100000001101
0010000000001101
0010001010000000
0010000001101100
0001110010000011
0001101000011110
0001101111110010
0010001100000010
0010111000111111
0011101011101001
0100010110011101
0100101110011101
0100101111011010
0100011101011011
0100000011010111
0011101110101100
0011101010010001
0011111010010000
0100011010011101
0100111111111111
0101011101010110
0101100111101010
0101011010110001
0100111010111000
0100010010111100
0011110000011111
0011011110011111
0011100001001001
0011110100011001
0100001101011000
0100011110101101
0100011101100100
;