0
8
17
25
34
42
51
59
68
76
84
93
101
109
117
125
133
141
149
156
164
171
179
186
193
200
207
214
220
227
233
239
245
251
257
263
268
273
278
283
288
292
297
301
305
308
312
315
318
321
324
327
329
331
333
335
336
338
339
340
340
341
341
341
341
340
340
339
338
336
335
333
331
329
327
324
321
318
315
312
308
305
301
297
292
288
283
278
273
268
263
257
251
245
239
233
227
220
214
207
200
193
186
179
171
164
156
149
141
133
125
117
109
101
93
84
76
68
59
51
42
34
25
17
8
0
-8
-17
-25
-34
-42
-51
-59
-68
-76
-84
-93
-101
-109
-117
-125
-133
-141
-149
-156
-164
-171
-179
-186
-193
-200
-207
-214
-220
-227
-233
-239
-245
-251
-257
-263
-268
-273
-278
-283
-288
-292
-297
-301
-305
-308
-312
-315
-318
-321
-324
-327
-329
-331
-333
-335
-336
-338
-339
-340
-340
-341
-341
-341
-341
-340
-340
-339
-338
-336
-335
-333
-331
-329
-327
-324
-321
-318
-315
-312
-308
-305
-301
-297
-292
-288
-283
-278
-273
-268
-263
-257
-251
-245
-239
-233
-227
-220
-214
-207
-200
-193
-186
-179
-171
-164
-156
-149
-141
-133
-125
-117
-109
-101
-93
-84
-76
-68
-59
-51
-42
-34
-25
-17
-8
23
27
74
-41
37
-17
-3
113
102
93
113
76
118
67
182
90
160
209
139
129
131
201
183
215
218
232
154
207
235
294
233
237
193
237
265
260
240
280
327
249
331
354
292
290
271
327
272
362
352
375
371
367
354
279
331
284
367
335
270
355
310
284
403
288
282
292
382
341
294
396
362
283
265
332
268
373
298
371
257
311
301
300
236
302
238
233
349
219
244
221
274
291
247
300
286
233
222
168
227
140
132
230
181
147
172
186
122
107
155
79
119
136
169
67
112
68
86
124
101
7
9
59
76
41
12
58
9
-10
-88
-95
-77
-52
-81
-18
-97
-75
-105
-37
-105
-83
-69
-110
-110
-93
-211
-162
-196
-230
-165
-236
-175
-161
-194
-174
-179
-263
-191
-257
-242
-216
-258
-280
-210
-267
-298
-310
-301
-232
-316
-334
-241
-252
-327
-378
-303
-276
-339
-263
-298
-311
-271
-319
-336
-325
-315
-295
-286
-353
-313
-292
-386
-300
-384
-305
-340
-300
-386
-267
-323
-309
-342
-264
-359
-267
-248
-242
-315
-250
-364
-230
-231
-311
-224
-210
-226
-326
-290
-295
-265
-296
-271
-194
-154
-199
-226
-218
-131
-212
-169
-140
-191
-188
-133
-192
-135
-188
-68
-77
-139
-100
-142
-73
-37
-75
-35
-95
-50
3
-7
33
-12
