       0
       0
       0
       0
       0
       0
  -37078
   24888
   -3721
  -14951
  -32823
  -19838
  -41603
  -45331
  -53819
  -25504
  -47599
  -87144
  -56501
  -14929
   22330
    5746
    7135
   -6607
   31959
   67464
   55776
   44650
   37353
   64060
  111336
   48484
   39689
   15366
   50053
   18112
   18592
  -40366
  -22337
   -5040
   -2541
  -30258
  -17902
     319
  -24620
  -21626
  -61250
  -10287
    7496
   28256
   18730
   15504
   43689
   45020
   67278
    3315
   21988
  -32399
   -8206
  -58639
   -7308
  -21109
  -35605
  -79771
  -63822
  -66083
  -46664
  -43344
  -19742
  -38192
  -44631
  -17720
   21934
    2568
  -26807
  -20591
  -24252
  -29019
  -23480
  -29802
  -63547
  -65117
  -76401
  -73270
  -72522
  -68033
  -40215
  -35206
     870
  -21984
   -5391
   28186
   29478
    2816
    -957
   33909
   24671
   30823
   61474
   29152
   13975
   18534
   33767
   40293
   13036
   36809
    7929
    9238
  -15015
    8259
    9417
   11711
  -12611
  -40746
  -18230
    6125
    7442
  -15521
  -12094
    3818
    3951
   31986
    6095
   28331
    9652
   32387
   -9078
  -10634
  -14940
    1041
    1156
  -23498
    3177
   -4215
   24236
   -7731
   -9813
  -11578
  -14478
   -3126
  -26181
     877
   11384
    2214
  -20911
    1462
   -3056
  -24302
  -21083
    2770
   26169
    9510
   31628
   24531
   53904
   57426
   54426
   50901
   49267
   57301
    5941
    8791
   26723
   41920
   13087
    8992
   19012
   52330
    9071
  -13556
     392
   13612
   20252
    3322
   22919
   28919
   36002
   24003
   33553
   10381
    9851
  -18851
    2084
  -26468
   -5221
   17365
   10290
    2104
  -11744
    1582
   -2297
   22797
    5617
    3893
   -7840
     784
    6444
   31676
    8044
   28705
   -2526
   19482
   43606
   33970
   43905
   35099
   46757
   46662
   67599
   26476
   13615
   11975
   35276
   24701
   12693
   -6336
    5928
  -13108
   -7748
  -19404
    3548
   -7418
  -15532
   -6061
    3383
  -23565
     966
  -10196
    7518
   -1164
   16904
   17790
   32905
   16150
   26026
    3177
   23831
   -2406
    9106
   13583
   18778
   48660
   18491
    3931
  -15807
    -875
  -10861
   -9437
  -17196
  -31296
  -16175
   15413
   30405
   -1854
   -8872
  -14729
   -2621
    1153
   -9709
  -15878
  -22079
   -2082
   -8679
  -22012
   -3709
  -19055
   -8085
  -27440
  -11634
    1057
  -15006
    2650
   -9991
   20335
    8354
    -282
     547
   18655
   21542
     713
  -14293
   -7384
  -11808
  -14175
  -13924
   -9364
  -25351
  -21961
   -8780
   -9731
   -8396
  -10313
  -20358
   -5722
   14176
  -12055
   -5388
   -2100
  -20817
  -10888
   -9897
  -18305
  -17866
   -7333
   10310
   -7330
   14091
  -25156
   -3530
  -18148
   -8554
  -18192
  -17846
  -27460
  -15364
  -10964
  -27956
   -6971
   -4037
     944
  -22926
    1933
   -8455
    1344
  -16154
    7403
  -15682
   12646
  -12391
    7782
   -8951
   20707
   -4246
    2621
   -1148
   -1261
   12066
    5132
  -13998
    2884
  -13655
   -3756
   -2374
   -4494
  -11823
   -6376
    7994
   14015
    5600
    5672
    5644
    8383
    1220
   13204
    1897
    -362
   -2871
    1127
   -7592
    9459
   -4327
    5549
  -21355
    5291
    -380
    1522
     536
     530
     826
    -201
    9305
   10297
   -8713
   -5773
  -17237
   -2508
    -939
  -13072
    3171
   -1786
    7150
   -2906
    2917
     -32
   -2627
    9171
    4883
    8143
    2414
   -8132
    4664
   -1829
    6674
  -13068
    3784
   -4303
   -1387
    2681
    1274
    4023
    5441
    3905
    8916
    4895
    3253
    4584
    6328
    -853
   -7068
   -3514
    -129
   -1042
    9588
   -1234
   -5572
   -6496
    6165
   -9483
    3941
   -1795
   -1307
  -13812
    2330
   -6673
   -7870
    2612
    8136
   -9604
    5564
   -3407
    3235
    6512
    2371
    9763
    1570
    3812
   -2104
    2529
    6418
  -16099
    2419
   -8481
   10013
   -6094
    3443
    -504
    6959
    7644
    4337
     653
   -4505
    9380
   -1559
    -450
    2521
    5763
    1292
   -6341
    6527
   -5557
   10524
   -1514
     375
   -1374
   -2826
   -1027
    3975
    3622
    7488
   -2798
   -1517
   -5401
    2497
    3700
   -2808
    8825
   -2702
    4675
   -9796
   16513
   -9428
    9727
   -8719
   14614
     249
   -3109
    6108
   -3384
    7360
    3594
    7016
   -4081
    1889
   -4171
   -1052
    6013
   -1985
    7299
     233
     690
    2488
     300
    -431
    8990
   -3950
   10000
    2337
   -5037
    1924
     -31
   -7560
  -10051
    2522
   -1572
    4705
    3804
    2022
    3094
    2611
   -7262
   -6120
    2448
   -2427
     -45
   -2853
   -7384
    2188
   -4395
   -2094
   -3863
     829
   -5998
    1684
    2922
   -3771
   -6560
   -2549
     530
   -3702
     129
    1970
   -2631
   -2059
    3884
    5132
    -409
   -4930
    1511
  -10651
    3569
   -3541
    6699
    4948
   -3588
   10979
     945
    5108
    9589
   -7017
     672
    7596
    4372
    1804
     -48
   11617
    2869
    5992
   -4212
     294
    1113
    -722
   13981
   -3083
    1507
    2653
    -168
    5746
   -4894
    3393
   -3723
   -1364
   -6776
    8538
   -4089
    7887
   -7010
     536
    3438
    1972
    2027
   -4863
    5089
    2209
     954
    -202
  -12859
    3924
    2868
    1731
    5943
   -2554
    8234
   -5126
   -1209
   -7794
   -6571
    6300
   -4098
   -2940
    4243
   -2055
     317
     -76
     927
   -2097
    2471
   -3332
   -9807
    -224
    7765
   -7308
    5294
    6258
  -13269
    2030
    2007
   -3347
   -7757
      16
   -6173
    -418
    2645
   -2016
   -2514
   -3078
    4167
    1771
    4959
     754
    1116
   -2536
    2152
    9387
   -1361
    1166
    -221
   -1769
    5277
    4144
   -2051
     671
    -780
     -61
    3572
   -5642
    2640
   -1149
    3109
    1470
   -3878
   -1992
    6460
   -2762
   -2948
    1465
  -10797
    8312
     261
    4671
  -14614
   -2220
     367
   -4457
    3393
   -7607
    2614
   -5104
   -4570
    2511
   -1145
    -208
    4331
   -2823
    4091
    7350
   -4188
    6762
     755
    6155
   -8052
    3888
    1977
   -8555
   -2483
    2981
   -1756
    3443
    -888
   -3988
    -383
    9118
   -2554
    4171
    4072
    4539
   -2911
   10940
    5279
  -10435
    2356
  -13485
    1231
   -3537
   -2666
    4978
      25
   -5312
    3257
   -1587
    -883
   -6116
   -5022
    8515
   -2330
   -1437
    6686
   -3899
   -3071
    2395
    1708
   -1421
    4815
    3832
    5200
    4312
    5714
   -5483
    7062
    9839
      44
   -7502
    -341
    1857
    1330
     854
   -1444
   -2857
     898
   -2454
   -1741
     203
    5382
    3580
    -785
     515
    4659
   -6022
     487
  -13019
    3276
    8533
   -6186
    3427
    2190
    -334
    3937
    -995
   -1160
   -5929
    2397
   12694
   -5098
   -1060
   -2570
   -2161
   -4984
   -4931
   -6896
   -3243
    7973
     611
   -2823
    7080
     -23
     460
   -1566
   -4434
    5731
   -1466
    6132
    9763
   -5618
     731
    5470
    1592
     504
    5572
    -701
    4429
   -1791
    8284
   -4738
    2405
   -6346
    5871
   -2660
    2549
   -2749
   11839
   -6896
    5863
     768
    1951
   -2237
   -3078
    1719
   -6521
    8620
   -3520
     780
   -5233
   -1425
     214
    5842
    2073
    -457
    8279
   -6735
   -5333
   -2333
    -572
     931
   -5658
   -4542
    7249
   -4150
   -1644
    4501
  -12433
   -2070
    5294
   -7785
    -530
   -6216
    9489
   -9913
    8126
   -5824
    6013
   -3132
   -6212
   -2770
    1832
    4319
   -2100
     717
   10393
   -3209
    -393
   -4166
    2331
    -300
   -3156
    4101
   -4861
   -4883
   13289
   -1973
     349
    1545
    -932
     368
   -4671
     780
   -6777
   -1918
    2188
   -8665
    1184
    4430
      14
    3777
    6514
    2702
    3204
   -5013
    3151
   -7032
     507
   -2253
   -1472
   -3608
   -2657
   -4658
   10586
   -5659
    4212
   -2544
    1763
   -7022
    2010
    5006
   -9243
    -169
     333
    5135
   -6282
   13403
  -12099
    2518
    5225
    1142
   -5534
    -516
    4587
    3577
   -9357
    6608
   -4440
   -3107
   -5019
    1123
    9926
    5177
    -839
    3722
   -3237
    5513
   -5674
   -3881
   -2373
    6805
   -1616
     753
    4834
    1787
    3997
   -3689
   -5814
     701
    1138
   -4127
    -281
    4128
   -4376
    2168
    1132
    4005
    2600
   -2171
    8512
   -2086
    1740
   -6871
   -5190
   -5105
   -1903
    1578
     926
    6752
    -544
    1758
   -1820
    3820
   -1302
    -330
    6007
    -530
    1003
   -8334
    8727
   -9812
    5634
    3285
    4296
   -8449
   -1283
    9063
    1847
   -5803
    8351
    1136
    -277
   -3956
    4663
   -2990
    2473
    5452
    2438
    2268
   -1839
    2930
    6944
   -6583
   -2052
    5125
    4653
   -2597
    3860
   -5479
    8671
   -8990
    4491
   -4075
   -7697
    9838
    -748
    1601
   -4422
    2536
   -6048
    6445
    -910
    4284
   -3060
    2867
    5757
    -306
   -1911
    1856
   -5981
    -861
   -2610
    3878
    -755
   -5426
   11636
  -12335
    3190
   -3009
   -4299
    3197
    6524
    3945
   -7125
    7367
    4630
    2551
   -1445
    2246
     403
   -2109
   11615
   -6573
    -588
    5686
   -2250
    2366
   -1371
   -6393
   -5495
   -3665
   -1134
   -5873
   -5585
   -4664
    1577
  -15951
    2391
    3928
   -1657
    3996
   -2995
    2787
    9508
    6002
   -9182
    5224
   -1351
   -5670
    7681
  -10820
     646
    5005
   -4210
    3091
  -12242
    -790
    7581
  -19060
   -2104
    -830
    7991
   -4895
    8084
     390
    -433
   -4055
   -5458
    2505
    6269
    9237
   -4278
    4832
    1206
    -890
   -3528
    -927
    2891
   -5095
   -1763
    1803
    3929
   -5322
   -2762
   -6427
   -9336
    8753
   -7288
    2016
    3533
    9758
    2431
   -3626
    2710
     177
    5195
   -1728
    2017
    6043
   -3060
    8297
   -3539
    3011
    3245
   -9484
   -5377
    4497
    1999
   -1694
   11414
   -4364
  -15263
   -1620
    8823
   -9610
    2629
   -1554
   -2203
   -4135
   -4932
   -1655
    5084
    -304
   -2526
    4292
   -5930
    7007
    4408
   -1731
    6809
    6038
   -3128
     106
    7350
    2013
   -1788
   10001
    3936
    6656
   -9670
    2933
   -7897
    1115
   -2987
    4244
   -3500
    4571
     202
   -2041
    1411
    8001
    2508
    -378
   -7654
   -2945
    3284
    -327
    1312
   -3956
    7820
   -3385
    1080
    1346
   -6606
   -5189
    9523
    1799
   -5541
   -5026
    6452
    2361
    -513
   10176
  -10614
   -1743
    -821
   -5784
   -6349
     477
   -5911
    2917
   -1548
    1293
    6716
    3175
    -623
   -2937
    2490
   -7993
    2580
    -785
    3354
    6093
   -1380
    -593
   -7466
     129
    3938
   -3297
    8465
   -5648
     280
    2905
      14
    -850
   -4758
   -6371
   -4540
   -3771
   10846
   -7213
    7328
     632
   -1322
   -2380
    1446
    -441
    2546
    2489
    3532
    1353
     826
    1006
    3429
    3871
   -2563
    2960
   -9295
    8650
   -3478
    5043
   -7462
   -2654
   -3347
   -6701
    5243
   -2744
    8253
     254
    3110
    1069
    8890
   -2017
       4
   -1631
   -5532
   -4018
    -440
    7202
    3143
    4564
    8359
    2888
    4500
   -6921
    -890
   -3515
   -2082
   -3233
    6117
  -11513
    2163
    1164
    1589
    5451
   -1492
   -1539
    2682
    6184
    1253
    6881
   -2489
   -2988
   -4741
    6846
    4683
   -4707
    2711
   -7443
    6636
    2424
    3239
    2185
   -2352
   -3927
   -2382
    9664
  -13886
    2249
    7892
    1939
    2131
    5852
   -1140
   -2952
   -1641
    5129
    4442
     958
    -434
   -8776
   -9678
     128
   -3323
    3929
   -1859
    6321
   -6096
   -3630
   -3792
    4829
   -2975
     457
    2121
   -2508
     646
   -4708
    2167
   -8550
     132
   12364
    -944
     -68
    8213
  -12475
    3187
   -4886
    5156
   -3439
   -5432
    -507
    -974
    1986
    3388
    5737
  -13202
   12352
   -6391
    2612
  -10167
    3186
   -8739
    7503
   -1855
   -4449
    7338
   -5468
   -3057
    4652
  -11657
    7257
  -17864
    3119
   -3729
    1226
    5480
   -4890
   -4966
   -3581
    9783
    9221
     695
   -3696
  -12366
    3396
   -2806
   -2539
    2165
    7127
    3216
   -3925
   -2427
   -5800
    6142
   -4477
   -5229
   -3195
     689
    6852
   -7036
     705
    4606
   -4019
   -5841
    -128
   -5740
  -11850
    3440
    3081
    1068
   -7987
    1908
   -5735
   -1210
   -3159
   -2581
   -1536
    3169
   -5401
   -5891
   -1590
    7679
   -4344
    7043
   -8958
   -1076
   -1388
   -4257
   11004
   -1867
    4823
    7545
   -5476
    3723
    4513
    2328
    5361
    1749
   -4746
    7563
   -3125
    -310
    2730
    1430
   -4255
   -2561
   -9688
    5567
   -5677
   -3582
    8009
   -2472
    1107
   -1380
   -1133
    9124
   -9912
    6352
   -3680
   -2026
   -2327
   -2503
    1568
    3835
   -6556
   -5826
    9936
    6253
     -85
    2905
     888
    5178
   -3375
    9178
   -8081
   -1146
     837
   -5846
    7364
  -11296
   -2231
    1415
   -3315
   -7673
    1816
    -933
   -4968
    3290
   -8986
     221
   -8760
    3667
   -5994
    1120
   -3321
   -3653
   -1387
    5375
   -1240
    1665
   -1512
    5270
   10529
   -1184
   -5992
    3151
  -15031
   12955
     445
   -4010
   -5724
    3654
    3628
   -7334
    1180
   -6800
   -3922
     805
   -7163
     136
    7883
    -688
   -2091
   10387
   -1582
   12352
   -1143
    1372
   -4684
    4398
   13425
   -8955
    3364
   -8644
   11532
   -9226
     841
     -90
  -12307
   -6229
    -556
    4726
   -3506
   -3653
    5866
    1906
   -9482
     250
    1571
    3156
    3123
   -3379
   -1632
    2398
   -3122
   10471
   -7146
    3195
     532
   -5826
     159
   -3275
   -1345
   -2248
    2525
    -910
    3387
   -1370
   -2931
    6649
   -3661
   -4693
   -1125
    7342
   -3416
    1952
    1424
    1104
   -1569
    1440
    1224
    1495
   -6267
    1946
   -3159
   -2080
   -1937
   -8888
    3816
   -9931
     297
   -3497
    -625
   -4813
    4339
    2842
   -5171
    -398
    -543
   -1410
   -9903
    3811
   -3814
   -8056
    2897
    3228
  -15632
    6446
   -5626
    -798
   -2014
    2001
   -5819
    4337
   -2693
    4959
   10231
  -10160
   -5009
   -2916
    5720
  -11650
    5948
   -2242
    -903
   -4669
   -3036
    4772
   -4543
    3733
   -6900
    -644
   -1110
   -1626
    5058
   -3234
   -3103
    7321
    2879
  -11097
     905
   -1753
     387
   -5405
    1617
   -5162
   -3198
   -2816
  -11396
    2228
    7248
   -2940
   -9644
    8008
   -1312
    1170
   -7901
    8314
     563
    2484
   -4154
   -5665
   -1799
    1010
    4305
    5100
   -4717
   -2280
    1179
    5543
   -7235
   -2176
  -10527
    3261
   -3686
    1698
    2415
   -3334
   -9415
   -7585
    7403
   -2233
     590
   -1919
     257
    2474
    4418
   -1837
   -4080
    2983
     403
   -5194
    5057
    1760
   -5908
    -283
   -7105
    2455
    -526
    4607
    -447
   -3842
    9020
    -988
   14101
   -7165
   -3616
   -3662
    5630
   -1005
   -1315
   10401
    3885
    3875
   -5702
   -6144
    1205
    3642
   -2495
   -1420
    1880
    2404
    6794
    4813
   -4963
    1167
    7819
    -849
    1740
   -2471
    5443
   -4466
   -5059
    6897
   -1671
   -1032
   -1027
   -8904
     540
   -3246
    4533
    1187
    6988
   -6517
    6111
   -2384
    3266
    -906
   -1021
   -2957
   -2837
     632
    7387
  -11527
   -2769
   14968
    6903
   -2026
    8551
    2809
  -13831
   10017
    1483
   -4053
    2990
      78
    1554
   -3035
   -2236
    8182
   -5617
    4326
    3909
   -7569
   -4628
  -14287
    9152
   -3221
    -630
    -673
   -1258
   -6187
    1684
     133
    4176
    -736
    6171
   -2008
     341
   -5520
   -1886
   -1981
    3889
   -1865
    3361
   -5603
   -1208
    2555
   -9442
    4486
   -4207
    -758
    3638
     441
    2049
   -2227
    2017
  -10336
     238
   -4361
    5601
    3064
    3263
    1617
   -3905
    5102
     212
    9313
   13823
   -3183
    1517
   -9145
    8192
   -7927
   -5814
   -6097
    3786
    1473
     588
     809
   -1096
   -2650
    3176
   -5898
   -2524
   -4800
    8355
   -3460
    3161
   -1679
   -1312
    2169
    2318
   -4449
    -328
   -2162
   -2188
    8037
    -341
    4221
   -3719
   -3740
   -4781
    3593
   -3149
   -2808
    3935
   -2647
    4877
   -6383
   -2180
    3913
   -6470
    9071
    2083
    -726
     394
    8894
   -8523
    4014
   -7039
   -4869
   -2769
     397
     139
    4974
     156
    1192
   -2924
    1274
    1627
   -3347
   -3064
    2897
    5801
    -747
   -4988
    8724
   11532
  -10670
    4259
    5008
    -485
   -2540
    3155
    3323
     591
   -2781
    3952
    1429
   -4866
     -29
   -4779
  -10881
     125
   -1018
    -312
    5962
   -6855
  -10645
   -1791
   -8662
   -2643
   -2923
    7729
    -468
    3393
   -7707
    3776
     188
    5596
   -8450
    3206
   -3633
   -6821
    2740
   -9988
    4511
   -7321
    7349
   -4152
    8352
     297
    5992
    4888
    2406
    2724
    6226
    2538
   -7427
    4737
     892
   -3226
   -3902
    9378
  -11360
    4708
     693
   -4537
   -4038
     961
    2134
     -95
    6715
   -1231
   -1916
    8278
   -3086
    1108
   -1428
    5226
    1192
   -4342
    2155
   -6710
   12779
   -2986
   -6653
   -2978
   -4768
     745
    2873
   -2167
    5334
    5112
    -769
   -8145
    4428
   -1330
   -5180
   -5837
   -2492
   10621
   -7636
    -533
    5534
    4048
   -6535
    6351
   -1144
   -5249
    3840
   -7275
    8075
   -3962
   -8455
    5358
    1176
    2606
;