0011000000111010
1011101100100111
0010011111101100
1101111111010110
0001000000001001
0110000110000000
1111000011000100
1011010000101001
0010101110110111
1101110110110110
0010001000001111
0101100011000100
0100000000010110
0111010000100010
1101011111011111
1011011100000010
0011100110011010
0100110000111111
1101100010100011
0001010111101111
1101111111110110
1001101111000110
0011001011111011
1111100011101101
1010011111100000
1100010011111011
1100110001101011
0000011110100011
1011111101011111
1011111110011000
1010110101011011
0011001010000110
1110100111000000
0011001011110000
1111001010101010
1100000101101100
0011101111101110
0011010010001101
1101101000010000
0010001010100000
0010110100000010
1101111101000100
0001000110111010
1111010100000010
0001011001110010
0101010100010000
0100111101000001
1100100100011111
1000110000011010
1011001111000001
1010000111100011
0011000100011011
1110001111111000
0100010101011010
1110010110001010
0001100101111011
1110000110010011
0001001010011110
0100101011000100
0100101000111010
1101101001101111
0001111110011001
0101111110110011
0010011111110001
0101001100101101
0101101111110100
1110100000101001
1011111110111000
1011010110100000
0011001001001000
0101010111010001
1101010110100010
0001111001111010
0100010110010100
1011111010111011
0010000100101100
0100110101011100
1110000001011000
0100000010101101
0100010010001011
0101011011010111
0101101000100100
0101110011001110
0011100010000001
1101111001101010
0010101000001001
1100011110000010
1010011011101110
0011100111100100
0100100010101010
1110000111000001
1011011010000101
0001100110100010
1100111111101101
1011110100110011
0001001110111010
1110100100011011
1011111110001101
1010010101101111
0010000010010100
0011010011010100
1011000100010011
0011100000010111
1101000010110001
1011101100000100
1011100101000011
0010010111111000
0011100001001000
0011100101011001
0100010000011010
1100010000101001
1010000100001001
0100000100111000
0100110000101110
1100001110010010
0010010011001011
0011010111110001
1100000100011000
0010000010101010
1110110001010111
1011011101001000
1100000100110010
0000111110100011
1101000111001000
0010000010100011
0011010001011010
0011001001011011
0101110010011111
1101101010100101
1010100011000000
1100001111111111
0010100111101011
1100011111011000
0011111010111001
0101000010010010
1111011000110101
0011101011110000
1100110110010110
1001110010011010
0010010000110011
0100010011101101
1100101010010111
0010111011101010
0110011100010110
1101000000101100
1010010011110111
0010000011110001
0101011110010110
1100101001100100
0000111100000010
1101100000101111
1011001110100100
1011110111111011
1010100110101111
1011001000001110
1010110010110100
0010010000010100
1111011101000011
1010100101111010
0000110001000011
0101001111110011
1100100101110111
1011010110001010
1010100100010101
0010111110011111
1110010011010001
1011000100001010
1111111011111101
0100110110100000
0110100100001101
1110110110001111
1001011100110000
1011001101100100
1010100000010001
1010000110100000
0000111001100011
0101000010001111
0100001100010010
1101101101111011
0001111010101000
1101000110110011
1011101111010101
0011001100111110
0111001011001101
1100000011110001
1010000110101001
0011100100001111
1101001100011101
0000101110100000
0101000100001111
1111011110011010
1100001000101001
1101100110100000
1011111001010111
0100100010010101
1101010000001101
0001000000101001
1101011001111000
1100101100111000
0001000010011011
1110011001011101
1010100110010010
1011111100111000
1010000000110110
1011011001111011
1111111111101100
1101000100101100
1011110110001011
1010111011010110
0011110011001010
0011111101000111
1010111011000100
1001110110111100
0011100101100100
1101100001001111
0010110010110000
0101110011011110
0010001101010000
0011111100000111
1100110100110101
1010000110111111
0010001000100110
1111011011111111
0010010011011000
0110001000101111
0011111000001111
1101101010010011
1010011000101010
1011111111100100
1011000000100110
1011110111100010
0011001000011101
1101100011110110
0011011001000100
0000010111001101
1011111010111000
1011010010100101
1100011000000100
0010011010011110
1100010110100100
1011110111111100
1011010011000110
0010000001100001
0110001100011011
0110111000100001
0100000101010010
1101110001100000
1010010110110011
0011001001011000
0001111010111010
1110110100000111
1011100011111010
1011100111001000
0011110001011011
0100010111111010
0100100010100010
0011001101000110
1011101100110001
0001100001011011
0101000001101001
1101000001000101
0000110010000110
0101111101000111
0011110111000011
1101101000111001
0010010110001101
0100011001110011
1110000111100010
0010000010011100
1011101100101111
0001001000111110
0100111110110011
1100001011010110
1010111001011001
0001001111100011
0011010100010011
1100011101000010
1010110101010011
0010100011010100
0100100011110100
0101111100011110
0100011010000110
0010111010100010
1101101010011110
1011011000110101
0010101110000011
0101010010000101
0110001100100011
0100000011011000
1101111101010101
1011010010011110
0001101010101011
0000001010001110
1011000000000111
0000101100011001
0110110001100000
0101000100111111
0011011000011110
0101011011001001
1111001001001000
1010010000001010
0010100000011011
1101011111010010
0000111110111000
1111000010101010
0010010101000111
0101010100110100
0011110110101110
0011111011010010
0101000100001010
1101110001110000
0100100001000111
0100010111111000
0000001111111100
0100000111100110
0010011010011011
0010101110010011
1100111110101001
0010001000010100
0100101101001101
0101101011011010
1100110011011110
0001100000000100
1101011010101000
0010010100101111
1101111110101100
0011100101110001
1110011000011100
0000010010110001
1110011110001000
1100010000011011
1100000011010001
1100110101111000
0010101110110110
0011111001111111
1101011110100001
1111011110010011
0101010000000110
0100110101010100
0100000000001000
0011111011010111
1100011000100011
1011001111111000
0010110010110001
0100010011101110
1101000100001100
1011010000110001
1011000110010110
1010001011100100
1100110100100100
0010110111011001
0110001100110001
1101000100010110
1001111111011011
0011010010111100
1101101100110101
0001011101011101
0100100101110110
0010010101101000
1110111011001010
0001001100100100
0011111000110100
0110010001001010
1100100101011011
1010110100011101
1010101101011100
1101001101001001
0010011100010110
0011011011010101
1100010101010001
0100011000101010
1111111011010010
0100010001000110
0011001110001100
1101011001101100
0010000111010101
0101000011101001
0100000001100011
1100100000010011
1010110001111010
1100100100110000
1110000101101101
1011100100101100
1010111111011100
0011001010111111
1101000101000111
1101011111011000
0011101001011011
1100001101100001
0001100011111101
1111001110011110
0010110011011011
0101001010000100
1011101001011111
0010100111011001
0101100000000011
1100111001111001
1010001000001010
1011000101100001
1010000100010010
1011001110000110
1011101000011100
0011111101011011
0100111010000011
1101000001000001
1101001110001110
1100010001011101
1011100100110011
1100000101111011
0001110000000110
0101101100110111
1101111101111010
1100000010011010
0001000111100110
0110011111111001
0101001101001011
1011011001101110
0010111001100100
1111001001011110
0011000110001111
0110010100010001
1111001100111000
1010001111001001
1111101001000100
0110110010111010
0101001001111001
1101101011010001
1010110100111110
1001100000001010
1011100100000110
1001101100001110
1010010100011011
0010000110100110
0101100101010100
0101001000110001
0011000111011110
1111011001000011
0010011000101111
0110111001000011
0011010001101110
1100101110111100
0001011100101000
0100100100011111
0011100011001001
0011100100001000
1010110111000000
1010010100100000
1011100110110011
0010001000011101
1101011101001001
1011001010101011
0010100010111011
0100000110111001
1100110100110001
1011111001101001
0001110110101001
1101111010111100
0001001110001100
0100100001100100
0101100100011110
1100100110110110
1011011101111010
1011000001101110
0010010000100110
0100010001100110
1011001101101010
1011001000101100
0011111110111100
1110011010101101
1010110111001001
1010100001110010
1011100110001011
0001111001011101
1101000010000010
0010011010011011
1111000111111011
1111011000111110
1110010101101011
0001001010100011
1110110000101011
1111100000001011
0100011011101110
1101101110000110
0001110110011000
1101011010011111
1001100001110011
1001111110110111
0001011001000011
1110000101010001
1010100111011100
0100001001110001
1101110100010000
1001000111100010
1010110001010110
0001100101010010
0100110100010011
0100011011111110
0100010111100101
1100110010101000
1011001110101000
1001100110111111
1100000001011110
0000110010110110
0011111010110110
1101011110110000
0010101000111010
0100100110110010
0110101111000111
1111100011100101
0011000101010101
1101110000101000
0001011001100110
0100001001111000
1100000000000111
0001111010001000
0100001001001010
0110110000000110
1110100010010100
0010011011001010
1101010011101111
0010011100011111
0101100110000110
0111010100100100
0101000101000110
0101101101011001
1110011100110001
1011111101001001
0011100001100001
1111001000010110
0010011001100101
0100010100111100
1101111010110001
1100011110010110
1100101110110100
1010101010101101
0011011010110011
1101011100110011
0001111101000010
0101010101001110
0101110010100100
1100111110111001
1001100010111001
1011001111101100
1011111101000001
0010011100100011
1111100000001111
0001111101011011
0101101000010001
0011110001100101
0011001101101010
0101011110100111
0011000011111011
1100001000000010
0001101000110100
0010111100101110
1110010011101100
1010111110101000
0000110101000101
0011101001110011
0011100010011011
0100100111001010
0001110111001010
0011111000011000
1100000001001101
1011101100001111
1100000000011011
1011011110100001
1011001011110110
1111010000010101
1101101011110110
1010010001101001
0010000010010101
1101010001001000
0000111111010001
0101011000000111
0100111110100011
1101001111011000
0011011001010010
1111100000010011
0001000011000001
1101100111110010
0001000010110110
1110100010001001
0010111011110110
0100000101101011
0100000010100010
1100110001001001
1100011001000001
0010000011100110
0100100001010010
1100001011001101
0010101101110000
0000110011110101
0010101100000010
1011111110110110
0010101000110100
1011111101111000
0010100001011011
1011101010100011
0011001100010011
0110000010010100
0110100001001000
1111010001101011
1010011010100001
1011110100101110
1100010111111010
1010000010110010
0010100101011011
0101100101110110
1100001000111110
1010001011111000
1100001101111011
0010010101110011
0101010011111100
1111010000001110
0010111010011111
0011110001011010
1110100010001110
0010001001101111
0011101111001110
0000000111000011
1011011001011111
1010001101000100
1100000011001110
1101010001110100
0011000010110111
1110100101000110
1011011011011000
0010001010010111
0101101101111101
1101011011000111
1011011001001001
1010101011111010
0001100010110010
0100011000011000
1100010000011110
0010101000111100
1101110001011011
0010010011001100
1011000000111001
0001101111111001
0100111111010001
0101001000010001
0100111010000000
0100101001101111
1011110001010011
0010101111110001
1101011111111000
0010111010101110
0101011001100001
0100100110000101
1110000010001011
1010111010010010
1010111011010000
0001111001100011
1100100010000111
1011100101000001
0011110011000100
0100000001000101
1101000100000100
1100001001110001
1011010110011100
1101000111010000
1001010011101100
1010000101110100
0001011100111001
0000001101001111
1011110011111001
1010110010001000
1011010101101110
0001111110100011
1110110011001100
0010010111101001
1110100111001011
1100001000001110
0010000100111001
1101100001001100
0010011111111000
0011110000011111
1101010111110100
0010001111100011
0011011111101011
0101110010111110
1100010100101110
1010011110000101
0000111110011010
1110111001110001
1010100000010111
1001010001110101
1100010000100011
0100000010100101
0101011111000010
1101110100001010
0001010101101101
1100110001001110
0011110010101001
0110000010111111
0011111110110111
0101101001000110
0100111100110110
0100010000011111
0011101110000010
0101000010000101
0010100011111010
0010110110010111
0111000011111101
1101100100010101
0101011011110000
1101010111011101
1011100000011111
0011011011101000
0100011111001000
1101000010100011
0100000001110110
1100101000011000
0011010010111100
1101000011011000
1100001011010100
1100010011001010
0001010111111011
0101010100100101
0101111010001000
0011011101100000
0101000111101111
1101100110111110
1001110111010000
0010000001100111
1101011101101100
1010000010000100
1001000000101010
0001010001111101
0100101100000111
1011101000010001
0011110101001010
0011111111011100
0010010001011111
0100110100110111
1111011001011111
1011010111011101
0010100010011100
0100101010100001
0100111001100101
0101101110110011
1101110111011011
0011001111000000
1110001111111001
1011011101011000
0010101011010100
0011100010101101
0011100101100111
0100101011100011
0101000111001010
0011101001010101
0101101001100011
0100110100110001
0111111001101111
0101001011011011
0011001010010111
1110000110100100
0010111011110011
1101000011010111
1011100101000111
1010100110100100
1011010101000010
1011110010111110
1100101100111100
0011010000001101
1010100011000110
1011101000111010
0011010100010101
1101101001001000
0011010110110000
0101100110101111
0110001110101001
1111000110010000
1100011011011110
1001010111001011
1010001001000100
0011001001110000
0011100011010011
1100111100001010
0011001001110111
1101101011001111
1100100011011000
1001101110101110
0010111010010010
1011101110111111
0000101001111001
1101111111110011
1011001000111011
0001000001010111
0100010110100100
1100111101111110
0001010010111100
0100111111001101
1011111001110101
0010101101110100
0010010100011010
0101010100010001
0101000110010110
1110100010101100
0001100010010010
0101011111101000
1100011001001010
0011011001110111
0010001101000011
1101111111001000
0001011111001100
0011110010011100
0100110111111100
1101010000011011
0011011111001100
0100100100011111
1110110101110111
0001110010100100
1101101110111010
1011110001011010
1100100111010101
1100000010000101
1010111101110111
0000101111001110
0011111001000001
1110000010101010
1010001000100001
1011101001010111
0011101001011100
0100111110111100
0100111000111011
0101001011000011
1111000101000101
1101000000010001
0001001001010001
0100111011111110
0101011000110001
0100011000101101
0000100101001100
1100010011110001
0001010110010110
1110100110101110
1100001000000100
1100001100100011
0000010101100110
1111011101001100
1001011010100010
0011101001100111
1100010110011000
1011110000011011
0011011110110010
0101101010000000
1101101100100001
1010001101111010
1011001011000100
1010010111001001
0000011001001100
1100100110000001
0011000010011110
1110010011010111
1010110100010010
0010011010111010
0101001110111001
0100111011011111
1101111101000101
0100110010100101
0010000001011110
0101000110000000
0101000010010100
0101011110010010
1100111110000110
0011011000111101
1101110110101001
0011010110000010
1110110010001000
0011111001100101
0100100111101101
1111001100101011
1011100100100110
1001101000000100
0010001011000001
0100000110100110
1011100111110110
0001110110111010
0011111110010110
1110011111111000
0010101111110001
1110101100000011
1011101000110100
1011001000100010
1011001100101111
1011101001001100
0011101101110001
1110100110010001
0000110000011100
1101110010110100
0010000101100101
0101010111011111
1101010011001100
1100101000101011
1011000101111111
1001100101010001
1100111100010010
1011110100100101
0011000000101111
0011111000011011
1110101000011000
1111101110001100
1110111100001100
1011010011010110
1001011010001011
1001110111001010
1011100011000011
1011100100000100
1010000111111001
0001110100001111
1111010010110111
0001110011100100
1101101100001100
1100001111011110
1100010110110101
0010100000101000
0010110010111010
1011101110000010
0010110110011110
0011110101001010
0101010110111110
1100000001110000
1011110110000011
1100000010110000
1011110000000000
1010000111010110
1010111001011000
0010110111011110
1011110010010001
1010011110110010
1010000010100001
0011100001100100
0110101110011101
0101100001110011
1100110001100011
1011100100101010
1011000010101011
1010010011010111
1011101101011011
0010011110100001
1100010100101000
0001100010111101
0100010111101010
0101011101101110
0011001110110000
1100111100110110
1010101111010001
1100011101010110
0100011010101001
0110010111110001
0101110001000010
0101000101000110
0100110001110001
0010111011111000
0100001101001000
0100101010111101
0100111101101100
0011100000110011
1100110111110100
0011000000001101
0011010011010000
1100101111011111
0010101010101000
1111011101000011
0001000111001110
1110011000101110
1010010111100011
0001111110101110
0011111111010011
1111001000010100
0011010110110000
1011001011100101
0001111011001010
1110010011010100
1001011110100011
0010000110110000
1101001001110001
1011111000100100
1010010010000011
1011011001011110
1010101100010010
1001101001010000
0001111001011010
0100001010001001
1101010011110110
0001111111101001
0010110101001101
0101111110101111
0110010000000000
0100100011000010
0011110101001010
1101111001110010
0001111000001011
1101101110100111
1001001111011010
0100010100111111
0101000101001000
1110011111100001
1101001011100100
1000111000010111
1010011011100111
0010100011100000
1110010001011001
1010101001111010
1011101001111000
0000111010001000
0100011110010010
0100010101111000
0101110100011011
1101000001101011
0001010010100101
1100100110101100
0010101011001101
1100110001101101
0100001110101110
0101010111101011
1110000001110100
0010001010111001
0101000100010000
1111001110101011
1000101011010111
1100110100100110
1010110111000010
1011010011101010
1100010101111011
0011000010000001
1011110000011110
1001100010100001
1011111110100011
0001010001111000
1011101111001100
0001111011010010
1101001011110111
1001111100001111
1010000000000110
0010101100000111
0010011101000010
0110001111010011
1110011011101110
0010000001100110
1101101000000000
1010001111010000
1010000101000100
1011101111100010
1100010111001100
0011110110010100
1101100000000101
1100000001100000
0100101001010000
0111010110110010
1101001101101001
1101111011100110
1011000111011111
0001100001011100
0101010110110111
0100101000110000
0110000011111100
0101011110000010
0010111000000110
1010000110001100
1011111100000101
1010000111101011
0011011010011111
1111100000100110
0001001100101110
1110110101011101
1011011111011000
0001101010001011
0110100010110010
1101000010111011
1100101111101101
0100001101010000
1011001100110100
1110110001000010
1100111001010110
0011100101001010
0011110010111010
1101010110011000
0000101111001110
1100001010100000
1010010000001111
1011111111101110
1101011101111001
0011111011100010
0100000111101000
0010001000111101
0100111110010110
0011110101010011
1011100100000100
0010110111111011
1110010101011001
0011010110100111
0100011000100010
1101001010011000
1011000100000000
1011000110011000
0010100110100111
0110101011000100
1101110010101110
1100000100010110
1101101111101110
0001111100110010
1110100000100101
0010101100010110
0011101100110000
0001101110001100
1010110111000010
1010111001011101
1010100101100101
1010110100110011
1001101001001000
1011100100100010
1011100011000110
0001100000001101
0101100101011101
0010110001000111
1100011010010110
0010000011010111
1100001000001100
1100110000000111
1101000011101111
0010100111111111
1100000000001111
0011000111110000
0001101100011111
1101000001100011
1111000100000011
1011110100011101
0000111111111001
1110101100010110
1010111110001011
0011100100000011
1101001110010101
0011111011000101
1110110101100001
1011100011100010
0001111111110010
0100111111110000
1101011011011001
0010010000010101
1110011110010100
0001011010011100
0011110000010110
1101101001001010
0001011111101011
0010111100100010
0101101101111011
1101010101110010
0000100000100101
0100001110111001
1101011110111011
1111100110111011
0011000110100100
1011100001010110
1100100110101111
0010001011100110
1110111101010101
1011111101011111
1011110111011010
0001100011001111
0101000001111100
1100000101100111
1010011101000101
1010100001100111
0010100101001011
1011100010111010
1001101011001110
0010100101001000
1111011000000111
1011101111000000
0001110101000000
1101100110000101
1011011001010011
0100101001010110
0100100111000100
0101110011000100
0100100110100100
0011110000010111
1110000000111111
1100100010011111
0000011001010000
0011011010100110
1101011011010101
1011110110010010
1010001110000011
1010100010101010
0011000101000100
0011001000001111
1110111000011100
0011010111001000
1100111001011110
1100000101000011
1100110100101100
1011101011000110
1100010100000010
0010011111111100
1101101010111111
1011001110000000
0001001011100101
0011110100011001
0100101010001110
0101110110110010
1100111100101111
1101000010011001
1010010110010101
0011000110101110
1100000111010101
0001010101000111
1101000110000111
0010100110111110
0110111001000111
1101110010000000
0001110111011000
0101010010111100
0011010010011101
1101100010100000
0010110111110000
0100010110010100
0100011111111011
0100111010000001
1110001001010111
0100010100010011
0111000010100011
1110011110000110
0000101111101000
1110000101000000
0001101011101011
1100011011010011
0011001010101001
1110001110000110
1011000100111010
1010110111000100
1010010000111000
1001001001001111
0000011011111101
0011010100010111
0100001101010101
0100111001101100
0100111101110001
1100001100100001
0011001010110111
0101001100100111
1111010111000001
0001101111111100
1101101001001111
0001101110110011
1110011111101001
0011101000000010
1110001111010101
0101100110011111
1101011101101100
1011110011101111
1000111111101110
0001101101010000
1011011011111000
0010001110001010
0011001001101011
1100110111001101
1010001111101011
0010001010101001
0101110011101100
0110100001000000
1110001001111110
0001101100001001
0100111010000000
1100101111110010
0001001111011010
1100000000000000
1001000100010010
1011001110100100
0011001000110001
1101111001001110
1011010010110111
1011010100111110
0001101100010100
1111110111011011
1011000010111100
1001101001001110
0001111111100001
0100000001110000
1101100000100111
1010110110001010
0001010110110110
0010101010000000
0100001010110001
0010111000010000
0100100101010110
0101110000101110
0111011110100011
0101010011100101
0101001011011000
1110111000110011
0010110110011111
1111001011000001
0010001000010011
0100110110010111
1100111000010101
1010011010011011
1010100110110000
0011010011010011
1101101110111101
0000001100100001
1111110011000000
0011000111011010
0010111000011111
0100010000010111
0100111100001001
0011110011000001
1101100001110000
1011101100111010
0011100011111010
1100000000001101
0001001000110110
1100111001011010
0010100011000110
1111001110110000
1101100100111011
0011001101111101
0101101001100010
0100100001110100
1101100010001111
0001011010001010
1110001110110010
0011110011001111
0110001101111001
0100010111101001
1101111010000011
0011000101101001
1101000000100010
1011100100101110
0010110000111101
1110010000111001
1010100101001100
1100111000100100
0011011111100000
0001111001111010
1100010111101011
1010111011000000
1000111100010100
1101001001001111
0010100111110011
0101011101000110
1100010100111001
1011100010010001
0100010101101111
0101100011000101
0101101000000100
0101011001110111
0100101000001001
0011011001010000
0000001010110100
0000110000101001
1110001100000100
0010110011101010
0111001000010001
1101010001011100
1101000001110000
0001110000100010
0100111100010010
1110100010011100
0001001111000010
1110010111110011
0100011010100001
0100110011001101
0111101111100001
0011111001110011
0000111011000101
1011010010001101
0010101010101011
1100100101000100
1001000000111000
1010111011101000
1011111111101010
1100010001101111
1001010101101010
0000000101110111
0100001011101111
1101101101000111
1110001001000000
1010111100001100
1011100001100100
0011011101011101
1101000010001111
0001000010011110
1011110010000111
0011101110100001
1110001110001011
1101001111000101
0001110100001001
0101111000010100
0111000110011111
1110010110111101
0010010111100111
0010110011100100
1111000110110010
1100000110110100
0001011011101000
0101010100011011
0111001100111000
1110000100010111
1011100100111000
1100110100001110
0010010101010000
1100000101100101
1010101001101011
1100001100001110
1010001110111110
0011111101010100
1101111100001100
1011011100011001
0010110011001011
1101100100011110
1010101000000001
1011110110101110
1100110101000110
0100010001000101
0011110111101111
0101101001001011
0011011111010111
1111001010111110
1011010100100110
0010100110101101
0110101101001111
1011001101100101
0010011110110000
0011011010111011
0010110111011110
1110011001100111
1010110101000101
0001110111111110
0100110010110110
0100001011110101
0100000010010001
0101101110100000
0011101111010110
1101010110010101
0010111011010101
0011110000001111
0100101011111010
1110011000111000
1011011111000100
0101011000001001
1100000111100111
1100100000010111
1100001101111001
0001010111101000
1100111101101010
0010011011001101
0100101011100111
1101100011111101
1001011110011001
1101010011010111
0001110011000010
0100110011101001
0101000010000110
0101110001100110
1110010000000011
1011100101111010
1001101010010000
0011011111000111
0110100100010000
0011000000100001
0010111001010010
0100100110111011
0100110010101010
1100101010011001
0001101011110110
1101100111100111
0000111000110110
1110100000110011
1011010111111100
0010100001011110
0110100100011011
0011110010001001
1111011110001100
1100100010101110
1011000110111101
1011101011000110
1100111110000111
0010101110110111
0101010000010001
1110000111101100
0010010000110011
1111001100100000
0011011111110000
1111101011000110
1010110100100000
1011111101111011
0011001101110110
1101111010010001
0011111000111001
1110011001000000
1010000000001111
1010110001111001
1010011100111011
0010110000110111
0100000110011110
0010001110100000
1100110111110011
1101000000011001
1010111010101100
1110011110011100
0000011011011101
0100000100010000
1110010010110110
1101000011100110
1010110001010001
0001110000111110
1111000110100010
1011010110100011
1100001011101100
0011110010101110
0101000011011100
1110111010101101
1100001100111100
1001110000010110
1010101101001110
1011111101001011
1001000000011010
1010011010010110
1111011110101100
0011111011000000
0100100011111010
1110000000010010
0001101010011001
0001000101101001
0110100001000011
1101001011001000
1100111110110000
0000110000100111
1110101101101001
0010111110111101
0100001001100111
0111100011000111
0111000100010100
0101101000011011
0100101110110111
1110010010010111
1100000110110110
0001101001111100
0100011000111011
1111011011101101
0011100001111100
0101000011010101
1100101100010111
0001110001011000
0101101101101101
1110000100110101
0010010000001111
0101100100110101
0010100101111011
0110000111101011
1101100101001100
1010110101111111
1100000001010000
0011000110100111
0101111001001000
0101110010101111
0110001000110101
1101010110111111
1010011110010100
0001101001101010
1101010110000010
0011110011101000
1011110101011000
1010110110011010
1011101000001000
0011010100010101
0011100010111110
1101100001111001
0010011111111000
0100110001001111
0101001000011101
1101100001111011
1010011111001000
0001111001001101
0100101101110000
1111010000100110
0010110101100101
1101101110111001
1011101001100100
0010111001110001
1111101111101010
0010101001110110
1111011011001110
1011101011010010
0011010010101000
0101011000001011
0110110010001001
1100100011010001
0001010001011010
1110000101111111
0011011010100111
1101110101010100
1011000100010001
1101000011010011
1010100100110001
0011010011000101
1111111010101000
0010110100000001
0011101011110101
0000100000011011
0001010111001000
0101000001100111
0101101010001011
0110001000110001
0100100111110001
1110011010001101
1001001110011010
0010011010110000
1100110000101000
0000010111010000
1110111100101001
1101000001010101
1011100101001101
0001000011110100
0000011111001011
0001111000000100
0101110001001101
1101011111100001
0011111000111111
1110000001111101
0001110010011110
1101101111011101
0010001110011000
1111010100001011
0011001011011101
1110000101011000
1010100110001011
0001010110010000
1110011010111101
0100000100101101
1100101100110111
1001110011100110
1101010100110110
1011011011001000
1010010111001110
1001110101100000
0011110011010000
0110011111010101
0110110010000001
1110011001001001
1011011001101110
0100110111000010
0110001011011101
1011100110001110
0010010101001100
0000100011001001
0001100100000000
0101000000000100
1101001101110001
1100110110100001
0001100101001101
0100110001001101
1100110010011101
1011000110000000
1100100100111101
1011011101110000
0010010101000110
0011100110000010
0010111101100000
1110000100111011
1011110111010111
1011101011101001
1001000110011011
0011001001011001
1101111011010001
1100110000100101
0010011111101101
1101110111001111
1010100110000001
1010000101100101
1010111101010010
1101000000110110
1101011010111000
0000110010000101
0101001001101000
1101101000000001
0010011110100101
0101101001100110
1100011101111011
0001001010110011
1101111110111111
1011101001001111
0010000011101100
1101011001010011
1100010110111110
0001100110000010
0100011110111111
1110011111101010
0010101100111010
1111011110000110
1011010000001001
0010010100000011
0100001111110101
1101000000001000
0011011100010100
0011001001101100
1101010011000101
1111010010111111
0101100111001001
1110010111000010
1100011010010010
1010000110100011
0010010001001011
0100110010101011
0010100111110011
1011100011111011
0001100100101010
0110010010000011
0111001101000001
1101110110010001
1001010011011000
0010101011000011
1110000111011000
0010001110110111
0100111001110011
1011011111101011
0000100101011011
1110100111010001
1011000001110110
0000011011101101
1101010001110110
1010010111101001
0011001010001010
0100101001011000
1110000010000101
1011111001100001
0001001001000000
1101110001001101
1011001010101110
0011001010000011
1111110111001101
1011101011111010
1011001100010100
0010011000100111
1100111011101000
0000010100001110
1110001101101101
0001110100101000
0101001001100110
0100110000100001
1101000101001110
0010101000101000
1110011111101100
1011011111000000
0010100000010100
0011100000111101
1111001011111000
0011110000010110
0001101010111011
0010001111110100
0101001001100011
0011101011110111
1100001101010010
1110011001111010
1010001111100010
1001110111100100
1011101010001111
1010011100101000
1001111101100100
1001101001010100
1010100111000000
0010111101010000
0010111100011001
1101100011001110
0010010101010100
0100010010100011
1110110011110101
1100000011110010
1110101110110100
1001110101101011
0010100010000100
0101100111110010
1100111110011000
0010111101111010
1111100111010100
0011010010011000
0101101110111011
0100011011101100
0101000010110110
0100000101011001
1101011110000100
1011001100000100
1100011110011000
1011110100000111
1011010001100010
0001111001101111
1101010111100010
1001111011111100
1100001100010011
0011101101101110
1100011100110110
0100010110000110
1101000100100111
1011100000011100
1011101110000100
0010000011110001
0100100001100110
1100010001111011
1011010001110100
0011000100101110
1111110101111001
1011011001100111
0100001111000100
0100001111111100
0011001010111010
0011110110001010
0100000010000110
0101011011001111
1100000101011010
1011001010001110
1010000000101000
1111000111011101
0100111111011110
1100101001010001
1100101000110000
0001111111111001
1111000000011101
1100100010000011
0100110110000011
1100111000011110
1001111101101010
0011011101100100
1101001011010110
1010110110100110
1011110111101011
0010110111100111
1110000110010111
0011101001000101
1110101010000100
0000111101101111
0101001010101111
0100000000101001
1100100000001010
1011011100000111
1011011000100111
1010101011101010
1011111100000111
0011001001011111
0101010101000000
1101000011011011
0000110010111101
1100111011110111
0001101011110011
1101110000001101
1100000111011010
0100110110100100
0100101100010100
0100100101110100
1101010110100101
1010010001110011
1011110011001111
0010001100010000
1110010010010001
0011011000000001
1100001011110010
1100010100101100
0001011001110100
0011110100000000
1100110001101101
1010111100001101
0000100011111100
1110100111110101
1010100101011011
1100011011100100
0100101010011111
1101111111111001
1010110101111110
0011000001100010
1100010011111111
0010011010110111
0100101101011101
1101011101000111
1010011111110101
1010001001000011
1011001111101111
1100001001100000
1010111110001101
1001101000011011
0010111000111100
1110111011101110
0001000111110100
0001010110111111
1110110100100111
0010011100000001
1011011101100000
1010100101011000
0011101110000111
1100111110100010
0010000010011000
0100101100111001
1101100110110001
0001110000010011
1100010010110000
1100001000110101
0011001100111110
1110101010110111
1110001010001000
1011011011110000
1011010101011101
0011011111001010
0100101100001001
0110010110011011
1111101101110010
0011011000110000
1110111111011100
1011110001110000
1011100001110100
0001100010001010
0100101101010111
1100010110101100
0100100101100110
0100100000000111
1100110010101110
0001001011110110
1110101100111010
0010110111111100
0101101111010101
1110111010010111
0010001110011010
1111011101111110
0010100011000010
1110100110001001
1001010001111101
1011100000100011
0001110001111010
1100110010110001
1000110011010100
1001001011011110
0010010010010101
0100100110000100
0011010011001010
0011110011111001
1110110000111001
0010001000100011
0100100111100100
0101110000100001
0110011010000101
0011011000100011
1111110001111101
0010100001100110
1101010100011110
0100010010001110
1110011011110011
1010111001011101
0010000010011100
1100111001010101
0001010010010000
0101100010011000
1101101001001100
1000000000000001
0010001011000010
0101010111111011
0101100101000111
0100011111111111
1100111110000010
1011101110111100
1010101010001111
1011111110111100
0000000011010110
0101010011110000
1111100010000001
1100001010100000
1011111101001110
1010010110010111
0001101101110010
0110001110110010
1101000101011111
1001001111110100
1010001101110111
1100011000110001
0010011001010110
0101001011100111
1110010110100110
0100100110110100
1110011111011000
1111101000100100
0110010100010000
0110010101000000
0100001010011100
0011111101010110
1110110110100110
0001110001100010
1101001011100000
0011111111011010
0101000001100111
0110111001110101
0011110000011110
1100111111100111
1101010011110110
1010100011000010
1001101000100111
0001011101011111
0100111000011000
0101001000111101
0100111001111101
;