0000000000
0000010000
0000100000
0000110000
0001000000
0001010000
0001100000
0001101111
0001111111
0010001111
0010011110
0010101101
0010111100
0011001011
0011011010
0011101000
0011110110
0100000100
0100010010
0100011111
0100101100
0100111001
0101000110
0101010010
0101011110
0101101001
0101110101
0101111111
0110001010
0110010100
0110011101
0110100111
0110101111
0110111000
0111000000
0111000111
0111001110
0111010101
0111011011
0111100001
0111100110
0111101011
0111101111
0111110011
0111110110
0111111001
0111111011
0111111101
0111111110
0111111111
0111111111
0111111111
0111111110
0111111101
0111111011
0111111001
0111110110
0111110011
0111101111
0111101011
0111100110
0111100001
0111011011
0111010101
0111001110
0111000111
0111000000
0110111000
0110101111
0110100111
0110011101
0110010100
0110001010
0101111111
0101110101
0101101001
0101011110
0101010010
0101000110
0100111001
0100101100
0100011111
0100010010
0100000100
0011110110
0011101000
0011011010
0011001011
0010111100
0010101101
0010011110
0010001111
0001111111
0001101111
0001100000
0001010000
0001000000
0000110000
0000100000
0000010000
0000000000
1111110000
1111100000
1111010000
1111000000
1110110000
1110100000
1110010001
1110000001
1101110001
1101100010
1101010011
1101000100
1100110101
1100100110
1100011000
1100001010
1011111100
1011101110
1011100001
1011010100
1011000111
1010111010
1010101110
1010100010
1010010111
1010001011
1010000001
1001110110
1001101100
1001100011
1001011001
1001010001
1001001000
1001000000
1000111001
1000110010
1000101011
1000100101
1000011111
1000011010
1000010101
1000010001
1000001101
1000001010
1000000111
1000000101
1000000011
1000000010
1000000001
1000000001
1000000001
1000000010
1000000011
1000000101
1000000111
1000001010
1000001101
1000010001
1000010101
1000011010
1000011111
1000100101
1000101011
1000110010
1000111001
1001000000
1001001000
1001010001
1001011001
1001100011
1001101100
1001110110
1010000001
1010001011
1010010111
1010100010
1010101110
1010111010
1011000111
1011010100
1011100001
1011101110
1011111100
1100001010
1100011000
1100100110
1100110101
1101000100
1101010011
1101100010
1101110001
1110000001
1110010001
1110100000
1110110000
1111000000
1111010000
1111100000
1111110000
0000000000
0000010000
0000100000
0000110000
0001000000
0001010000
0001100000
0001101111
0001111111
0010001111
0010011110
0010101101
0010111100
0011001011
0011011010
0011101000
0011110110
0100000100
0100010010
0100011111
0100101100
0100111001
0101000110
0101010010
0101011110
0101101001
0101110101
0101111111
0110001010
0110010100
0110011101
0110100111
0110101111
0110111000
0111000000
0111000111
0111001110
0111010101
0111011011
0111100001
0111100110
0111101011
0111101111
0111110011
0111110110
0111111001
0111111011
0111111101
0111111110
0111111111
0111111111
0111111111
0111111110
0111111101
0111111011
0111111001
0111110110
0111110011
0111101111
0111101011
0111100110
0111100001
0111011011
0111010101
0111001110
0111000111
0111000000
0110111000
0110101111
0110100111
0110011101
0110010100
0110001010
0101111111
0101110101
0101101001
0101011110
0101010010
0101000110
0100111001
0100101100
0100011111
0100010010
0100000100
0011110110
0011101000
0011011010
0011001011
0010111100
0010101101
0010011110
0010001111
0001111111
0001101111
0001100000
0001010000
0001000000
0000110000
0000100000
0000010000
0000000000
1111110000
1111100000
1111010000
1111000000
1110110000
1110100000
1110010001
1110000001
1101110001
1101100010
1101010011
1101000100
1100110101
1100100110
1100011000
1100001010
1011111100
1011101110
1011100001
1011010100
1011000111
1010111010
1010101110
1010100010
1010010111
1010001011
1010000001
1001110110
1001101100
1001100011
1001011001
1001010001
1001001000
1001000000
1000111001
1000110010
1000101011
1000100101
1000011111
1000011010
1000010101
1000010001
1000001101
1000001010
1000000111
1000000101
1000000011
1000000010
1000000001
1000000001
1000000001
1000000010
1000000011
1000000101
1000000111
1000001010
1000001101
1000010001
1000010101
1000011010
1000011111
1000100101
1000101011
1000110010
1000111001
1001000000
1001001000
1001010001
1001011001
1001100011
1001101100
1001110110
1010000001
1010001011
1010010111
1010100010
1010101110
1010111010
1011000111
1011010100
1011100001
1011101110
1011111100
1100001010
1100011000
1100100110
1100110101
1101000100
1101010011
1101100010
1101110001
1110000001
1110010001
1110100000
1110110000
1111000000
1111010000
1111100000
1111110000
0000000000
0000010000
0000100000
0000110000
0001000000
0001010000
0001100000
0001101111
0001111111
0010001111
0010011110
0010101101
0010111100
0011001011
0011011010
0011101000
0011110110
0100000100
0100010010
0100011111
0100101100
0100111001
0101000110
0101010010
0101011110
0101101001
0101110101
0101111111
0110001010
0110010100
0110011101
0110100111
0110101111
0110111000
0111000000
0111000111
0111001110
0111010101
0111011011
0111100001
0111100110
0111101011
0111101111
0111110011
0111110110
0111111001
0111111011
0111111101
0111111110
0111111111
0111111111
0111111111
0111111110
0111111101
0111111011
0111111001
0111110110
0111110011
0111101111
0111101011
0111100110
0111100001
0111011011
0111010101
0111001110
0111000111
0111000000
0110111000
0110101111
0110100111
0110011101
0110010100
0110001010
0101111111
0101110101
0101101001
0101011110
0101010010
0101000110
0100111001
0100101100
0100011111
0100010010
0100000100
0011110110
0011101000
0011011010
0011001011
0010111100
0010101101
0010011110
0010001111
0001111111
0001101111
0001100000
0001010000
0001000000
0000110000
0000100000
0000010000
0000000000
1111110000
1111100000
1111010000
1111000000
1110110000
1110100000
1110010001
1110000001
1101110001
1101100010
1101010011
1101000100
1100110101
1100100110
1100011000
1100001010
1011111100
1011101110
1011100001
1011010100
1011000111
1010111010
1010101110
1010100010
1010010111
1010001011
1010000001
1001110110
1001101100
1001100011
1001011001
1001010001
1001001000
1001000000
1000111001
1000110010
1000101011
1000100101
1000011111
1000011010
1000010101
1000010001
1000001101
1000001010
1000000111
1000000101
1000000011
1000000010
1000000001
1000000001
1000000001
1000000010
1000000011
1000000101
1000000111
1000001010
1000001101
1000010001
1000010101
1000011010
1000011111
1000100101
1000101011
1000110010
1000111001
1001000000
1001001000
1001010001
1001011001
1001100011
1001101100
1001110110
1010000001
1010001011
1010010111
1010100010
1010101110
1010111010
1011000111
1011010100
1011100001
1011101110
1011111100
1100001010
1100011000
1100100110
1100110101
1101000100
1101010011
1101100010
1101110001
1110000001
1110010001
1110100000
1110110000
1111000000
1111010000
1111100000
1111110000
0000000000
0000010000
0000100000
0000110000
0001000000
0001010000
0001100000
0001101111
0001111111
0010001111
0010011110
0010101101
0010111100
0011001011
0011011010
0011101000
0011110110
0100000100
0100010010
0100011111
0100101100
0100111001
0101000110
0101010010
0101011110
0101101001
0101110101
0101111111
0110001010
0110010100
0110011101
0110100111
0110101111
0110111000
0111000000
0111000111
0111001110
0111010101
0111011011
0111100001
0111100110
0111101011
0111101111
0111110011
0111110110
0111111001
0111111011
0111111101
0111111110
0111111111
0111111111
0111111111
0111111110
0111111101
0111111011
0111111001
0111110110
0111110011
0111101111
0111101011
0111100110
0111100001
0111011011
0111010101
0111001110
0111000111
0111000000
0110111000
0110101111
0110100111
0110011101
0110010100
0110001010
0101111111
0101110101
0101101001
0101011110
0101010010
0101000110
0100111001
0100101100
0100011111
0100010010
0100000100
0011110110
0011101000
0011011010
0011001011
0010111100
0010101101
0010011110
0010001111
0001111111
0001101111
0001100000
0001010000
0001000000
0000110000
0000100000
0000010000
0000000000
1111110000
1111100000
1111010000
1111000000
1110110000
1110100000
1110010001
1110000001
1101110001
1101100010
1101010011
1101000100
1100110101
1100100110
1100011000
1100001010
1011111100
1011101110
1011100001
1011010100
1011000111
1010111010
1010101110
1010100010
1010010111
1010001011
1010000001
1001110110
1001101100
1001100011
1001011001
1001010001
1001001000
1001000000
1000111001
1000110010
1000101011
1000100101
1000011111
1000011010
1000010101
1000010001
1000001101
1000001010
1000000111
1000000101
1000000011
1000000010
1000000001
1000000001
1000000001
1000000010
1000000011
1000000101
1000000111
1000001010
1000001101
1000010001
1000010101
1000011010
1000011111
1000100101
1000101011
1000110010
1000111001
1001000000
1001001000
1001010001
1001011001
1001100011
1001101100
1001110110
1010000001
1010001011
1010010111
1010100010
1010101110
1010111010
1011000111
1011010100
1011100001
1011101110
1011111100
1100001010
1100011000
1100100110
1100110101
1101000100
1101010011
1101100010
1101110001
1110000001
1110010001
1110100000
1110110000
1111000000
1111010000
1111100000
1111110000
0000000000
0000010000
0000100000
0000110000
0001000000
0001010000
0001100000
0001101111
0001111111
0010001111
0010011110
0010101101
0010111100
0011001011
0011011010
0011101000
0011110110
0100000100
0100010010
0100011111
0100101100
0100111001
0101000110
0101010010
0101011110
0101101001
0101110101
0101111111
0110001010
0110010100
0110011101
0110100111
0110101111
0110111000
0111000000
0111000111
0111001110
0111010101
0111011011
0111100001
0111100110
0111101011
0111101111
0111110011
0111110110
0111111001
0111111011
0111111101
0111111110
0111111111
0111111111
0111111111
0111111110
0111111101
0111111011
0111111001
0111110110
0111110011
0111101111
0111101011
0111100110
0111100001
0111011011
0111010101
0111001110
0111000111
0111000000
0110111000
0110101111
0110100111
0110011101
0110010100
0110001010
0101111111
0101110101
0101101001
0101011110
0101010010
0101000110
0100111001
0100101100
0100011111
0100010010
0100000100
0011110110
0011101000
0011011010
0011001011
0010111100
0010101101
0010011110
0010001111
0001111111
0001101111
0001100000
0001010000
0001000000
0000110000
0000100000
0000010000
0000000000
1111110000
1111100000
1111010000
1111000000
1110110000
1110100000
1110010001
1110000001
1101110001
1101100010
1101010011
1101000100
1100110101
1100100110
1100011000
1100001010
1011111100
1011101110
1011100001
1011010100
1011000111
1010111010
1010101110
1010100010
1010010111
1010001011
1010000001
1001110110
1001101100
1001100011
1001011001
1001010001
1001001000
1001000000
1000111001
1000110010
1000101011
1000100101
1000011111
1000011010
1000010101
1000010001
1000001101
1000001010
1000000111
1000000101
1000000011
1000000010
1000000001
1000000001
1000000001
1000000010
1000000011
1000000101
1000000111
1000001010
1000001101
1000010001
1000010101
1000011010
1000011111
1000100101
1000101011
1000110010
1000111001
1001000000
1001001000
1001010001
1001011001
1001100011
1001101100
1001110110
1010000001
1010001011
1010010111
1010100010
1010101110
1010111010
1011000111
1011010100
1011100001
1011101110
1011111100
1100001010
1100011000
1100100110
1100110101
1101000100
1101010011
1101100010
1101110001
1110000001
1110010001
1110100000
1110110000
1111000000
1111010000
1111100000
1111110000
0000000000
0000010000
0000100000
0000110000
0001000000
0001010000
0001100000
0001101111
0001111111
0010001111
0010011110
0010101101
0010111100
0011001011
0011011010
0011101000
0011110110
0100000100
0100010010
0100011111
0100101100
0100111001
0101000110
0101010010
0101011110
0101101001
0101110101
0101111111
0110001010
0110010100
0110011101
0110100111
0110101111
0110111000
0111000000
0111000111
0111001110
0111010101
0111011011
0111100001
0111100110
0111101011
0111101111
0111110011
0111110110
0111111001
0111111011
0111111101
0111111110
0111111111
0111111111
0111111111
0111111110
0111111101
0111111011
0111111001
0111110110
0111110011
0111101111
0111101011
0111100110
0111100001
0111011011
0111010101
0111001110
0111000111
0111000000
0110111000
0110101111
0110100111
0110011101
0110010100
0110001010
0101111111
0101110101
0101101001
0101011110
0101010010
0101000110
0100111001
0100101100
0100011111
0100010010
0100000100
0011110110
0011101000
0011011010
0011001011
0010111100
0010101101
0010011110
0010001111
0001111111
0001101111
0001100000
0001010000
0001000000
0000110000
0000100000
0000010000
0000000000
1111110000
1111100000
1111010000
1111000000
1110110000
1110100000
1110010001
1110000001
1101110001
1101100010
1101010011
1101000100
1100110101
1100100110
1100011000
1100001010
1011111100
1011101110
1011100001
1011010100
1011000111
1010111010
1010101110
1010100010
1010010111
1010001011
1010000001
1001110110
1001101100
1001100011
1001011001
1001010001
1001001000
1001000000
1000111001
1000110010
1000101011
1000100101
1000011111
1000011010
1000010101
1000010001
1000001101
1000001010
1000000111
1000000101
1000000011
1000000010
1000000001
1000000001
1000000001
1000000010
1000000011
1000000101
1000000111
1000001010
1000001101
1000010001
1000010101
1000011010
1000011111
1000100101
1000101011
1000110010
1000111001
1001000000
1001001000
1001010001
1001011001
1001100011
1001101100
1001110110
1010000001
1010001011
1010010111
1010100010
1010101110
1010111010
1011000111
1011010100
1011100001
1011101110
1011111100
1100001010
1100011000
1100100110
1100110101
1101000100
1101010011
1101100010
1101110001
1110000001
1110010001
1110100000
1110110000
1111000000
1111010000
1111100000
1111110000
0000000000
0000010000
0000100000
0000110000
0001000000
0001010000
0001100000
0001101111
0001111111
0010001111
0010011110
0010101101
0010111100
0011001011
0011011010
0011101000
0011110110
0100000100
0100010010
0100011111
0100101100
0100111001
0101000110
0101010010
0101011110
0101101001
0101110101
0101111111
0110001010
0110010100
0110011101
0110100111
0110101111
0110111000
0111000000
0111000111
0111001110
0111010101
0111011011
0111100001
0111100110
0111101011
0111101111
0111110011
0111110110
0111111001
0111111011
0111111101
0111111110
0111111111
0111111111
0111111111
0111111110
0111111101
0111111011
0111111001
0111110110
0111110011
0111101111
0111101011
0111100110
0111100001
0111011011
0111010101
0111001110
0111000111
0111000000
0110111000
0110101111
0110100111
0110011101
0110010100
0110001010
0101111111
0101110101
0101101001
0101011110
0101010010
0101000110
0100111001
0100101100
0100011111
0100010010
0100000100
0011110110
0011101000
0011011010
0011001011
0010111100
0010101101
0010011110
0010001111
0001111111
0001101111
0001100000
0001010000
0001000000
0000110000
0000100000
0000010000
0000000000
1111110000
1111100000
1111010000
1111000000
1110110000
1110100000
1110010001
1110000001
1101110001
1101100010
1101010011
1101000100
1100110101
1100100110
1100011000
1100001010
1011111100
1011101110
1011100001
1011010100
1011000111
1010111010
1010101110
1010100010
1010010111
1010001011
1010000001
1001110110
1001101100
1001100011
1001011001
1001010001
1001001000
1001000000
1000111001
1000110010
1000101011
1000100101
1000011111
1000011010
1000010101
1000010001
1000001101
1000001010
1000000111
1000000101
1000000011
1000000010
1000000001
1000000001
1000000001
1000000010
1000000011
1000000101
1000000111
1000001010
1000001101
1000010001
1000010101
1000011010
1000011111
1000100101
1000101011
1000110010
1000111001
1001000000
1001001000
1001010001
1001011001
1001100011
1001101100
1001110110
1010000001
1010001011
1010010111
1010100010
1010101110
1010111010
1011000111
1011010100
1011100001
1011101110
1011111100
1100001010
1100011000
1100100110
1100110101
1101000100
1101010011
1101100010
1101110001
1110000001
1110010001
1110100000
1110110000
1111000000
1111010000
1111100000
1111110000
0000000000
0000010000
0000100000
0000110000
0001000000
0001010000
0001100000
0001101111
0001111111
0010001111
0010011110
0010101101
0010111100
0011001011
0011011010
0011101000
0011110110
0100000100
0100010010
0100011111
0100101100
0100111001
0101000110
0101010010
0101011110
0101101001
0101110101
0101111111
0110001010
0110010100
0110011101
0110100111
0110101111
0110111000
0111000000
0111000111
0111001110
0111010101
0111011011
0111100001
0111100110
0111101011
0111101111
0111110011
0111110110
0111111001
0111111011
0111111101
0111111110
0111111111
0111111111
0111111111
0111111110
0111111101
0111111011
0111111001
0111110110
0111110011
0111101111
0111101011
0111100110
0111100001
0111011011
0111010101
0111001110
0111000111
0111000000
0110111000
0110101111
0110100111
0110011101
0110010100
0110001010
0101111111
0101110101
0101101001
0101011110
0101010010
0101000110
0100111001
0100101100
0100011111
0100010010
0100000100
0011110110
0011101000
0011011010
0011001011
0010111100
0010101101
0010011110
0010001111
0001111111
0001101111
0001100000
0001010000
0001000000
0000110000
0000100000
0000010000
0000000000
1111110000
1111100000
1111010000
1111000000
1110110000
1110100000
1110010001
1110000001
1101110001
1101100010
1101010011
1101000100
1100110101
1100100110
1100011000
1100001010
1011111100
1011101110
1011100001
1011010100
1011000111
1010111010
1010101110
1010100010
1010010111
1010001011
1010000001
1001110110
1001101100
1001100011
1001011001
1001010001
1001001000
1001000000
1000111001
1000110010
1000101011
1000100101
1000011111
1000011010
1000010101
1000010001
1000001101
1000001010
1000000111
1000000101
1000000011
1000000010
1000000001
1000000001
1000000001
1000000010
1000000011
1000000101
1000000111
1000001010
1000001101
1000010001
1000010101
1000011010
1000011111
1000100101
1000101011
1000110010
1000111001
1001000000
1001001000
1001010001
1001011001
1001100011
1001101100
1001110110
1010000001
1010001011
1010010111
1010100010
1010101110
1010111010
1011000111
1011010100
1011100001
1011101110
1011111100
1100001010
1100011000
1100100110
1100110101
1101000100
1101010011
1101100010
1101110001
1110000001
1110010001
1110100000
1110110000
1111000000
1111010000
1111100000
1111110000
0000000000
0000010000
0000100000
0000110000
0001000000
0001010000
0001100000
0001101111
0001111111
0010001111
0010011110
0010101101
0010111100
0011001011
0011011010
0011101000
0011110110
0100000100
0100010010
0100011111
0100101100
0100111001
0101000110
0101010010
0101011110
0101101001
0101110101
0101111111
0110001010
0110010100
0110011101
0110100111
0110101111
0110111000
0111000000
0111000111
0111001110
0111010101
0111011011
0111100001
0111100110
0111101011
0111101111
0111110011
0111110110
0111111001
0111111011
0111111101
0111111110
0111111111
0111111111
0111111111
0111111110
0111111101
0111111011
0111111001
0111110110
0111110011
0111101111
0111101011
0111100110
0111100001
0111011011
0111010101
0111001110
0111000111
0111000000
0110111000
0110101111
0110100111
0110011101
0110010100
0110001010
0101111111
0101110101
0101101001
0101011110
0101010010
0101000110
0100111001
0100101100
0100011111
0100010010
0100000100
0011110110
0011101000
0011011010
0011001011
0010111100
0010101101
0010011110
0010001111
0001111111
0001101111
0001100000
0001010000
0001000000
0000110000
0000100000
0000010000
0000000000
1111110000
1111100000
1111010000
1111000000
1110110000
1110100000
1110010001
1110000001
1101110001
1101100010
1101010011
1101000100
1100110101
1100100110
1100011000
1100001010
1011111100
1011101110
1011100001
1011010100
1011000111
1010111010
1010101110
1010100010
1010010111
1010001011
1010000001
1001110110
1001101100
1001100011
1001011001
1001010001
1001001000
1001000000
1000111001
1000110010
1000101011
1000100101
1000011111
1000011010
1000010101
1000010001
1000001101
1000001010
1000000111
1000000101
1000000011
1000000010
1000000001
1000000001
1000000001
1000000010
1000000011
1000000101
1000000111
1000001010
1000001101
1000010001
1000010101
1000011010
1000011111
1000100101
1000101011
1000110010
1000111001
1001000000
1001001000
1001010001
1001011001
1001100011
1001101100
1001110110
1010000001
1010001011
1010010111
1010100010
1010101110
1010111010
1011000111
1011010100
1011100001
1011101110
1011111100
1100001010
1100011000
1100100110
1100110101
1101000100
1101010011
1101100010
1101110001
1110000001
1110010001
1110100000
1110110000
1111000000
1111010000
1111100000
1111110000
0000000000
0000010000
0000100000
0000110000
0001000000
0001010000
0001100000
0001101111
0001111111
0010001111
0010011110
0010101101
0010111100
0011001011
0011011010
0011101000
0011110110
0100000100
0100010010
0100011111
0100101100
0100111001
0101000110
0101010010
0101011110
0101101001
0101110101
0101111111
0110001010
0110010100
0110011101
0110100111
0110101111
0110111000
0111000000
0111000111
0111001110
0111010101
0111011011
0111100001
0111100110
0111101011
0111101111
0111110011
0111110110
0111111001
0111111011
0111111101
0111111110
0111111111
0111111111
0111111111
0111111110
0111111101
0111111011
0111111001
0111110110
0111110011
0111101111
0111101011
0111100110
0111100001
0111011011
0111010101
0111001110
0111000111
0111000000
0110111000
0110101111
0110100111
0110011101
0110010100
0110001010
0101111111
0101110101
0101101001
0101011110
0101010010
0101000110
0100111001
0100101100
0100011111
0100010010
0100000100
0011110110
0011101000
0011011010
0011001011
0010111100
0010101101
0010011110
0010001111
0001111111
0001101111
0001100000
0001010000
0001000000
0000110000
0000100000
0000010000
0000000000
1111110000
1111100000
1111010000
1111000000
1110110000
1110100000
1110010001
1110000001
1101110001
1101100010
1101010011
1101000100
1100110101
1100100110
1100011000
1100001010
1011111100
1011101110
1011100001
1011010100
1011000111
1010111010
1010101110
1010100010
1010010111
1010001011
1010000001
1001110110
1001101100
1001100011
1001011001
1001010001
1001001000
1001000000
1000111001
1000110010
1000101011
1000100101
1000011111
1000011010
1000010101
1000010001
1000001101
1000001010
1000000111
1000000101
1000000011
1000000010
1000000001
1000000001
1000000001
1000000010
1000000011
1000000101
1000000111
1000001010
1000001101
1000010001
1000010101
1000011010
1000011111
1000100101
1000101011
1000110010
1000111001
1001000000
1001001000
1001010001
1001011001
1001100011
1001101100
1001110110
1010000001
1010001011
1010010111
1010100010
1010101110
1010111010
1011000111
1011010100
1011100001
1011101110
1011111100
1100001010
1100011000
1100100110
1100110101
1101000100
1101010011
1101100010
1101110001
1110000001
1110010001
1110100000
1110110000
1111000000
1111010000
1111100000
1111110000
0000000000
0000010000
0000100000
0000110000
0001000000
0001010000
0001100000
0001101111
0001111111
0010001111
0010011110
0010101101
0010111100
0011001011
0011011010
0011101000
0011110110
0100000100
0100010010
0100011111
0100101100
0100111001
0101000110
0101010010
0101011110
0101101001
0101110101
0101111111
0110001010
0110010100
0110011101
0110100111
0110101111
0110111000
0111000000
0111000111
0111001110
0111010101
0111011011
0111100001
0111100110
0111101011
0111101111
0111110011
0111110110
0111111001
0111111011
0111111101
0111111110
0111111111
0111111111
0111111111
0111111110
0111111101
0111111011
0111111001
0111110110
0111110011
0111101111
0111101011
0111100110
0111100001
0111011011
0111010101
0111001110
0111000111
0111000000
0110111000
0110101111
0110100111
0110011101
0110010100
0110001010
0101111111
0101110101
0101101001
0101011110
0101010010
0101000110
0100111001
0100101100
0100011111
0100010010
0100000100
0011110110
0011101000
0011011010
0011001011
0010111100
0010101101
0010011110
0010001111
0001111111
0001101111
0001100000
0001010000
0001000000
0000110000
0000100000
0000010000
0000000000
1111110000
1111100000
1111010000
1111000000
1110110000
1110100000
1110010001
1110000001
1101110001
1101100010
1101010011
1101000100
1100110101
1100100110
1100011000
1100001010
1011111100
1011101110
1011100001
1011010100
1011000111
1010111010
1010101110
1010100010
1010010111
1010001011
1010000001
1001110110
1001101100
1001100011
1001011001
1001010001
1001001000
1001000000
1000111001
1000110010
1000101011
1000100101
1000011111
1000011010
1000010101
1000010001
1000001101
1000001010
1000000111
1000000101
1000000011
1000000010
1000000001
1000000001
1000000001
1000000010
1000000011
1000000101
1000000111
1000001010
1000001101
1000010001
1000010101
1000011010
1000011111
1000100101
1000101011
1000110010
1000111001
1001000000
1001001000
1001010001
1001011001
1001100011
1001101100
1001110110
1010000001
1010001011
1010010111
1010100010
1010101110
1010111010
1011000111
1011010100
1011100001
1011101110
1011111100
1100001010
1100011000
1100100110
1100110101
1101000100
1101010011
1101100010
1101110001
1110000001
1110010001
1110100000
1110110000
1111000000
1111010000
1111100000
1111110000
0000000000
0000010000
0000100000
0000110000
0001000000
0001010000
0001100000
0001101111
0001111111
0010001111
0010011110
0010101101
0010111100
0011001011
0011011010
0011101000
0011110110
0100000100
0100010010
0100011111
0100101100
0100111001
0101000110
0101010010
0101011110
0101101001
0101110101
0101111111
0110001010
0110010100
0110011101
0110100111
0110101111
0110111000
0111000000
0111000111
0111001110
0111010101
0111011011
0111100001
0111100110
0111101011
0111101111
0111110011
0111110110
0111111001
0111111011
0111111101
0111111110
0111111111
0111111111
0111111111
0111111110
0111111101
0111111011
0111111001
0111110110
0111110011
0111101111
0111101011
0111100110
0111100001
0111011011
0111010101
0111001110
0111000111
0111000000
0110111000
0110101111
0110100111
0110011101
0110010100
0110001010
0101111111
0101110101
0101101001
0101011110
0101010010
0101000110
0100111001
0100101100
0100011111
0100010010
0100000100
0011110110
0011101000
0011011010
0011001011
0010111100
0010101101
0010011110
0010001111
0001111111
0001101111
0001100000
0001010000
0001000000
0000110000
0000100000
0000010000
0000000000
1111110000
1111100000
1111010000
1111000000
1110110000
1110100000
1110010001
1110000001
1101110001
1101100010
1101010011
1101000100
1100110101
1100100110
1100011000
1100001010
1011111100
1011101110
1011100001
1011010100
1011000111
1010111010
1010101110
1010100010
1010010111
1010001011
1010000001
1001110110
1001101100
1001100011
1001011001
1001010001
1001001000
1001000000
1000111001
1000110010
1000101011
1000100101
1000011111
1000011010
1000010101
1000010001
1000001101
1000001010
1000000111
1000000101
1000000011
1000000010
1000000001
1000000001
1000000001
1000000010
1000000011
1000000101
1000000111
1000001010
1000001101
1000010001
1000010101
1000011010
1000011111
1000100101
1000101011
1000110010
1000111001
1001000000
1001001000
1001010001
1001011001
1001100011
1001101100
1001110110
1010000001
1010001011
1010010111
1010100010
1010101110
1010111010
1011000111
1011010100
1011100001
1011101110
1011111100
1100001010
1100011000
1100100110
1100110101
1101000100
1101010011
1101100010
1101110001
1110000001
1110010001
1110100000
1110110000
1111000000
1111010000
1111100000
1111110000
0000000000
0000010000
0000100000
0000110000
0001000000
0001010000
0001100000
0001101111
0001111111
0010001111
0010011110
0010101101
0010111100
0011001011
0011011010
0011101000
0011110110
0100000100
0100010010
0100011111
0100101100
0100111001
0101000110
0101010010
0101011110
0101101001
0101110101
0101111111
0110001010
0110010100
0110011101
0110100111
0110101111
0110111000
0111000000
0111000111
0111001110
0111010101
0111011011
0111100001
0111100110
0111101011
0111101111
0111110011
0111110110
0111111001
0111111011
0111111101
0111111110
0111111111
0111111111
0111111111
0111111110
0111111101
0111111011
0111111001
0111110110
0111110011
0111101111
0111101011
0111100110
0111100001
0111011011
0111010101
0111001110
0111000111
0111000000
0110111000
0110101111
0110100111
0110011101
0110010100
0110001010
0101111111
0101110101
0101101001
0101011110
0101010010
0101000110
0100111001
0100101100
0100011111
0100010010
0100000100
0011110110
0011101000
0011011010
0011001011
0010111100
0010101101
0010011110
0010001111
0001111111
0001101111
0001100000
0001010000
0001000000
0000110000
0000100000
0000010000
0000000000
1111110000
1111100000
1111010000
1111000000
1110110000
1110100000
1110010001
1110000001
1101110001
1101100010
1101010011
1101000100
1100110101
1100100110
1100011000
1100001010
1011111100
1011101110
1011100001
1011010100
1011000111
1010111010
1010101110
1010100010
1010010111
1010001011
1010000001
1001110110
1001101100
1001100011
1001011001
1001010001
1001001000
1001000000
1000111001
1000110010
1000101011
1000100101
1000011111
1000011010
1000010101
1000010001
1000001101
1000001010
1000000111
1000000101
1000000011
1000000010
1000000001
1000000001
1000000001
1000000010
1000000011
1000000101
1000000111
1000001010
1000001101
1000010001
1000010101
1000011010
1000011111
1000100101
1000101011
1000110010
1000111001
1001000000
1001001000
1001010001
1001011001
1001100011
1001101100
1001110110
1010000001
1010001011
1010010111
1010100010
1010101110
1010111010
1011000111
1011010100
1011100001
1011101110
1011111100
1100001010
1100011000
1100100110
1100110101
1101000100
1101010011
1101100010
1101110001
1110000001
1110010001
1110100000
1110110000
1111000000
1111010000
1111100000
1111110000
0000000000
0000010000
0000100000
0000110000
0001000000
0001010000
0001100000
0001101111
0001111111
0010001111
0010011110
0010101101
0010111100
0011001011
0011011010
0011101000
0011110110
0100000100
0100010010
0100011111
0100101100
0100111001
0101000110
0101010010
0101011110
0101101001
0101110101
0101111111
0110001010
0110010100
0110011101
0110100111
0110101111
0110111000
0111000000
0111000111
0111001110
0111010101
0111011011
0111100001
0111100110
0111101011
0111101111
0111110011
0111110110
0111111001
0111111011
0111111101
0111111110
0111111111
0111111111
0111111111
0111111110
0111111101
0111111011
0111111001
0111110110
0111110011
0111101111
0111101011
0111100110
0111100001
0111011011
0111010101
0111001110
0111000111
0111000000
0110111000
0110101111
0110100111
0110011101
0110010100
0110001010
0101111111
0101110101
0101101001
0101011110
0101010010
0101000110
0100111001
0100101100
0100011111
0100010010
0100000100
0011110110
0011101000
0011011010
0011001011
0010111100
0010101101
0010011110
0010001111
0001111111
0001101111
0001100000
0001010000
0001000000
0000110000
0000100000
0000010000
0000000000
1111110000
1111100000
1111010000
1111000000
1110110000
1110100000
1110010001
1110000001
1101110001
1101100010
1101010011
1101000100
1100110101
1100100110
1100011000
1100001010
1011111100
1011101110
1011100001
1011010100
1011000111
1010111010
1010101110
1010100010
1010010111
1010001011
1010000001
1001110110
1001101100
1001100011
1001011001
1001010001
1001001000
1001000000
1000111001
1000110010
1000101011
1000100101
1000011111
1000011010
1000010101
1000010001
1000001101
1000001010
1000000111
1000000101
1000000011
1000000010
1000000001
1000000001
1000000001
1000000010
1000000011
1000000101
1000000111
1000001010
1000001101
1000010001
1000010101
1000011010
1000011111
1000100101
1000101011
1000110010
1000111001
1001000000
1001001000
1001010001
1001011001
1001100011
1001101100
1001110110
1010000001
1010001011
1010010111
1010100010
1010101110
1010111010
1011000111
1011010100
1011100001
1011101110
1011111100
1100001010
1100011000
1100100110
1100110101
1101000100
1101010011
1101100010
1101110001
1110000001
1110010001
1110100000
1110110000
1111000000
1111010000
1111100000
1111110000
0000000000
0000010000
0000100000
0000110000
0001000000
0001010000
0001100000
0001101111
0001111111
0010001111
0010011110
0010101101
0010111100
0011001011
0011011010
0011101000
0011110110
0100000100
0100010010
0100011111
0100101100
0100111001
0101000110
0101010010
0101011110
0101101001
0101110101
0101111111
0110001010
0110010100
0110011101
0110100111
0110101111
0110111000
0111000000
0111000111
0111001110
0111010101
0111011011
0111100001
0111100110
0111101011
0111101111
0111110011
0111110110
0111111001
0111111011
0111111101
0111111110
0111111111
0111111111
0111111111
0111111110
0111111101
0111111011
0111111001
0111110110
0111110011
0111101111
0111101011
0111100110
0111100001
0111011011
0111010101
0111001110
0111000111
0111000000
0110111000
0110101111
0110100111
0110011101
0110010100
0110001010
0101111111
0101110101
0101101001
0101011110
0101010010
0101000110
0100111001
0100101100
0100011111
0100010010
0100000100
0011110110
0011101000
0011011010
0011001011
0010111100
0010101101
0010011110
0010001111
0001111111
0001101111
0001100000
0001010000
0001000000
0000110000
0000100000
0000010000
0000000000
1111110000
1111100000
1111010000
1111000000
1110110000
1110100000
1110010001
1110000001
1101110001
1101100010
1101010011
1101000100
1100110101
1100100110
1100011000
1100001010
1011111100
1011101110
1011100001
1011010100
1011000111
1010111010
1010101110
1010100010
1010010111
1010001011
1010000001
1001110110
1001101100
1001100011
1001011001
1001010001
1001001000
1001000000
1000111001
1000110010
1000101011
1000100101
1000011111
1000011010
1000010101
1000010001
1000001101
1000001010
1000000111
1000000101
1000000011
1000000010
1000000001
1000000001
1000000001
1000000010
1000000011
1000000101
1000000111
1000001010
1000001101
1000010001
1000010101
1000011010
1000011111
1000100101
1000101011
1000110010
1000111001
1001000000
1001001000
1001010001
1001011001
1001100011
1001101100
1001110110
1010000001
1010001011
1010010111
1010100010
1010101110
1010111010
1011000111
1011010100
1011100001
1011101110
1011111100
1100001010
1100011000
1100100110
1100110101
1101000100
1101010011
1101100010
1101110001
1110000001
1110010001
1110100000
1110110000
1111000000
1111010000
1111100000
1111110000
0000000000
0000010000
0000100000
0000110000
0001000000
0001010000
0001100000
0001101111
0001111111
0010001111
0010011110
0010101101
0010111100
0011001011
0011011010
0011101000
0011110110
0100000100
0100010010
0100011111
0100101100
0100111001
0101000110
0101010010
0101011110
0101101001
0101110101
0101111111
0110001010
0110010100
0110011101
0110100111
0110101111
0110111000
0111000000
0111000111
0111001110
0111010101
0111011011
0111100001
0111100110
0111101011
0111101111
0111110011
0111110110
0111111001
0111111011
0111111101
0111111110
0111111111
0111111111
0111111111
0111111110
0111111101
0111111011
0111111001
0111110110
0111110011
0111101111
0111101011
0111100110
0111100001
0111011011
0111010101
0111001110
0111000111
0111000000
0110111000
0110101111
0110100111
0110011101
0110010100
0110001010
0101111111
0101110101
0101101001
0101011110
0101010010
0101000110
0100111001
0100101100
0100011111
0100010010
0100000100
0011110110
0011101000
0011011010
0011001011
0010111100
0010101101
0010011110
0010001111
0001111111
0001101111
0001100000
0001010000
0001000000
0000110000
0000100000
0000010000
0000000000
1111110000
1111100000
1111010000
1111000000
1110110000
1110100000
1110010001
1110000001
1101110001
1101100010
1101010011
1101000100
1100110101
1100100110
1100011000
1100001010
1011111100
1011101110
1011100001
1011010100
1011000111
1010111010
1010101110
1010100010
1010010111
1010001011
1010000001
1001110110
1001101100
1001100011
1001011001
1001010001
1001001000
1001000000
1000111001
1000110010
1000101011
1000100101
1000011111
1000011010
1000010101
1000010001
1000001101
1000001010
1000000111
1000000101
1000000011
1000000010
1000000001
1000000001
1000000001
1000000010
1000000011
1000000101
1000000111
1000001010
1000001101
1000010001
1000010101
1000011010
1000011111
1000100101
1000101011
1000110010
1000111001
1001000000
1001001000
1001010001
1001011001
1001100011
1001101100
1001110110
1010000001
1010001011
1010010111
1010100010
1010101110
1010111010
1011000111
1011010100
1011100001
1011101110
1011111100
1100001010
1100011000
1100100110
1100110101
1101000100
1101010011
1101100010
1101110001
1110000001
1110010001
1110100000
1110110000
1111000000
1111010000
1111100000
1111110000
0000000000
0000010000
0000100000
0000110000
0001000000
0001010000
0001100000
0001101111
0001111111
0010001111
0010011110
0010101101
0010111100
0011001011
0011011010
0011101000
0011110110
0100000100
0100010010
0100011111
0100101100
0100111001
0101000110
0101010010
0101011110
0101101001
0101110101
0101111111
0110001010
0110010100
0110011101
0110100111
0110101111
0110111000
0111000000
0111000111
0111001110
0111010101
0111011011
0111100001
0111100110
0111101011
0111101111
0111110011
0111110110
0111111001
0111111011
0111111101
0111111110
0111111111
0111111111
0111111111
0111111110
0111111101
0111111011
0111111001
0111110110
0111110011
0111101111
0111101011
0111100110
0111100001
0111011011
0111010101
0111001110
0111000111
0111000000
0110111000
0110101111
0110100111
0110011101
0110010100
0110001010
0101111111
0101110101
0101101001
0101011110
0101010010
0101000110
0100111001
0100101100
0100011111
0100010010
0100000100
0011110110
0011101000
0011011010
0011001011
0010111100
0010101101
0010011110
0010001111
0001111111
0001101111
0001100000
0001010000
0001000000
0000110000
0000100000
0000010000
0000000000
1111110000
1111100000
1111010000
1111000000
1110110000
1110100000
1110010001
1110000001
1101110001
1101100010
1101010011
1101000100
1100110101
1100100110
1100011000
1100001010
1011111100
1011101110
1011100001
1011010100
1011000111
1010111010
1010101110
1010100010
1010010111
1010001011
1010000001
1001110110
1001101100
1001100011
1001011001
1001010001
1001001000
1001000000
1000111001
1000110010
1000101011
1000100101
1000011111
1000011010
1000010101
1000010001
1000001101
1000001010
1000000111
1000000101
1000000011
1000000010
1000000001
1000000001
1000000001
1000000010
1000000011
1000000101
1000000111
1000001010
1000001101
1000010001
1000010101
1000011010
1000011111
1000100101
1000101011
1000110010
1000111001
1001000000
1001001000
1001010001
1001011001
1001100011
1001101100
1001110110
1010000001
1010001011
1010010111
1010100010
1010101110
1010111010
1011000111
1011010100
1011100001
1011101110
1011111100
1100001010
1100011000
1100100110
1100110101
1101000100
1101010011
1101100010
1101110001
1110000001
1110010001
1110100000
1110110000
1111000000
1111010000
1111100000
1111110000
0000000000
0000010000
0000100000
0000110000
0001000000
0001010000
0001100000
0001101111
0001111111
0010001111
0010011110
0010101101
0010111100
0011001011
0011011010
0011101000
0011110110
0100000100
0100010010
0100011111
0100101100
0100111001
0101000110
0101010010
0101011110
0101101001
0101110101
0101111111
0110001010
0110010100
0110011101
0110100111
0110101111
0110111000
0111000000
0111000111
0111001110
0111010101
0111011011
0111100001
0111100110
0111101011
0111101111
0111110011
0111110110
0111111001
0111111011
0111111101
0111111110
0111111111
0111111111
0111111111
0111111110
0111111101
0111111011
0111111001
0111110110
0111110011
0111101111
0111101011
0111100110
0111100001
0111011011
0111010101
0111001110
0111000111
0111000000
0110111000
0110101111
0110100111
0110011101
0110010100
0110001010
0101111111
0101110101
0101101001
0101011110
0101010010
0101000110
0100111001
0100101100
0100011111
0100010010
0100000100
0011110110
0011101000
0011011010
0011001011
0010111100
0010101101
0010011110
0010001111
0001111111
0001101111
0001100000
0001010000
0001000000
0000110000
0000100000
0000010000
0000000000
1111110000
1111100000
1111010000
1111000000
1110110000
1110100000
1110010001
1110000001
1101110001
1101100010
1101010011
1101000100
1100110101
1100100110
1100011000
1100001010
1011111100
1011101110
1011100001
1011010100
1011000111
1010111010
1010101110
1010100010
1010010111
1010001011
1010000001
1001110110
1001101100
1001100011
1001011001
1001010001
1001001000
1001000000
1000111001
1000110010
1000101011
1000100101
1000011111
1000011010
1000010101
1000010001
1000001101
1000001010
1000000111
1000000101
1000000011
1000000010
1000000001
1000000001
1000000001
1000000010
1000000011
1000000101
1000000111
1000001010
1000001101
1000010001
1000010101
1000011010
1000011111
1000100101
1000101011
1000110010
1000111001
1001000000
1001001000
1001010001
1001011001
1001100011
1001101100
1001110110
1010000001
1010001011
1010010111
1010100010
1010101110
1010111010
1011000111
1011010100
1011100001
1011101110
1011111100
1100001010
1100011000
1100100110
1100110101
1101000100
1101010011
1101100010
1101110001
1110000001
1110010001
1110100000
1110110000
1111000000
1111010000
1111100000
1111110000
0000000000
0000010000
0000100000
0000110000
0001000000
0001010000
0001100000
0001101111
0001111111
0010001111
0010011110
0010101101
0010111100
0011001011
0011011010
0011101000
0011110110
0100000100
0100010010
0100011111
0100101100
0100111001
0101000110
0101010010
0101011110
0101101001
0101110101
0101111111
0110001010
0110010100
0110011101
0110100111
0110101111
0110111000
0111000000
0111000111
0111001110
0111010101
0111011011
0111100001
0111100110
0111101011
0111101111
0111110011
0111110110
0111111001
0111111011
0111111101
0111111110
0111111111
0111111111
0111111111
0111111110
0111111101
0111111011
0111111001
0111110110
0111110011
0111101111
0111101011
0111100110
0111100001
0111011011
0111010101
0111001110
0111000111
0111000000
0110111000
0110101111
0110100111
0110011101
0110010100
0110001010
0101111111
0101110101
0101101001
0101011110
0101010010
0101000110
0100111001
0100101100
0100011111
0100010010
0100000100
0011110110
0011101000
0011011010
0011001011
0010111100
0010101101
0010011110
0010001111
0001111111
0001101111
0001100000
0001010000
0001000000
0000110000
0000100000
0000010000
0000000000
1111110000
1111100000
1111010000
1111000000
1110110000
1110100000
1110010001
1110000001
1101110001
1101100010
1101010011
1101000100
1100110101
1100100110
1100011000
1100001010
1011111100
1011101110
1011100001
1011010100
1011000111
1010111010
1010101110
1010100010
1010010111
1010001011
1010000001
1001110110
1001101100
1001100011
1001011001
1001010001
1001001000
1001000000
1000111001
1000110010
1000101011
1000100101
1000011111
1000011010
1000010101
1000010001
1000001101
1000001010
1000000111
1000000101
1000000011
1000000010
1000000001
1000000001
1000000001
1000000010
1000000011
1000000101
1000000111
1000001010
1000001101
1000010001
1000010101
1000011010
1000011111
1000100101
1000101011
1000110010
1000111001
1001000000
1001001000
1001010001
1001011001
1001100011
1001101100
1001110110
1010000001
1010001011
1010010111
1010100010
1010101110
1010111010
1011000111
1011010100
1011100001
1011101110
1011111100
1100001010
1100011000
1100100110
1100110101
1101000100
1101010011
1101100010
1101110001
1110000001
1110010001
1110100000
1110110000
1111000000
1111010000
1111100000
1111110000
0000000000
0000010000
0000100000
0000110000
0001000000
0001010000
0001100000
0001101111
0001111111
0010001111
0010011110
0010101101
0010111100
0011001011
0011011010
0011101000
0011110110
0100000100
0100010010
0100011111
0100101100
0100111001
0101000110
0101010010
0101011110
0101101001
0101110101
0101111111
0110001010
0110010100
0110011101
0110100111
0110101111
0110111000
0111000000
0111000111
0111001110
0111010101
0111011011
0111100001
0111100110
0111101011
0111101111
0111110011
0111110110
0111111001
0111111011
0111111101
0111111110
0111111111
0111111111
0111111111
0111111110
0111111101
0111111011
0111111001
0111110110
0111110011
0111101111
0111101011
0111100110
0111100001
0111011011
0111010101
0111001110
0111000111
0111000000
0110111000
0110101111
0110100111
0110011101
0110010100
0110001010
0101111111
0101110101
0101101001
0101011110
0101010010
0101000110
0100111001
0100101100
0100011111
0100010010
0100000100
0011110110
0011101000
0011011010
0011001011
0010111100
0010101101
0010011110
0010001111
0001111111
0001101111
0001100000
0001010000
0001000000
0000110000
0000100000
0000010000
0000000000
1111110000
1111100000
1111010000
1111000000
1110110000
1110100000
1110010001
1110000001
1101110001
1101100010
1101010011
1101000100
1100110101
1100100110
1100011000
1100001010
1011111100
1011101110
1011100001
1011010100
1011000111
1010111010
1010101110
1010100010
1010010111
1010001011
1010000001
1001110110
1001101100
1001100011
1001011001
1001010001
1001001000
1001000000
1000111001
1000110010
1000101011
1000100101
1000011111
1000011010
1000010101
1000010001
1000001101
1000001010
1000000111
1000000101
1000000011
1000000010
1000000001
1000000001
1000000001
1000000010
1000000011
1000000101
1000000111
1000001010
1000001101
1000010001
1000010101
1000011010
1000011111
1000100101
1000101011
1000110010
1000111001
1001000000
1001001000
1001010001
1001011001
1001100011
1001101100
1001110110
1010000001
1010001011
1010010111
1010100010
1010101110
1010111010
1011000111
1011010100
1011100001
1011101110
1011111100
1100001010
1100011000
1100100110
1100110101
1101000100
1101010011
1101100010
1101110001
1110000001
1110010001
1110100000
1110110000
1111000000
1111010000
1111100000
1111110000
0000000000
;