110110111011
001010110111
010101110100
010100101100
010101000001
111101100010
000100100110
111110111010
111111111111
111100000011
111110001110
001001000000
000100010010
110011100010
000010100000
011000001011
111111100001
000100010100
101101000000
111000101011
111011110101
000001110001
001000001000
110001011110
111101000100
111001100101
111001001101
000011011001
001101001000
000100001101
000110000010
001010010001
001000111100
110011111111
111111110010
000001001111
010101111111
001000001111
000000101101
000011010011
101101001101
101010101101
111100100111
001011101111
000101000110
111110010111
111111101011
010001101010
001011111011
111100110000
111101000000
000000110001
000011111101
110100110101
100111000001
111011000111
010100001011
111010011110
001101000111
001010111010
000110110010
111110111001
111111101110
110110110110
110110100001
000101101111
000111111011
010010111011
111010100101
000101010111
001101111100
010011100100
111001001100
110010000001
111110000011
000100100000
111101000011
000111100001
110011000101
001010011100
001000111100
000100100000
001011011111
000101011011
000100001010
110011000011
110111100110
110010110010
110010011110
000000111001
111101111100
111101000111
000101110011
000000010111
111111110110
000100000111
111011001111
110110010111
111111100100
111011011100
001110110111
111101110100
110111001110
111110100111
001111011000
001110001101
110110011010
000000111001
000010010011
010100100001
000010110101
010010001100
111110111010
111101100001
001101001100
111111010101
111100101100
111000111010
111101101110
111100001011
001100111011
111000010001
000001100001
111111100100
100100110100
001001001101
001000000101
111100010011
101000000101
110111001010
000101000101
000110111100
111010110010
001010100101
111101001100
000000000010
110011001010
001110110101
000001010010
101111011010
100110100010
000010011001
000001000110
000011000010
111011111011
000000000011
111110001000
000000011101
001000011101
000011001101
111000101111
111010010100
001101000100
101100111110
000000010100
111111110111
111010111100
110101011000
000000111010
000100011000
010000001101
111011101101
110111100011
000000000001
000101110100
110001101011
000110011001
001000111001
111111010111
111111101100
000010110001
111010000000
111111100001
000111000100
111101000101
110101110001
001101010110
000011101111
001010010110
000101001101
110111101000
001111100010
111111110010
111000111110
111000010111
111111001010
000101110000
000011100001
111010011100
111100001110
001010001101
111001100111
111100110011
010000100110
110001000010
000010100010
111001110110
000001110111
001011111100
000100001110
001011110001
110111010001
001010111011
111100010011
111010011111
010000110000
110111001100
111100011000
000000110100
000010011010
000010101011
000111001001
000011101100
111101000010
111100100110
111101010100
110000010100
111111100000
000001111111
010011110110
000101001111
000111011100
110110001010
111010101101
101110111000
001000011000
111011000000
111010011110
000000001111
000010011001
000110110011
111110100001
000011111111
000111110111
000000100101
110000001111
000110100010
000000010101
111110010100
111000100100
001001000011
101111101111
111111100110
001000001000
111011110101
101110100111
111100011011
110101111001
010000000011
111001011100
111101111111
000101010000
000001100011
111011011110
001010111111
111110111111
000101001001
111111101110
110011111011
110110000111
000001011100
110010100111
000110001010
000011010100
000101100010
000000101011
001001110111
111001111101
000100010110
001011010111
000000010001
000110010100
111001101111
111111100111
110001111000
110110001110
111101111111
110000101101
110000100000
111111000001
111101010000
110011100000
000110101111
111100010100
000111110101
011110100010
000101101110
001011101100
111001001111
001001011100
111010010111
000011111000
001000001011
111101110101
111110110101
001001010100
001111111110
001001000001
111100001011
111100111101
111000001011
111000111101
001101011000
001001111110
111110000001
001100111110
000101101110
010100010010
110100001101
001010101100
110101001111
111010110100
001010110000
000010000100
000110111011
111000010000
010000111111
111111101011
010111101011
111001101100
110001100111
111010011011
000011011100
001011101000
111010100110
010100100011
111111110110
000110101110
111010001001
001101001100
110101011011
000110010001
000110101011
000100101101
001111011111
111001110101
011111001010
111100011001
001011000001
000010110100
111011100100
111100111111
000111000110
111100111110
010011001001
000011100011
111010000011
111111011111
000011110111
111111010100
000111001100
111110110000
000101110100
001110011010
111111101110
000010111001
010010001000
111010000111
000010110111
001110100011
110111000111
110101100001
110010011100
110111001011
111111101001
101100101000
101111001111
110001111011
111101110110
001010111101
111111101101
111011000100
111111011001
010100100110
000001111100
000001101110
000010100110
110010000010
101010010111
101101011100
001011001001
111100101011
111010001110
111101111110
000001101010
001000001100
110100110001
000001001001
000111011000
110110010001
101101101010
000010001110
000001010111
010111110100
111111100001
111111110111
111011010010
001011000010
000001000001
001111011110
000100001011
001001110000
111110110101
000001101110
111011110111
111010010110
101110011011
110010111111
000010011101
111100101100
110111000001
001100011110
000111111011
111100000101
001000111000
110101100100
010010101101
000000000101
000110110100
000100111011
111001101100
001001111010
000101110000
111001000110
000010001100
110101000001
111101001100
110001111101
111010010110
111110000010
001001111000
111110011100
111000100110
111111111101
110101011000
111010000110
001110010111
000001001100
111000101010
111111000100
111001111010
111001100100
111101111111
111011111001
000001010010
001110011100
111101010010
111100110011
000111111110
000111100000
000101011101
000000010111
110101101110
000110001111
111101100001
000001100000
111011101011
000100001000
111101100010
111010110010
110011000100
110110010110
010000001000
010011010000
110110101010
111110111110
000000100101
111011111111
010000110000
000101000111
111010010110
110100100111
000000111000
000000100111
110011011110
000110001011
000000100001
001100000101
111101111000
000100101101
111010000011
000000001000
001011000101
001100111001
000000110011
010111010000
111111001110
001011110000
000010010001
111100111110
010000110110
000010101000
111101100011
111110010110
000010111111
111111111100
000000100110
111110011110
110111001110
111111110000
110001111011
111110100011
000000110101
000011000101
001000011001
110101010011
110100111011
010010011010
011000101100
001000010111
111010110100
000101011001
000001110001
101101001000
000000101000
111110111001
000100001001
000000110110
100000000001
110101101011
110010100110
111000110001
101111000011
111101100101
110111100100
000101011000
111001101000
000101010110
110011010100
101110100011
110110111011
000101100110
001010011111
111010011010
001110001111
111110111001
000001001000
111101010110
111010111011
000010011001
000101001111
111110000111
100111011100
010011101100
110111010000
010001100100
001001010010
100111100100
111111111101
000010010011
000111001111
000101011010
000101010001
000010101010
000011101111
001111010011
000100101101
111110011001
000000000110
000101110001
111111101010
111000110001
110110011111
000010101110
001000111011
001011111011
001000001111
111001010101
000111011111
110110110101
111110110111
110011101001
001100001010
000100000111
001000011110
111110110110
000010110010
110110001001
110100000101
110110100101
010000011110
000011010110
111101000110
111011011010
110110010101
001011111000
001000111101
000100001001
000100000101
001011110110
001010010110
001101010110
110110110111
111010001011
001011000000
001001111111
001001111111
000001001111
000010010101
111101000001
111111101010
001100100011
000010110100
000010001110
000011101110
110000110100
010010101010
111011000111
010011011111
111111110001
000101110110
111011100010
001110110000
000001000010
000000001011
000101001011
001010001011
110110100111
110011101010
000110100011
000010101011
110000000011
001000110000
111010100001
000100011100
001010101011
001000100100
111001111110
111111101011
001000011100
001011010010
000101011010
001110000011
001000100001
000100110101
111001011101
000010101101
000110111010
001001101010
111111111010
111111000101
001010001110
001011111011
000000100010
111001101011
000000001111
000001111001
000101110001
100010000000
001101100100
101111110101
111000000010
110001101000
111000101111
110011110111
000011101011
001101001001
110111110111
111001110011
110100110000
000110010110
110101000110
111111000111
111000000011
111100011101
000010110100
000110001110
110011101101
110110000110
111000111001
111001000011
000101001010
111010011111
111000000010
101010001001
111100011011
000100000001
001000000101
000110100000
111010000010
111000101011
001100001000
101000000011
001010111111
000001001110
110111000110
000100111000
111000100111
001010110010
010000000110
001111100000
111110101000
111000000010
111000001001
110110011001
111010000110
101011110101
000011101111
000101011110
111110001001
111000001110
000000001101
111010011111
111101000110
000101010010
000101100111
110100001011
001000101100
111010010111
110100111101
101000000001
110011011101
000000001111
111001100010
101111001010
001001001111
001110111001
111110100010
000011010111
001100011001
111011011001
111001100101
000101101011
111111000101
111100010100
111100100000
000001001011
001001111111
000100010100
001011100100
001010110000
000001111101
111011101111
111001101000
000100001110
001000100111
000011110100
000101001001
111001000001
111000001010
101011010010
001111001000
110110111011
000011001001
001011001101
000000101001
110001101010
101111100011
001011110000
110111011010
000010101011
001000100010
001100000001
000011000010
000100101011
000000011110
000001100011
111011111100
111011001001
111110100101
111100000100
000000111000
000101000111
000000001100
001000000110
111101101100
001011100110
110110100111
000001000100
110011101011
111000101011
110111001100
000100010000
111101000010
111000110110
000000110111
111111100100
111100011010
110100111000
000110010101
000001011001
000101110011
001100001100
110100101011
000010011100
110100110110
111101011000
000000111110
110011001101
110100000010
000010001001
000000110011
001000010011
101110111111
000101001001
000100011000
001101010010
111111101000
000001101001
000000000111
110111011111
000100001111
110010100011
111000000110
000000101010
000101110000
000110011111
000001111101
010001101001
001101011100
111000110011
001100001111
000101000001
010001100101
000101100110
000000011011
000100000000
010011001000
000000010101
101010110100
101111010010
110110110110
110011100010
111001000101
111100100010
111001101001
110000111100
111100101011
000111101110
111100111111
110101111000
000001001111
111101010101
000001100001
000011011000
101011010100
000101111101
000010111011
111010101101
000101100001
000011011100
000101010010
110011010101
111010001111
111010001011
110111001001
111110111111
000110001000
001010100111
000111111110
000000101110
110101100101
111110001000
000011101000
000000010001
000000110110
111000010001
110000010110
111110010000
000110110010
000000000111
000100100111
111111011110
000101011110
001011101100
110101100110
110101000011
110101111001
001001100101
000110111110
111001001011
000011010001
110100001010
111110100100
010011011101
111110001101
000101111110
000011010110
111101111000
110110000110
101110101001
111100100011
111000101110
110101001001
000110010011
111000111011
000001111101
000011110011
111101010001
000011100001
001110111111
110010101010
111010011001
111011000100
110010010110
111111110001
000111001100
010100000111
001100101011
001010011010
110110010000
000111000001
001010111000
111110011110
000110011100
110010000000
000111111110
101111100101
110001100011
111010001000
111111000101
010011000111
000111100101
111110100111
001000011001
000001000001
111010010101
111100011111
111110011111
000101001000
000010100111
000100101001
000110000100
101100100100
001001001100
111111010000
000011011001
001010100111
000100101101
111111101010
010001011000
001000000001
111011110110
000100010011
111110100011
011001101101
111000111001
001111001100
111001111100
111001101111
111011010100
110110110111
000011010010
111100000011
000010111101
000111011111
101110111010
110001000011
001011110100
111011000101
110111010111
111100011010
000001100011
110100111100
000000100001
000100000010
111111101111
111111100001
110010101110
111001100000
110101100000
000000111110
111100111111
111011101000
111010010100
111101001100
110111100101
111100100111
110010101000
000001101011
110111001001
110011111111
001000011000
110110111111
000100000101
111111100110
010011011111
101101011110
000101000001
000101011010
000110101111
000000011001
111111000111
001010010101
110111000010
111001010000
000000011000
000011011001
101111000101
000001101011
000001010001
111111011100
111110011001
111011010111
001110011111
001111001010
111000001111
000011011111
000001110101
000111100101
111111001001
111011110100
000000011101
110011100011
111110000011
101111011000
001101011010
111011110001
000110101100
010001111000
111000001010
111100111100
111010101000
111101001010
001000110101
101110101000
001010001000
000110100010
000001101101
000101101110
111100110001
001100010011
000001000101
111010101011
111100101000
001101001000
000000100111
111101111011
000100011100
111111001110
000011011010
111110100110
000100101101
001100011001
111100001111
000110000100
111100001101
111100110110
111111011100
111101100010
111010101011
110011000111
110110010001
000101000101
001101100010
110100101011
111011100101
000111001011
111111001000
001010111011
111001000111
111100010001
101111110101
110110110011
001010110111
000010110000
111011101010
000010110011
111010010000
000100111000
101111011110
001010000001
000001010000
000101010110
111010000011
110100101000
110100010011
101110010101
000001010000
110010010001
001010110100
111010101101
001011011111
111111100000
110110101000
000001000000
001110011101
111100011001
111101001010
000011101000
000100100000
111100000100
000101100001
111001011110
111110101001
001010011100
001000100110
001101100110
000101101010
000111001000
111001111110
000011110100
000101010100
111110100101
001110010000
001100110011
111100101100
110101101111
110001101011
000001010010
111000000101
111010000001
001010111010
110111110100
000010111110
111010010111
110100110000
001010011101
000111111011
000110011110
000001100100
111111011110
000000000110
000111001110
111111111111
111001001010
111000101101
001101011000
000001000011
110001001011
111011010101
111100110110
000100110111
001101101010
001100011010
111111011011
111101110000
000100011100
000110010001
000011101101
000000100101
111001100000
111000101111
111111011110
111001101111
110101111000
000001110010
110001011000
000000011100
001000100101
111111101100
111001000110
111010100111
111111101011
111101000001
110110110010
000111011011
001001000110
111110001010
000111000001
111110001000
001101101101
110110100001
110101111111
001000010011
000110111110
000000101110
000111101000
001111110011
111011000110
111000001110
010101001001
111011001111
101010100001
000100010010
110110000110
111101011101
111001001101
111101011000
000111011111
000101101010
111010110100
110101000101
010011010001
000010110001
110010010101
000101010011
000000110101
111101101110
000101000011
111010100111
111110010101
110001010001
000001010000
111110101001
101000000101
101000101100
000110101100
111000111111
111110011110
110101011010
111110111010
110110110111
001101100000
000110101011
101100010001
001101010100
111110100011
000010110101
001001010000
000011101110
001010011100
111000001101
110101101010
000011001000
000000011101
110111010100
111111011001
110000100111
000110001100
000010010110
000110000100
001010101111
111001111101
111011111000
111111000111
000110010001
001001101110
000011100101
111111100000
001010100000
111100010101
001101000011
110101001101
111101110110
111100010101
101010111011
111001000111
111110101110
111011110010
000111000000
111011001100
000101110110
111100001100
110101111101
001010010000
000011100111
110110101111
000010010111
111111101100
111100010111
111010011100
000100101010
001001010110
111100110011
001100111010
000010111100
001001010100
111011001100
000100111110
101111100001
010100000011
111110000110
000110100010
001011011101
000111000100
110101110010
111101100001
111101010111
000011100001
000001011011
000000101111
010001111000
010001111001
010100011111
001010011001
110111111001
110000000010
111001000011
000110011101
111111011010
111111010010
111110100000
001011100111
001001010111
111110111011
000100110001
001110001100
111101111111
100101110110
001001101111
100100001100
000001101100
111111001111
111101001010
111001110110
000101100001
001011101010
000101000111
000011111110
111110101001
001001000100
000101010001
101100011101
000011001110
000100011100
111011100011
111111011100
111001111011
111110101101
111110101000
000010111010
110101110010
000100011010
000100101001
111000001100
000000010101
111100110000
000111110000
000001001111
000110111100
110010100000
000010000000
110101000000
000001111010
111001110011
000101110100
111000101000
000000101111
000001010110
111101111010
001111010101
001011010100
111001111101
101101110011
101011100100
111000001001
101100100101
111101110000
000101111100
001101100011
000101001101
111001110111
110011011011
001011001001
111110011100
011001101010
111111011010
111010110010
111011000110
001101001001
111001101101
000010111010
010101010101
000101011110
000010001101
001010111100
001000010100
111110100000
000100000100
111101111100
111111010010
111000100010
111110101101
111110000101
000111011001
111110010001
111111100101
001100101000
001000110111
110110010011
010101111100
001111000011
110110100001
000001110100
000100000110
000000110011
000011101001
111001110101
000100100000
111111101001
000110100110
001000101011
000011011100
000001100010
001110000101
000010101111
000001011000
111111001111
001101100111
111011010000
000010111000
001011101111
110010100010
110110111001
000100110000
000101110011
000000111100
000101000011
110001111011
111100001000
110110111010
111001100000
110000101101
000010011001
111101010010
000101111000
110000001111
110111110101
000111010101
000100000000
110100100101
000110110110
010111111110
000111101000
000111110101
111101011111
010010000110
111000101111
010000001110
000011010001
001001111100
110100100101
000001010011
111001000101
000000011111
111100111100
001101011110
000101101001
011000000011
001011011001
000011000001
000000111011
101100110100
001010011110
111110101011
111110101001
000010100110
000000000110
000101111111
100110110000
110111100111
111100010111
001011010100
000100100000
010010110010
110010000010
000011101000
111100111010
101011001000
000010110011
001110001110
111001111111
000001001001
111100000100
000110111011
010010100100
110010010001
000110001100
111010000010
001100000011
010010100000
111101011011
101010011101
111001110001
010000111000
111101000000
000001000001
111110000101
000010101001
110110011010
000100101010
000111000100
110110000000
000000000001
111101110100
111010100110
010101001001
111101111100
111001100101
000110111101
111001010000
110110000111
001000110101
001011100010
000011010110
111101111101
111101100100
111001101101
000100000101
000110110010
001011100011
101100100100
101101010101
111010010111
000001101110
110101101110
111011011110
000111100010
000011001010
111010001110
111011101100
000011010110
010110101010
001001111001
001000000010
000010111100
110111011111
110110000011
110001110101
110100011011
001000110101
111111101000
000010101111
111011101100
110111111110
111110011111
111101011010
000000100111
111110110001
111101111111
001000111000
000000101100
111011001010
110101101100
001000000110
000101100011
101000110110
000000100011
111100011001
000010011110
000100111110
111000111010
111100100110
101111010010
000001100011
111010001100
001010110001
000100100101
110101010010
110100101000
000101110010
110000000000
000000011010
111000111110
010100011001
111111001000
001010011001
111010000101
111010000010
111010101100
000010100011
101110001111
110011110110
000110111111
110110000001
111110000101
111101100010
000100101100
110110011111
000110010100
110101110000
110011010100
111111001111
111011001001
110110101101
000010010010
111011001000
001001010010
111101111001
000101011110
010001000001
101110011111
110100111010
001011110011
110101001111
111111011000
000010001010
000111101101
110001010010
111101100001
111000101111
000010110100
111110100101
000011111000
000111000001
000000101100
111000110011
001010100100
110000110001
000011111001
000100000101
000011101000
000000000011
111100110011
111111100011
111000100111
000000101100
000111101010
111001001011
001010110011
111100110001
110000000011
111101101101
001101011101
010100011100
111101101000
001010111000
110111111111
000000100010
110111101111
001000000011
000100101111
010111010010
000111101010
000011000100
111011110111
111110000000
000001011011
110111101111
110110101011
111100000001
001100001110
001001110001
000111111111
000000011011
000111011000
001100101101
000011100010
000011101001
010100111111
000110100101
111000011100
111111011000
000000100001
000000100011
000011000111
110001000111
000101000100
111110001000
111110011010
111101000001
111101100010
000001111010
110100001100
111110110011
111000110001
000110110111
111110000001
000011000001
000000101111
111110000010
000101110111
001010010100
110100000000
000010111101
111000110010
111100111101
000010111101
001110101110
000010111010
101101101110
010101101101
000000101000
111100111111
000110000000
001110001111
111111101110
001100110101
000011001111
110110100001
111100111001
111111001111
000111111101
000110000000
111101100011
000000101111
111111100001
000000001100
111101110111
000101101110
001010111000
111100111110
000111010100
110001100111
001001011111
000001111110
110111101000
001000000100
110100010010
111100100001
000100111000
000000000010
001110100011
111001110000
000000100110
110110000110
101110110101
000100001011
111001110101
110000111101
000000110111
001000100110
111011110001
010100001110
111110100111
000111011100
000001110001
010000010010
111101111111
000001100010
000111011000
001100110000
111001111000
110111011100
000101011100
000001011001
110010110001
110000001010
111110000101
001010110101
000001110010
000010001101
000101100000
000101011111
000111001000
110100110001
111001010011
000010000010
000101010110
111000011001
111011000001
111001010010
110100110100
110110000101
001100100110
111111010101
000010111011
000010110101
110111101111
000110101110
111010000100
000111010111
000101011100
000010010000
000000110110
010001010101
000110000111
000010111110
111100000000
000100010101
111101111100
101011001001
111010010010
000001100010
111111110100
110110110010
111111010101
000101100111
000101101111
000000111100
000110111000
111000100101
001000101100
110101001101
001001111111
000000100101
110111111000
010000010011
000000100001
001000111111
110001101000
111001110110
001010001100
000100011110
010011100011
000010100010
110111001100
111000000001
001011100010
110010010110
000101011011
110111110111
111010010001
111100001100
111111000001
000000011100
101100100010
000111000010
000000011011
111011010101
111000100000
111110011111
000110110100
110111001001
001100010101
111000101010
110110011100
111110111110
111100110011
000011011101
100110100000
111001101010
111011110100
111100110001
000001000001
000001000100
110111101111
110010110001
001011000000
000110011110
000001001110
000001100110
111101000110
000011100001
001100000110
111110110111
010010011100
111110001011
001010101111
101001000010
001011011010
011100001100
111101110010
001001101000
111100010110
111001111101
111100001111
110110010010
110101111001
110010101010
111100111000
111111010100
111010001010
110010010111
110100001110
000000010010
000111101111
101001001000
001001001001
000110001111
111111001001
000100000110
000010100001
110011110111
110100010011
001001101100
001010011000
001001100110
010000001011
111111111000
110101101001
111110011110
111000011100
000011000010
000101011001
001001100111
111010011100
001001000110
000010101000
001010010110
001100011001
111101010101
001110101000
111101111001
000110110111
110100011110
110110101111
111110010010
111000011110
000101111110
111100011110
110101101111
000011011101
000101001010
111100011111
111010001011
110111110101
111100001101
001010011000
111011110000
111010010001
111111000001
001110000011
000101010110
110110001010
001001110111
000101001100
001000101111
000010000101
111111011011
000001011110
000011011000
000001000110
111110110101
111000110111
111100010001
000000111110
110010110011
000110111110
000110001000
110110000100
001010101001
000010100011
111010110110
101110111010
000101100110
000101100001
111110111110
001000001110
111011000100
000110001001
000010101000
001011110110
010010011000
011011110000
000011010011
111111000001
110111011110
110011100100
001101101000
001001101101
000000101111
101111011100
000010110101
111011000000
001111000000
000001100000
110010001101
101101000110
000000011011
000010000011
001100101010
111100110110
001100001111
110010000101
001111011010
111100110110
001001101100
000010111001
000010100110
111101111001
110010001111
000001101001
000111000101
111010110100
111000110100
111101011101
000001000100
111110100111
111101111001
000010010110
110111010101
101110110101
111100000110
001000100001
001111100110
110111010111
000001011100
111101011111
000111100110
010011110101
111010000011
111110101010
111100100101
010011011101
000110010110
000001011100
000010001011
010101001000
000011111111
000001011101
110110101011
001100101101
001010001101
000011010101
001100101000
001100001011
100111000011
001010001111
000000101111
001011111111
111100001000
111010010110
111111110010
111111000110
110100000101
110010010111
000101101111
000011110010
001000101101
000110101001
010000100101
010011000010
000110110110
000000001000
000110010010
111000001010
111110111101
111101100011
000000111010
000101001000
110110111000
110110001010
101000100101
111101111110
000011000000
000100011101
110101011010
111110110010
000010101000
;