    -581
     695
    1396
    1324
    1345
    -158
     294
     -70
      -1
    -253
    -114
     576
     274
    -798
     160
    1547
     -31
     276
   -1216
    -469
    -267
     113
     520
    -930
    -188
    -411
    -435
     217
     840
     269
     386
     657
     572
    -769
     -14
      79
    1407
     527
      45
     211
   -1203
   -1363
    -217
     751
     326
    -105
     -21
    1130
     763
    -208
    -192
      49
     253
    -715
   -1599
    -313
    1291
    -354
     839
     698
     434
     -71
     -18
    -586
    -607
     367
     507
    1211
    -347
     343
     892
    1252
    -436
    -895
    -125
     288
    -189
     481
    -827
     668
     572
     288
     735
     347
     266
    -829
    -538
    -846
    -866
      57
    -132
    -185
     371
      23
     -10
     263
    -305
    -617
     -28
    -292
     951
    -140
    -562
     -89
     984
     909
    -614
      57
     147
    1313
     181
    1164
     -70
    -159
     844
     -43
    -212
    -454
    -146
    -245
     827
    -495
      97
     -28
   -1740
     589
     517
    -237
   -1531
    -566
     325
     444
    -334
     677
    -180
       2
    -822
     949
      82
   -1062
   -1630
     153
      70
     194
    -261
       3
    -120
      29
     541
     205
    -465
    -364
     836
   -1218
      20
      -9
    -324
    -680
      58
     280
    1037
    -275
    -541
       1
     372
    -917
     409
     569
     -41
     -20
     177
    -384
     -31
     452
    -187
    -655
     854
     239
     662
     333
    -536
     994
     -14
    -450
    -489
     -54
     368
     225
    -356
    -242
     653
    -409
    -205
    1062
    -958
     162
    -394
     119
     764
     270
     753
    -559
     699
    -237
    -353
    1072
    -564
    -232
      52
     154
     171
     457
     236
    -190
    -218
    -172
   -1004
     -32
     127
    1270
     335
     476
    -630
    -339
   -1096
     536
    -320
    -354
      15
     153
     435
     -95
     255
     503
      37
   -1009
     418
      21
    -108
    -476
     579
   -1041
     -26
     520
    -267
   -1113
    -229
    -647
    1027
    -420
    -129
     336
      99
    -290
     703
     -65
     329
     -18
    -773
    -633
      92
    -857
     394
     212
     354
      43
     631
    -387
     278
     727
      17
     404
    -401
     -25
    -904
    -626
    -129
    -979
    -992
     -63
    -176
    -800
     431
    -236
     501
    1954
     366
     748
    -433
     604
    -361
     248
     523
    -139
     -75
     596
    1022
     577
    -245
    -195
    -501
    -451
     856
     638
    -127
     830
     366
    1298
    -755
     684
    -689
    -332
     688
     132
     443
    -496
    1087
     -21
    1515
    -404
    -921
    -357
     220
     744
    -346
    1315
     -10
     430
    -375
     844
    -677
     401
     427
     301
     991
    -395
    1994
    -231
     705
     180
    -284
    -193
     454
    -194
    1225
     227
    -381
     -33
     247
     -44
     460
     -80
     372
     922
     -18
     185
    1160
    -377
     183
     931
    -569
    -671
    -868
    -565
     -23
   -1240
   -1073
    -901
    -138
     701
     -19
    -316
     -39
    1318
     124
     110
     166
    -894
   -1385
   -1188
     713
    -213
    -370
    -130
     106
     524
    -719
      73
     472
    -623
   -1174
     142
      87
    1524
     -31
      -9
    -302
     706
      65
     990
     267
     624
     -75
     110
    -265
    -362
   -1125
    -833
     157
    -212
    -575
     798
     507
    -251
     568
    -668
    1197
       5
     436
     315
    -404
     634
     368
    -442
     140
    -703
    -180
    -899
    -362
    -126
     632
    -100
    -474
      -3
    -680
    -378
     919
      76
    -470
     -60
    -390
    -412
    -129
    -263
      82
     924
    -174
    -205
     510
     480
     349
      23
    -658
     399
    -159
      96
    -277
     264
    -158
    -334
    -828
    -618
    1032
    1232
    -598
     -66
      37
    -257
    1072
     327
    -362
    -729
      56
      39
    -802
     395
      33
     773
    -136
     301
    -381
       8
     709
     825
      51
    1488
     -50
     752
     145
    -194
    1078
     168
    -157
    -106
     191
      -4
      38
     -98
    -562
     -16
    -901
     -93
      53
     197
     537
    -685
    -709
    1178
    1580
     535
    -332
     345
     113
   -1208
      40
     -71
     265
      54
   -2047
    -661
    -858
    -463
   -1085
    -155
    -540
     344
    -408
     342
    -812
   -1117
    -581
     358
     671
    -358
     911
     -71
      72
    -170
    -325
     153
     335
    -121
   -1572
    1260
    -560
    1124
     594
   -1564
      -3
     147
     463
     346
     337
     170
     239
     979
     301
    -103
       6
     369
     -22
    -463
    -609
     174
     571
     763
     527
    -427
     479
    -587
     -73
    -791
     778
     263
     542
     -74
     178
    -631
    -763
    -603
    1054
     214
    -186
    -294
    -619
     760
     573
     265
     261
     758
     662
     854
    -585
    -373
     704
     639
     639
      79
     149
    -191
     -22
     803
     180
     142
     238
    -972
    1194
    -313
    1247
     -15
     374
    -286
     944
      66
      11
     331
     651
    -601
    -790
     419
     171
   -1021
     560
    -351
     284
     683
     548
    -386
     -21
     540
     722
     346
     899
     545
     309
    -419
     173
     442
     618
      -6
     -59
     654
     763
      34
    -405
      15
     121
     369
   -1920
     868
   -1035
    -510
    -920
    -465
    -777
     235
     841
    -521
    -397
    -720
     406
    -698
     -57
    -509
    -227
     180
     398
    -787
    -634
    -455
    -445
     330
    -353
    -510
   -1399
    -229
     257
     517
     416
    -382
    -469
     776
   -1533
     703
      78
    -570
     312
    -473
     690
    1030
     992
     -88
    -510
    -503
    -615
    -378
   -1291
     239
     350
    -119
    -498
      13
    -353
    -186
     338
     359
    -757
     556
    -361
    -707
   -1535
    -803
      15
    -414
   -1078
     591
     953
     -94
     215
     793
    -295
    -411
     363
     -59
    -236
    -224
      75
     639
     276
     740
     688
     125
    -273
    -408
     270
     551
     244
     329
    -447
    -502
   -1326
     968
    -581
     201
     717
      41
    -918
   -1053
     752
    -550
     171
     546
     769
     194
     299
      30
      99
    -260
    -311
     -91
    -252
      56
     327
      12
     518
    -148
     742
    -601
      68
    -789
    -469
    -564
     272
    -190
    -458
      55
     -28
    -230
    -712
     405
      89
     371
     780
    -725
     156
    -714
    -168
      62
    -819
    -766
     137
      51
     531
   -1089
     329
     280
     850
     -24
     105
       7
    -545
     271
    -861
    -506
      42
     368
     415
     125
    1129
     860
    -461
     783
     321
    1125
     358
      27
     256
    1224
      21
   -1356
   -1070
    -586
    -798
    -443
    -222
    -407
    -964
    -213
     494
    -193
    -648
      79
    -171
      97
     216
   -1324
     381
     187
    -339
     353
     220
     338
    -811
    -369
    -373
    -567
     -65
     392
     679
     510
      46
    -667
    -120
     232
      17
      54
    -495
   -1002
    -112
     434
       7
     295
     -34
     350
     748
    -666
    -701
    -647
     613
     446
    -437
     209
    -758
     -92
    1245
    -115
     382
     214
    -136
    -634
   -1111
    -221
    -466
    -695
     403
    -453
     125
     243
    -175
     225
     959
    -854
    -359
    -316
    -874
     -15
     460
    1287
     811
     666
    -624
     449
     696
     -98
     412
    -896
     510
   -1051
    -925
    -376
     -59
    1223
     485
     -89
     537
      65
    -363
    -225
     -97
     328
     167
     297
     388
   -1244
     588
     -48
     217
     679
     301
     -22
    1112
     513
    -266
     275
     -93
    1645
    -455
     972
    -388
    -401
    -300
    -585
     210
    -253
     189
     479
   -1094
    -957
     756
    -315
    -553
    -230
      99
    -708
      33
     258
     -17
     -31
    -850
    -416
    -672
      62
    -193
    -280
    -364
    -180
    -539
    -217
    -856
     107
    -567
    -769
     536
    -577
     261
     -26
    1247
   -1186
     321
     346
     431
      25
     -57
     661
    -574
    -432
      24
     217
   -1083
     107
      81
     -36
    -103
    -297
     927
     970
    -497
     223
     117
     485
     -55
    -268
      29
    -797
    -125
   -1064
     858
    -271
     428
    1144
    -502
    -196
    -344
    -182
     565
   -1112
     648
     418
     109
     366
    -207
     787
      69
    -341
    -216
     840
      39
    -133
     284
     -50
     218
     -90
     301
     793
    -241
     388
    -243
    -202
     -36
    -158
    -341
    -825
    -623
     325
     866
    -725
    -283
     459
     -56
     699
    -441
    -239
   -1035
    -589
     695
     176
    -278
     179
    -368
     312
   -1058
     641
      80
     342
    -381
    -728
    -749
   -1131
      80
    -879
     692
    -339
     735
     -32
    -600
      64
     925
    -231
    -182
     232
     288
    -252
     353
    -418
     -87
     668
     550
     870
     362
     456
    -386
     244
     340
     -91
     912
     819
    -212
    -657
    -917
      82
    -507
    -383
     698
    -524
     190
    -361
    -720
     669
     507
     414
     100
     -34
       6
     462
      -1
    -438
    -467
     856
      67
    -949
    -299
    -202
     311
     874
     794
     -37
    -144
     284
     401
     237
      37
    -416
    -465
     -34
    -401
    -648
     114
    -936
      28
     549
     -20
    -442
    -345
     -21
    -191
    -590
     475
     582
    -118
     449
    -120
     877
    -607
    -641
     531
     446
      46
     488
    1011
    -314
    -498
    1353
    -305
   -1375
     274
    -634
    -163
    -435
    -168
     479
     362
    -332
    -699
    1233
     177
    -875
     339
      53
    -146
     323
    -345
    -107
    -943
      80
     -87
   -1531
   -1492
     428
    -449
     -98
    -678
     -70
    -585
     864
     427
   -1263
     852
     -93
     181
     592
     238
     668
    -499
    -662
     200
      29
    -556
     -39
    -985
     396
     150
     388
     687
    -387
    -264
     -57
     401
     622
     229
     -32
     672
    -235
     835
    -691
    -138
    -235
   -1349
    -441
     -82
    -270
     448
    -308
     374
    -244
    -643
     656
     231
    -593
     151
     -20
    -233
    -356
     298
     598
    -205
     826
     188
     596
    -308
     318
   -1055
    1283
    -122
     418
     733
     452
    -654
    -159
    -169
     225
      91
      47
    1144
    1145
    1311
     665
    -519
   -1022
    -445
     413
     -38
     -46
     -96
     743
     599
     -69
     305
     908
    -129
   -1674
     623
   -1780
     108
     -49
    -182
    -394
     353
     746
     327
     254
     -87
     580
     337
   -1251
     206
     284
    -285
     -36
    -389
     -83
     -88
     186
    -654
     282
     297
    -500
      21
    -208
     496
      79
     444
    -864
     128
    -704
     122
    -397
     372
    -472
      47
      86
    -134
     981
     724
    -387
   -1165
   -1308
    -503
   -1243
    -144
     380
     867
     333
    -393
    -805
     713
    -100
    1642
     -38
    -334
    -314
     841
    -403
     186
    1365
     350
     141
     700
     532
     -96
     260
    -132
     -46
    -478
     -83
    -123
     473
    -111
     -27
     808
     567
    -621
    1404
     963
    -607
     116
     262
      51
     233
    -395
     288
     -23
     422
     555
     220
      98
     901
     175
      88
     -49
     871
    -304
     184
     751
    -862
    -583
     304
     371
      60
     323
    -901
    -248
    -582
    -416
    -979
     153
    -174
     376
   -1009
    -523
     469
     256
    -731
     438
    1534
     488
     501
    -161
    1158
    -465
    1038
     209
     636
    -731
      83
    -443
      31
    -196
     862
     361
    1539
     729
     193
      59
   -1228
     670
     -85
     -87
     166
       6
     383
   -1616
    -537
    -233
     724
     288
    1202
    -894
     232
    -198
   -1336
     179
     910
    -385
      73
    -252
     443
    1188
    -879
     396
    -382
     771
    1184
    -165
   -1379
    -399
    1080
    -192
      65
    -123
     169
    -614
     298
     452
    -640
       1
    -140
    -346
    1353
    -132
    -411
     445
    -432
    -633
     565
     738
     214
    -131
    -156
    -403
     261
     434
     739
   -1244
   -1195
    -361
     110
    -658
    -290
     482
     202
    -370
    -276
     214
    1450
     633
     514
     188
    -545
    -637
    -907
    -741
     565
     -24
     175
    -276
    -514
     -97
    -166
      39
     -79
    -129
     568
      44
    -310
    -660
     518
     355
   -1482
      35
    -231
     158
     318
    -454
    -218
   -1070
      99
    -372
     689
     293
    -686
    -728
     370
   -1024
      26
    -450
    1305
     -56
     665
    -379
    -382
    -340
     163
   -1137
    -778
     447
    -639
    -123
    -158
     300
    -609
     404
    -656
    -812
     -49
    -311
    -595
     146
    -312
     594
    -135
     350
    1089
   -1121
    -710
     755
    -689
     -40
     138
     493
    -942
    -159
    -465
     180
     -91
     248
     449
      44
    -461
     676
    -975
     249
     261
     232
       3
    -205
     -29
    -473
      44
     490
    -437
     691
    -207
   -1021
    -147
     861
    1308
    -152
     696
    -513
      34
    -529
     515
     303
    1490
     490
     196
    -265
    -128
      91
    -529
    -597
    -255
     782
     625
     511
      27
     472
     813
     226
     233
    1343
     421
    -484
     -40
      33
      35
     199
    -953
     324
    -120
    -102
    -191
    -158
     122
    -756
     -77
    -463
     439
    -127
     193
      47
    -126
     375
     660
    -768
     189
    -462
    -195
     189
     942
     186
   -1170
    1389
      40
    -193
     384
     911
     -18
     821
     207
    -607
    -199
     -49
     509
     384
    -157
      47
     -31
      12
    -137
     366
     696
    -194
     468
    -921
     607
     126
    -536
     516
    -750
    -223
     312
       2
     931
    -400
      38
    -634
   -1099
     267
    -395
    -963
      55
     550
    -271
    1294
     -89
     476
     113
    1042
    -129
      98
     472
     816
    -392
    -548
     348
      89
    -847
   -1014
    -123
     693
     114
     141
     352
     351
     456
    -719
    -429
     130
     342
    -487
    -319
    -430
    -716
    -635
     806
     -43
     187
     181
    -529
     430
    -380
     471
     348
     144
      54
    1109
     391
     190
    -256
     277
    -132
   -1335
    -366
      98
     -12
    -590
     -43
     359
     367
      60
     440
    -475
     556
    -691
     639
      37
    -520
    1043
      33
     575
    -920
    -394
     652
     286
    1251
     162
    -564
    -511
     738
    -874
     347
    -521
    -367
    -244
     -63
      28
   -1246
     450
      27
    -299
    -480
     -97
     436
    -567
     789
    -470
    -612
     -66
    -205
     221
   -1632
    -406
    -268
    -207
      65
      68
    -529
    -847
     704
     414
      78
     102
    -186
     225
     774
     -73
    1180
    -117
     687
   -1470
     730
    1804
    -142
     616
    -234
    -387
    -241
    -622
    -647
    -854
    -200
     -44
    -374
    -873
    -754
      18
     495
   -1464
     585
     399
     -55
     262
     161
    -777
    -749
     620
     664
     614
    1035
      -8
    -663
     -98
    -484
     194
     345
     615
    -356
     582
     168
     662
     793
    -171
     936
    -135
     439
    -738
    -593
    -110
    -482
     382
    -226
    -657
     221
     330
    -225
    -373
    -523
    -243
     664
    -272
    -367
     -63
     899
     342
    -630
     631
     332
     559
     133
     -37
      94
     216
      70
     -75
    -457
    -239
      62
    -845
     446
     392
    -636
     681
     163
    -330
   -1094
     358
     353
     -66
     526
    -316
     393
     168
     758
    1176
    1776
     211
     -63
    -546
    -796
     872
     621
      47
   -1060
     181
    -320
     960
      96
    -883
   -1210
      27
     131
     810
    -202
     783
    -891
     986
    -202
     620
     185
     166
    -135
    -881
     105
     453
    -332
    -460
    -163
      68
     -89
    -135
     150
    -555
   -1099
    -250
     545
     998
    -553
      92
    -161
     486
    1269
    -381
     -86
    -219
    1245
     406
      92
     139
    1352
     255
      93
    -597
     813
     653
     213
     808
     779
   -1597
     655
      47
     767
    -248
    -362
     -14
     -58
    -763
    -873
     367
     242
     557
     425
    1061
    1218
     438
       8
     402
    -502
     -67
    -157
      58
     328
    -584
    -630
   -1499
    -130
     192
     285
    -678
     -78
     168
;